0.083932 11.7
0.08376 12.9
0.083588 12.9
0.08341600000000002 11.8
0.08324400000000001 11.9
0.08307200000000001 13.3
0.0829 11.6
0.082728 11.6
0.08255600000000002 13.1
0.08238400000000001 11.8
0.08221200000000001 10.2
0.08204 11.8
0.081868 11.7
0.08169600000000002 11.0
0.08152400000000001 10.4
0.08135200000000001 11.9
0.08118 12.1
0.081008 12.7
0.08083600000000002 14.5
0.08066400000000001 11.1
0.08049200000000001 11.3
0.08032 10.7
0.080148 11.9
0.07997600000000002 11.8
0.07980400000000001 13.3
0.07963200000000001 11.1
0.07946 13.3
0.079288 11.0
0.07911600000000002 14.7
0.07894400000000001 13.2
0.07877200000000001 11.4
0.0786 14.1
0.078428 10.0
0.07825600000000002 13.7
0.07808400000000001 11.2
0.07791200000000001 12.8
0.07774 14.4
0.077568 12.0
0.07739600000000002 12.3
0.07722400000000001 13.5
0.07705200000000001 13.2
0.07688 14.9
0.076708 12.6
0.07653600000000002 14.2
0.07636400000000002 13.1
0.07619200000000001 15.7
0.07602 14.4
0.075848 13.2
0.07567600000000002 16.6
0.07550400000000002 15.0
0.07533200000000001 15.2
0.07516 13.4
0.074988 14.8
0.07481600000000002 15.4
0.07464400000000002 15.0
0.07447200000000001 16.3
0.0743 16.1
0.074128 16.9
0.07395600000000002 14.5
0.07378400000000002 15.3
0.07361200000000001 15.9
0.07344 14.8
0.073268 14.4
0.073096 17.0
0.07292400000000002 16.6
0.07275200000000001 14.7
0.07258 15.4
0.072408 15.0
0.072236 17.1
0.07206400000000002 17.2
0.07189200000000001 16.9
0.07172 16.9
0.071548 16.6
0.071376 17.4
0.07120400000000002 13.5
0.07103200000000001 15.4
0.07086 15.7
0.070688 15.8
0.070516 15.0
0.07034400000000002 14.9
0.07017200000000001 14.3
0.07 15.9
0.069828 13.3
0.069656 14.1
0.06948400000000002 17.4
0.06931200000000001 14.5
0.06914000000000001 16.4
0.068968 15.9
0.068796 14.7
0.06862400000000002 14.5
0.06845200000000001 14.5
0.06828000000000001 14.4
0.068108 13.9
0.067936 15.6
0.06776400000000002 14.8
0.06759200000000001 15.2
0.06742000000000001 15.3
0.067248 15.2
0.067076 15.3
0.06690400000000002 16.0
0.06673200000000001 15.5
0.06656000000000001 17.9
0.066388 16.6
0.066216 14.9
0.06604400000000002 18.8
0.06587200000000001 18.4
0.06570000000000001 18.9
0.065528 19.1
0.06535600000000001 19.1
0.065184 16.8
0.06501200000000001 20.6
0.06484000000000001 20.8
0.064668 19.1
0.06449600000000001 18.6
0.064324 19.0
0.06415200000000001 17.2
0.06398000000000001 20.4
0.063808 19.4
0.06363600000000001 18.6
0.063464 18.6
0.063292 21.7
0.06312000000000001 17.6
0.062948 17.4
0.06277600000000001 17.5
0.062604 15.7
0.062432 15.1
0.06226000000000001 17.0
0.062088000000000004 16.5
0.06191600000000001 18.4
0.06174400000000001 14.7
0.061572 13.9
0.06140000000000001 15.5
0.061228000000000005 16.0
0.06105600000000001 14.1
0.06088400000000001 15.5
0.060712 14.8
0.06054000000000001 15.0
0.060368000000000005 15.2
0.06019600000000001 16.0
0.06002400000000001 15.0
0.059852 15.9
0.05968000000000001 17.1
0.059508000000000005 15.2
0.059336000000000014 16.3
0.05916400000000001 17.6
0.058992 17.1
0.05882000000000001 15.8
0.058648000000000006 17.8
0.058476000000000014 17.1
0.05830400000000001 13.6
0.058132 15.5
0.05796000000000001 15.2
0.057788000000000006 13.3
0.057616000000000014 14.7
0.05744400000000001 17.7
0.057272 14.3
0.05710000000000001 17.2
0.056928000000000006 17.5
0.056756 14.9
0.05658400000000001 15.5
0.056412000000000004 14.8
0.05624000000000001 17.9
0.05606800000000001 16.4
0.055896 16.8
0.05572400000000001 16.0
0.055552000000000004 15.6
0.05538000000000001 16.5
0.05520800000000001 13.3
0.055036 15.7
0.05486400000000001 15.9
0.054692000000000005 14.3
0.05452000000000001 17.3
0.05434800000000001 15.2
0.054176 15.1
0.05400400000000001 11.8
0.053832000000000005 14.4
0.05366000000000001 13.3
0.05348800000000001 14.2
0.053316 15.0
0.05314400000000001 15.5
0.052972000000000005 13.3
0.052800000000000014 15.9
0.05262800000000001 12.8
0.052456 14.8
0.05228400000000001 15.2
0.052112000000000006 16.1
0.051940000000000014 14.3
0.05176800000000001 16.9
0.051596 15.8
0.05142400000000001 15.4
0.051252000000000006 15.8
0.051080000000000014 14.2
0.05090800000000001 14.9
0.050736 15.8
0.05056400000000001 18.5
0.04746800000000001 20.5
0.047296000000000005 20.4
0.04712400000000001 22.1
0.04695200000000001 23.6
0.04678 21.1
0.04660800000000001 20.6
0.046436000000000005 24.8
0.04626400000000001 23.3
0.04609200000000001 22.8
0.04592 22.0
0.04574800000000001 22.3
0.045576000000000005 20.9
0.045404000000000014 22.9
0.04523200000000001 22.6
0.04506 25.0
0.04488800000000001 25.3
0.044716000000000006 23.7
0.044544 23.9
0.04437200000000001 26.7
0.0442 26.8
0.04402800000000001 26.1
0.043856000000000006 26.6
0.043684 26.8
0.04351200000000001 26.7
0.043340000000000004 27.5
0.04316800000000001 26.1
0.042996000000000006 26.7
0.042824 27.4
0.04265200000000001 26.6
0.042480000000000004 28.8
0.04230800000000001 27.5
0.04213600000000001 27.1
0.041964 26.8
0.04179200000000001 23.0
0.041620000000000004 25.7
0.04144800000000001 24.9
0.04127600000000001 25.5
0.041104 21.3
0.04093200000000001 25.7
0.040760000000000005 24.1
0.04058800000000001 22.2
0.04041600000000001 23.4
0.040244 23.6
0.04007200000000001 26.4
0.039900000000000005 24.2
0.03972800000000001 27.1
0.03955600000000001 23.6
0.039384 21.2
0.03921200000000001 25.9
0.039040000000000005 23.2
0.038868000000000014 24.4
0.03869600000000001 21.8
0.038524 21.8
0.03835200000000001 23.5
0.038180000000000006 19.8
0.038008 21.3
0.03783600000000001 19.1
0.037664 21.4
0.03749200000000001 21.9
0.037320000000000006 18.4
0.037148 23.7
0.03697600000000001 20.8
0.036804 21.8
0.03663200000000001 20.9
0.036460000000000006 20.6
0.036288 18.8
0.03611600000000001 21.8
0.035944000000000004 20.5
0.03577200000000001 19.0
0.03560000000000001 19.1
0.035428 23.1
0.03525600000000001 22.9
0.035084000000000004 22.0
0.03491200000000001 20.0
0.03474000000000001 22.4
0.034568 21.6
0.03439600000000001 21.2
0.034224000000000004 22.5
0.03405200000000001 23.9
0.03388000000000001 23.9
0.033708 25.9
0.03353600000000001 24.7
0.033364000000000005 22.3
0.03319200000000001 24.9
0.03302000000000001 26.0
0.032848 24.9
0.03267600000000001 26.3
0.032504000000000005 31.1
0.032332000000000014 34.1
0.03216000000000001 32.9
0.031988 31.8
0.03181600000000001 31.6
0.031644000000000005 34.8
0.031472 38.0
0.03130000000000001 37.8
0.031128000000000003 36.0
0.03095600000000001 43.8
0.030784000000000006 43.1
0.030612 42.6
0.03044000000000001 44.9
0.030268000000000003 52.3
0.03009600000000001 45.1
0.029924000000000006 46.4
0.029752 47.4
0.02958000000000001 50.2
0.029408000000000004 46.5
0.029236000000000012 48.9
0.029064000000000006 56.5
0.028892 57.3
0.02872000000000001 58.7
0.028548000000000004 52.9
0.028376000000000012 57.3
0.028204000000000007 65.2
0.028032 64.6
0.02786000000000001 66.2
0.027688000000000004 71.1
0.027516000000000013 73.4
0.027344000000000007 80.6
0.027172 83.7
0.02700000000000001 85.6
0.026828000000000005 83.8
0.026656000000000013 95.8
0.026484000000000008 89.8
0.026312000000000002 94.7
0.02614000000000001 91.2
0.025968000000000005 107.0
0.025796 118.8
0.025624000000000008 124.2
0.025452000000000002 121.4
0.02528000000000001 123.1
0.025108000000000005 120.2
0.024936 117.2
0.024764000000000008 103.9
0.024592000000000003 110.7
0.02442000000000001 106.4
0.024248000000000006 106.1
0.024076 105.3
0.02390400000000001 104.9
0.023732000000000003 103.2
0.02356000000000001 94.4
0.023388000000000006 94.6
0.023216 78.2
0.02304400000000001 77.4
0.022872000000000003 75.7
0.022700000000000012 71.5
0.022528000000000006 66.8
0.022356 62.1
0.02218400000000001 52.7
0.022012000000000004 57.1
0.021840000000000012 58.2
0.021668000000000007 60.9
0.021496 67.7
0.02132400000000001 64.1
0.021152000000000004 66.4
0.020980000000000013 67.4
0.020808000000000007 69.6
0.020636 78.0
0.02046400000000001 76.0
0.020292000000000004 78.6
0.020120000000000013 89.8
0.019948000000000007 97.4
0.019776000000000002 108.3
0.01960400000000001 125.9
0.019432000000000005 132.3
0.01926 141.7
0.019088000000000008 150.1
0.018916000000000002 171.7
0.01874400000000001 184.4
0.018572000000000005 193.7
0.0184 206.7
0.018228000000000008 227.4
0.018056000000000003 256.1
0.01788400000000001 267.6
0.017712000000000006 286.0
0.01754 285.1
0.01736800000000001 265.7
0.017196000000000003 244.6
0.01702400000000001 222.9
0.016852000000000006 222.6
0.01668 213.5
0.01650800000000001 204.7
0.016336000000000003 206.6
0.01616400000000001 191.9
0.015992000000000006 193.2
0.01582 182.2
0.01564800000000001 170.1
0.015476000000000004 153.8
0.015304000000000012 145.4
0.015132000000000007 139.9
0.014960000000000001 127.9
0.01478800000000001 119.4
0.014616000000000004 109.3
0.014444000000000012 98.6
0.014272000000000007 96.9
0.014100000000000001 87.6
0.011004 52.4
0.010832000000000008 50.5
0.010660000000000003 49.8
0.010488000000000011 54.5
0.010316000000000006 52.8
0.010144 52.7
0.009972000000000009 51.3
0.009800000000000003 50.1
0.009628000000000012 50.9
0.009456000000000006 48.7
0.009284 47.0
0.009112000000000009 43.3
0.008940000000000003 37.9
0.008768000000000012 45.3
0.008596000000000006 39.1
0.008424000000000001 39.4
0.00825200000000001 39.3
0.008080000000000004 39.3
0.007908000000000012 42.6
0.007736000000000007 36.7
0.007564000000000001 41.7
0.00739200000000001 39.4
0.007220000000000004 40.8
0.007047999999999999 44.6
0.006876000000000007 47.4
0.006704000000000002 49.1
0.00653200000000001 57.7
0.0063600000000000045 62.5
0.006187999999999999 73.8
0.0060160000000000075 88.4
0.005844000000000002 105.0
0.00567200000000001 124.9
0.005500000000000005 156.1
0.005327999999999999 184.2
0.005156000000000008 227.1
0.004984000000000002 315.3
0.004812000000000011 442.3
0.004640000000000005 608.9
0.004468 795.8
0.004296000000000008 893.2
0.004124000000000003 926.5
0.003952000000000011 915.1
0.0037800000000000056 866.6
0.003608 816.5
0.0034360000000000085 754.6
0.003264000000000003 712.1
0.0030920000000000045 672.3
0.002920000000000006 628.5
0.0027480000000000074 600.2
0.002576000000000009 589.2
0.0024040000000000034 591.9
0.002232000000000005 608.6
0.0020600000000000063 641.4
0.0018880000000000077 694.2
0.0017160000000000022 749.3
0.0015440000000000037 812.7
0.0013720000000000052 875.3
0.0012000000000000066 862.4
0.001028000000000008 810.7
0.0008560000000000026 704.0
0.000684000000000004 550.6
0.0005120000000000055 424.1
0.00034000000000000696 311.5
0.00016800000000000842 241.6
-3.9999999999970615e-06 196.0
-0.0001759999999999956 161.3
-0.00034799999999999415 135.3
-0.0005199999999999927 121.0
-0.0006919999999999912 108.8
-0.0008639999999999967 95.5
-0.0010359999999999953 92.5
-0.0012079999999999938 88.3
-0.0013799999999999923 80.8
-0.0015519999999999978 72.4
-0.0017239999999999964 73.1
-0.001895999999999995 73.0
-0.0020679999999999935 68.3
-0.002239999999999992 62.4
-0.0024119999999999975 62.0
-0.002583999999999996 62.7
-0.0027559999999999946 56.7
-0.002927999999999993 53.2
-0.0030999999999999917 58.8
-0.003271999999999997 59.1
-0.0034439999999999957 57.6
-0.0036159999999999942 60.7
-0.0037879999999999928 49.0
-0.003959999999999991 53.5
-0.004131999999999997 52.4
-0.004303999999999995 49.3
-0.004475999999999994 48.5
-0.004647999999999992 49.5
-0.004819999999999998 48.4
-0.0049919999999999964 44.7
-0.005163999999999995 44.9
-0.0053359999999999935 41.5
-0.005507999999999992 40.8
-0.0056799999999999976 40.5
-0.005851999999999996 40.1
-0.006023999999999995 40.2
-0.006195999999999993 39.7
-0.006367999999999992 38.1
-0.006539999999999997 35.3
-0.006711999999999996 34.4
-0.006883999999999994 31.1
-0.007055999999999993 31.2
-0.007227999999999998 30.0
-0.007399999999999997 31.2
-0.007571999999999995 29.5
-0.007743999999999994 28.5
-0.007915999999999992 25.8
-0.008087999999999998 26.8
-0.008259999999999997 24.4
-0.008431999999999995 24.3
-0.008603999999999994 25.2
-0.008775999999999992 21.8
-0.008947999999999998 22.0
-0.009119999999999996 21.4
-0.009291999999999995 20.6
-0.009463999999999993 22.2
-0.009635999999999992 19.9
-0.009807999999999997 16.5
-0.009979999999999996 19.0
-0.010151999999999994 18.1
-0.010323999999999993 14.2
-0.010495999999999998 14.3
-0.010667999999999997 15.4
-0.010839999999999995 19.1
-0.011011999999999994 16.3
-0.011183999999999993 18.1
-0.011355999999999998 15.9
-0.011527999999999997 17.1
-0.011699999999999995 17.9
-0.011871999999999994 17.7
-0.012043999999999992 14.5
-0.012215999999999998 16.3
-0.012387999999999996 15.5
-0.012559999999999995 16.9
-0.012731999999999993 15.8
-0.012903999999999992 19.8
-0.013075999999999997 17.1
-0.013247999999999996 17.0
-0.013419999999999994 18.1
-0.013591999999999993 18.9
-0.013763999999999998 19.9
-0.013935999999999997 18.7
-0.014107999999999996 18.9
-0.014279999999999994 18.1
-0.014451999999999993 19.2
-0.014623999999999998 19.6
-0.014795999999999997 18.6
-0.014967999999999995 16.8
-0.015139999999999994 19.3
-0.015311999999999992 20.6
-0.015483999999999998 21.0
-0.015655999999999996 19.3
-0.015827999999999995 19.7
-0.015999999999999993 23.9
-0.016171999999999992 19.6
-0.016343999999999997 22.9
-0.016515999999999996 20.9
-0.016687999999999995 18.7
-0.016859999999999993 21.8
-0.017032 22.0
-0.017203999999999997 22.9
-0.017375999999999996 23.5
-0.017547999999999994 22.0
-0.017719999999999993 22.6
-0.017891999999999998 25.3
-0.018063999999999997 25.3
-0.018235999999999995 22.9
-0.018407999999999994 24.8
-0.018579999999999992 25.3
-0.018751999999999998 26.5
-0.018923999999999996 28.1
-0.019095999999999995 22.9
-0.019267999999999993 24.8
-0.019439999999999992 26.5
-0.019611999999999997 29.9
-0.019783999999999996 24.0
-0.019955999999999995 29.5
-0.020127999999999993 26.3
-0.0203 28.4
-0.020471999999999997 31.0
-0.020643999999999996 30.0
-0.020815999999999994 27.2
-0.020987999999999993 32.0
-0.021159999999999998 28.9
-0.021331999999999997 30.1
-0.021503999999999995 28.3
-0.021675999999999994 31.2
-0.021847999999999992 29.1
-0.022019999999999998 29.9
-0.022191999999999996 31.0
-0.022363999999999995 28.6
-0.025459999999999997 35.1
-0.025631999999999995 38.4
-0.025803999999999994 37.7
-0.025976 34.3
-0.026147999999999998 35.7
-0.026319999999999996 35.7
-0.026491999999999995 33.2
-0.026663999999999993 34.2
-0.026836 35.6
-0.027007999999999997 35.1
-0.027179999999999996 34.8
-0.027351999999999994 38.5
-0.027523999999999993 38.2
-0.027696 39.6
-0.027867999999999997 38.0
-0.028039999999999995 37.4
-0.028211999999999994 35.4
-0.028383999999999996 39.7
-0.028555999999999995 38.8
-0.028727999999999997 34.9
-0.028899999999999995 43.5
-0.029071999999999997 44.2
-0.029243999999999996 41.7
-0.029415999999999994 38.3
-0.029587999999999996 42.9
-0.029759999999999995 42.3
-0.029931999999999997 41.0
-0.030103999999999995 46.2
-0.030275999999999997 41.6
-0.030447999999999996 40.0
-0.030619999999999994 45.1
-0.030791999999999996 42.4
-0.030963999999999995 43.3
-0.031135999999999997 46.1
-0.031307999999999996 44.1
-0.031479999999999994 43.0
-0.031652 42.4
-0.03182399999999999 46.5
-0.031996 50.2
-0.032167999999999995 44.7
-0.032339999999999994 45.0
-0.032512 47.2
-0.03268399999999999 46.3
-0.032855999999999996 50.7
-0.033027999999999995 46.8
-0.03319999999999999 49.6
-0.033372 50.5
-0.033544 45.3
-0.033715999999999996 52.2
-0.033887999999999995 47.7
-0.03405999999999999 48.0
-0.034232 48.1
-0.034404 51.2
-0.034575999999999996 45.8
-0.034748 50.4
-0.03491999999999999 48.6
-0.035092 50.4
-0.035264 46.6
-0.035435999999999995 41.3
-0.035608 44.1
-0.03577999999999999 44.2
-0.035952 39.6
-0.036123999999999996 38.9
-0.036295999999999995 40.8
-0.036468 40.5
-0.03663999999999999 40.9
-0.036812 40.5
-0.036983999999999996 38.9
-0.037155999999999995 43.2
-0.037328 42.0
-0.03749999999999999 37.0
-0.037672 40.2
-0.037843999999999996 35.1
-0.038015999999999994 34.1
-0.038188 33.9
-0.03835999999999999 34.5
-0.038532 32.9
-0.038703999999999995 31.3
-0.038875999999999994 32.1
-0.039048 34.6
-0.03921999999999999 32.1
-0.039391999999999996 37.8
-0.039563999999999995 35.9
-0.039735999999999994 39.1
-0.039908 37.2
-0.04008 36.4
-0.040251999999999996 36.3
-0.040423999999999995 35.4
-0.04059599999999999 35.2
-0.040768 32.0
-0.04094 30.5
-0.041111999999999996 28.4
-0.041284 26.3
-0.04145599999999999 26.4
-0.041628 29.0
-0.0418 32.0
-0.041971999999999995 33.2
-0.042144 34.1
-0.04231599999999999 35.1
-0.042488 27.4
-0.04266 26.7
-0.042831999999999995 30.7
-0.043004 24.9
-0.04317599999999999 33.7
-0.043348 27.7
-0.043519999999999996 28.3
-0.043691999999999995 29.6
-0.043864 27.7
-0.044036 26.0
-0.044208 22.6
-0.044379999999999996 24.1
-0.044551999999999994 25.6
-0.044724 22.4
-0.044896 24.8
-0.045068 23.2
-0.045239999999999995 23.5
-0.045411999999999994 23.6
-0.045584 21.4
-0.045756 23.7
-0.045928 19.1
-0.046099999999999995 19.5
-0.046271999999999994 17.2
-0.046444 18.5
-0.046616 15.6
-0.046787999999999996 17.3
-0.046959999999999995 17.0
-0.04713199999999999 19.6
-0.047304 17.2
-0.047476 18.3
-0.047647999999999996 19.3
-0.047819999999999994 19.5
-0.04799199999999999 19.3
-0.048164 16.3
-0.048336 18.0
-0.048507999999999996 16.4
-0.048679999999999994 17.9
-0.04885199999999999 14.8
-0.049024 18.3
-0.049196 18.6
-0.049367999999999995 16.4
-0.04954 15.7
-0.04971199999999999 15.0
-0.049884 13.4
-0.050055999999999996 15.7
-0.050227999999999995 16.1
-0.0504 14.0
-0.050572 12.8
-0.050744 11.9
-0.050915999999999996 14.5
-0.051087999999999995 10.9
-0.05126 13.9
-0.051432 11.5
-0.051604 10.6
-0.051775999999999996 10.6
-0.051947999999999994 11.3
-0.05212 9.7
-0.052292 10.6
-0.052464 9.2
-0.052635999999999995 10.9
-0.052807999999999994 11.1
-0.05298 8.7
-0.053152 9.4
-0.053323999999999996 9.9
-0.053495999999999995 8.8
-0.053667999999999993 8.9
-0.05384 9.8
-0.054012 8.9
-0.054183999999999996 10.1
-0.054355999999999995 8.6
-0.05452799999999999 9.0
-0.0547 9.0
-0.054872 9.6
-0.055043999999999996 6.8
-0.055215999999999994 7.4
-0.055388 8.8
-0.05556 9.0
-0.055732 10.0
-0.055903999999999995 7.9
-0.056075999999999994 7.3
-0.056248 8.3
-0.05642 5.6
-0.056591999999999996 7.4
-0.056763999999999995 9.1
-0.056936 7.6
-0.057108 8.9
-0.05728 10.1
-0.057451999999999996 8.1
-0.057623999999999995 7.9
-0.057796 8.5
-0.057968 7.7
-0.05814 8.7
-0.058311999999999996 8.3
-0.058483999999999994 8.1
-0.058656 9.1
-0.058828 8.6
