1.203960000000000030e-01 0.000000000000000000e+00
1.202239999999999975e-01 0.000000000000000000e+00
1.200520000000000198e-01 0.000000000000000000e+00
1.198800000000000143e-01 0.000000000000000000e+00
1.197080000000000088e-01 0.000000000000000000e+00
1.195360000000000034e-01 0.000000000000000000e+00
1.193639999999999979e-01 0.000000000000000000e+00
1.191920000000000202e-01 0.000000000000000000e+00
1.190200000000000147e-01 0.000000000000000000e+00
1.188480000000000092e-01 0.000000000000000000e+00
1.186760000000000037e-01 0.000000000000000000e+00
1.185039999999999982e-01 0.000000000000000000e+00
1.183320000000000205e-01 0.000000000000000000e+00
1.181600000000000150e-01 0.000000000000000000e+00
1.179880000000000095e-01 0.000000000000000000e+00
1.178160000000000041e-01 0.000000000000000000e+00
1.176439999999999986e-01 0.000000000000000000e+00
1.174720000000000208e-01 0.000000000000000000e+00
1.173000000000000154e-01 0.000000000000000000e+00
1.171280000000000099e-01 0.000000000000000000e+00
1.169560000000000044e-01 0.000000000000000000e+00
1.167839999999999989e-01 0.000000000000000000e+00
1.166120000000000212e-01 0.000000000000000000e+00
1.164400000000000157e-01 0.000000000000000000e+00
1.162680000000000102e-01 0.000000000000000000e+00
1.160960000000000047e-01 0.000000000000000000e+00
1.159239999999999993e-01 0.000000000000000000e+00
1.157520000000000215e-01 0.000000000000000000e+00
1.155800000000000161e-01 0.000000000000000000e+00
1.154080000000000106e-01 0.000000000000000000e+00
1.152360000000000051e-01 0.000000000000000000e+00
1.150639999999999996e-01 0.000000000000000000e+00
1.148920000000000219e-01 0.000000000000000000e+00
1.147200000000000164e-01 0.000000000000000000e+00
1.145480000000000109e-01 0.000000000000000000e+00
1.143760000000000054e-01 0.000000000000000000e+00
1.142040000000000000e-01 0.000000000000000000e+00
1.140320000000000222e-01 0.000000000000000000e+00
1.138600000000000168e-01 0.000000000000000000e+00
1.136880000000000113e-01 0.000000000000000000e+00
1.135160000000000058e-01 0.000000000000000000e+00
1.133440000000000003e-01 0.000000000000000000e+00
1.131720000000000226e-01 0.000000000000000000e+00
1.130000000000000171e-01 0.000000000000000000e+00
1.128280000000000116e-01 0.000000000000000000e+00
1.126560000000000061e-01 0.000000000000000000e+00
1.124840000000000007e-01 0.000000000000000000e+00
1.123120000000000229e-01 0.000000000000000000e+00
1.121400000000000174e-01 0.000000000000000000e+00
1.119680000000000120e-01 0.000000000000000000e+00
1.117960000000000065e-01 0.000000000000000000e+00
1.116240000000000010e-01 0.000000000000000000e+00
1.114520000000000233e-01 0.000000000000000000e+00
1.112800000000000178e-01 0.000000000000000000e+00
1.111080000000000123e-01 0.000000000000000000e+00
1.109360000000000068e-01 0.000000000000000000e+00
1.107640000000000013e-01 0.000000000000000000e+00
1.105919999999999959e-01 0.000000000000000000e+00
1.104200000000000181e-01 0.000000000000000000e+00
1.102480000000000127e-01 0.000000000000000000e+00
1.100760000000000072e-01 0.000000000000000000e+00
1.099040000000000017e-01 0.000000000000000000e+00
1.097319999999999962e-01 0.000000000000000000e+00
1.095600000000000185e-01 0.000000000000000000e+00
1.093880000000000130e-01 0.000000000000000000e+00
1.092160000000000075e-01 0.000000000000000000e+00
1.090440000000000020e-01 0.000000000000000000e+00
1.088719999999999966e-01 0.000000000000000000e+00
1.087000000000000188e-01 0.000000000000000000e+00
1.085280000000000133e-01 0.000000000000000000e+00
1.083560000000000079e-01 0.000000000000000000e+00
1.081840000000000024e-01 0.000000000000000000e+00
1.080119999999999969e-01 0.000000000000000000e+00
1.078400000000000192e-01 0.000000000000000000e+00
1.076680000000000137e-01 0.000000000000000000e+00
1.074960000000000082e-01 0.000000000000000000e+00
1.073240000000000027e-01 0.000000000000000000e+00
1.071519999999999972e-01 0.000000000000000000e+00
1.069800000000000195e-01 0.000000000000000000e+00
1.068080000000000140e-01 0.000000000000000000e+00
1.066360000000000086e-01 0.000000000000000000e+00
1.064640000000000031e-01 0.000000000000000000e+00
1.062919999999999976e-01 0.000000000000000000e+00
1.061200000000000199e-01 0.000000000000000000e+00
1.059480000000000144e-01 0.000000000000000000e+00
1.057760000000000089e-01 0.000000000000000000e+00
1.056040000000000034e-01 0.000000000000000000e+00
1.054319999999999979e-01 0.000000000000000000e+00
1.052600000000000202e-01 0.000000000000000000e+00
1.050880000000000147e-01 0.000000000000000000e+00
1.049160000000000093e-01 0.000000000000000000e+00
1.047440000000000038e-01 0.000000000000000000e+00
1.045719999999999983e-01 0.000000000000000000e+00
1.044000000000000206e-01 0.000000000000000000e+00
1.042280000000000151e-01 0.000000000000000000e+00
1.040560000000000096e-01 0.000000000000000000e+00
1.038840000000000041e-01 0.000000000000000000e+00
1.037119999999999986e-01 0.000000000000000000e+00
1.035400000000000209e-01 0.000000000000000000e+00
1.033680000000000154e-01 0.000000000000000000e+00
1.031960000000000099e-01 0.000000000000000000e+00
1.030240000000000045e-01 0.000000000000000000e+00
1.028519999999999990e-01 0.000000000000000000e+00
1.026800000000000213e-01 0.000000000000000000e+00
1.025080000000000158e-01 0.000000000000000000e+00
1.023360000000000103e-01 0.000000000000000000e+00
1.021640000000000048e-01 0.000000000000000000e+00
1.019919999999999993e-01 0.000000000000000000e+00
1.018200000000000216e-01 0.000000000000000000e+00
1.016480000000000161e-01 0.000000000000000000e+00
1.014760000000000106e-01 0.000000000000000000e+00
1.013040000000000052e-01 0.000000000000000000e+00
1.011319999999999997e-01 0.000000000000000000e+00
1.009600000000000219e-01 0.000000000000000000e+00
1.007880000000000165e-01 0.000000000000000000e+00
1.006160000000000110e-01 0.000000000000000000e+00
1.004440000000000055e-01 0.000000000000000000e+00
1.002720000000000000e-01 0.000000000000000000e+00
1.001000000000000223e-01 0.000000000000000000e+00
9.992800000000001681e-02 0.000000000000000000e+00
9.975600000000001133e-02 0.000000000000000000e+00
9.958400000000000585e-02 0.000000000000000000e+00
9.941200000000000037e-02 0.000000000000000000e+00
9.924000000000002264e-02 0.000000000000000000e+00
9.906800000000001716e-02 0.000000000000000000e+00
9.889600000000001168e-02 0.000000000000000000e+00
9.872400000000000619e-02 0.000000000000000000e+00
9.855200000000000071e-02 0.000000000000000000e+00
9.838000000000002299e-02 0.000000000000000000e+00
9.820800000000001750e-02 0.000000000000000000e+00
9.803600000000001202e-02 0.000000000000000000e+00
9.786400000000000654e-02 0.000000000000000000e+00
9.769200000000000106e-02 0.000000000000000000e+00
9.751999999999999558e-02 0.000000000000000000e+00
9.734800000000001785e-02 0.000000000000000000e+00
9.717600000000001237e-02 0.000000000000000000e+00
9.700400000000000689e-02 0.000000000000000000e+00
9.683200000000000141e-02 0.000000000000000000e+00
9.665999999999999592e-02 0.000000000000000000e+00
9.648800000000001820e-02 0.000000000000000000e+00
9.631600000000001272e-02 0.000000000000000000e+00
9.614400000000000723e-02 0.000000000000000000e+00
9.597200000000000175e-02 0.000000000000000000e+00
9.579999999999999627e-02 0.000000000000000000e+00
9.562800000000001854e-02 0.000000000000000000e+00
9.545600000000001306e-02 0.000000000000000000e+00
9.528400000000000758e-02 0.000000000000000000e+00
9.511200000000000210e-02 0.000000000000000000e+00
9.493999999999999662e-02 0.000000000000000000e+00
9.476800000000001889e-02 0.000000000000000000e+00
9.459600000000001341e-02 0.000000000000000000e+00
9.442400000000000793e-02 0.000000000000000000e+00
9.425200000000000244e-02 0.000000000000000000e+00
9.407999999999999696e-02 0.000000000000000000e+00
9.390800000000001924e-02 0.000000000000000000e+00
9.373600000000001375e-02 0.000000000000000000e+00
9.356400000000000827e-02 0.000000000000000000e+00
9.339200000000000279e-02 0.000000000000000000e+00
9.321999999999999731e-02 0.000000000000000000e+00
9.304800000000001958e-02 0.000000000000000000e+00
9.287600000000001410e-02 0.000000000000000000e+00
9.270400000000000862e-02 0.000000000000000000e+00
9.253200000000000314e-02 0.000000000000000000e+00
9.235999999999999766e-02 0.000000000000000000e+00
9.218800000000001993e-02 0.000000000000000000e+00
9.201600000000001445e-02 0.000000000000000000e+00
9.184400000000000897e-02 0.000000000000000000e+00
9.167200000000000348e-02 0.000000000000000000e+00
9.149999999999999800e-02 0.000000000000000000e+00
9.132800000000002028e-02 0.000000000000000000e+00
9.115600000000001479e-02 0.000000000000000000e+00
9.098400000000000931e-02 0.000000000000000000e+00
9.081200000000000383e-02 0.000000000000000000e+00
9.063999999999999835e-02 0.000000000000000000e+00
9.046800000000002062e-02 0.000000000000000000e+00
9.029600000000001514e-02 0.000000000000000000e+00
9.012400000000000966e-02 0.000000000000000000e+00
8.995200000000000418e-02 0.000000000000000000e+00
8.977999999999999869e-02 0.000000000000000000e+00
8.960800000000002097e-02 0.000000000000000000e+00
8.943600000000001549e-02 0.000000000000000000e+00
8.926400000000001000e-02 0.000000000000000000e+00
8.909200000000000452e-02 0.000000000000000000e+00
8.891999999999999904e-02 0.000000000000000000e+00
8.874800000000002131e-02 0.000000000000000000e+00
8.857600000000001583e-02 0.000000000000000000e+00
8.840400000000001035e-02 0.000000000000000000e+00
8.823200000000000487e-02 0.000000000000000000e+00
8.805999999999999939e-02 0.000000000000000000e+00
8.788800000000002166e-02 0.000000000000000000e+00
8.771600000000001618e-02 0.000000000000000000e+00
8.754400000000001070e-02 0.000000000000000000e+00
8.737200000000000522e-02 0.000000000000000000e+00
8.719999999999999973e-02 0.000000000000000000e+00
8.702800000000002201e-02 0.000000000000000000e+00
8.685600000000001653e-02 -5.999999999999999778e-01
8.668400000000001104e-02 -5.999999999999999778e-01
8.651200000000000556e-02 -5.999999999999999778e-01
8.634000000000000008e-02 -5.999999999999999778e-01
8.616800000000002235e-02 -5.999999999999999778e-01
8.599600000000001687e-02 -5.999999999999999778e-01
8.582400000000001139e-02 -5.999999999999999778e-01
8.565200000000000591e-02 -5.999999999999999778e-01
8.548000000000000043e-02 -5.999999999999999778e-01
8.530799999999999494e-02 -5.999999999999999778e-01
8.513600000000001722e-02 -5.999999999999999778e-01
8.496400000000001174e-02 -5.999999999999999778e-01
8.479200000000000625e-02 -5.999999999999999778e-01
8.462000000000000077e-02 -5.999999999999999778e-01
8.444799999999999529e-02 -5.999999999999999778e-01
8.427600000000001756e-02 -5.999999999999999778e-01
8.410400000000001208e-02 -5.999999999999999778e-01
8.393200000000000660e-02 1.169999999999999929e+01
8.376000000000000112e-02 1.290000000000000036e+01
8.358799999999999564e-02 1.290000000000000036e+01
8.341600000000001791e-02 1.180000000000000071e+01
8.324400000000001243e-02 1.190000000000000036e+01
8.307200000000000695e-02 1.330000000000000071e+01
8.290000000000000147e-02 1.159999999999999964e+01
8.272799999999999598e-02 1.159999999999999964e+01
8.255600000000001826e-02 1.309999999999999964e+01
8.238400000000001278e-02 1.180000000000000071e+01
8.221200000000000729e-02 1.019999999999999929e+01
8.204000000000000181e-02 1.180000000000000071e+01
8.186799999999999633e-02 1.169999999999999929e+01
8.169600000000001860e-02 1.100000000000000000e+01
8.152400000000001312e-02 1.040000000000000036e+01
8.135200000000000764e-02 1.190000000000000036e+01
8.118000000000000216e-02 1.209999999999999964e+01
8.100799999999999668e-02 1.269999999999999929e+01
8.083600000000001895e-02 1.450000000000000000e+01
8.066400000000001347e-02 1.109999999999999964e+01
8.049200000000000799e-02 1.130000000000000071e+01
8.032000000000000250e-02 1.069999999999999929e+01
8.014799999999999702e-02 1.190000000000000036e+01
7.997600000000001930e-02 1.180000000000000071e+01
7.980400000000001381e-02 1.330000000000000071e+01
7.963200000000000833e-02 1.109999999999999964e+01
7.946000000000000285e-02 1.330000000000000071e+01
7.928799999999999737e-02 1.100000000000000000e+01
7.911600000000001964e-02 1.469999999999999929e+01
7.894400000000001416e-02 1.319999999999999929e+01
7.877200000000000868e-02 1.140000000000000036e+01
7.860000000000000320e-02 1.409999999999999964e+01
7.842799999999999772e-02 1.000000000000000000e+01
7.825600000000001999e-02 1.369999999999999929e+01
7.808400000000001451e-02 1.119999999999999929e+01
7.791200000000000903e-02 1.280000000000000071e+01
7.774000000000000354e-02 1.440000000000000036e+01
7.756799999999999806e-02 1.200000000000000000e+01
7.739600000000002034e-02 1.230000000000000071e+01
7.722400000000001485e-02 1.350000000000000000e+01
7.705200000000000937e-02 1.319999999999999929e+01
7.688000000000000389e-02 1.490000000000000036e+01
7.670799999999999841e-02 1.259999999999999964e+01
7.653600000000002068e-02 1.419999999999999929e+01
7.636400000000001520e-02 1.309999999999999964e+01
7.619200000000000972e-02 1.569999999999999929e+01
7.602000000000000424e-02 1.440000000000000036e+01
7.584799999999999875e-02 1.319999999999999929e+01
7.567600000000002103e-02 1.660000000000000142e+01
7.550400000000001555e-02 1.500000000000000000e+01
7.533200000000001006e-02 1.519999999999999929e+01
7.516000000000000458e-02 1.340000000000000036e+01
7.498799999999999910e-02 1.480000000000000071e+01
7.481600000000002137e-02 1.540000000000000036e+01
7.464400000000001589e-02 1.500000000000000000e+01
7.447200000000001041e-02 1.630000000000000071e+01
7.430000000000000493e-02 1.610000000000000142e+01
7.412799999999999945e-02 1.689999999999999858e+01
7.395600000000002172e-02 1.450000000000000000e+01
7.378400000000001624e-02 1.530000000000000071e+01
7.361200000000001076e-02 1.590000000000000036e+01
7.344000000000000528e-02 1.480000000000000071e+01
7.326799999999999979e-02 1.440000000000000036e+01
7.309599999999999431e-02 1.700000000000000000e+01
7.292400000000001659e-02 1.660000000000000142e+01
7.275200000000001110e-02 1.469999999999999929e+01
7.258000000000000562e-02 1.540000000000000036e+01
7.240800000000000014e-02 1.500000000000000000e+01
7.223599999999999466e-02 1.710000000000000142e+01
7.206400000000001693e-02 1.719999999999999929e+01
7.189200000000001145e-02 1.689999999999999858e+01
7.172000000000000597e-02 1.689999999999999858e+01
7.154800000000000049e-02 1.660000000000000142e+01
7.137599999999999500e-02 1.739999999999999858e+01
7.120400000000001728e-02 1.350000000000000000e+01
7.103200000000001180e-02 1.540000000000000036e+01
7.086000000000000631e-02 1.569999999999999929e+01
7.068800000000000083e-02 1.580000000000000071e+01
7.051599999999999535e-02 1.500000000000000000e+01
7.034400000000001763e-02 1.490000000000000036e+01
7.017200000000001214e-02 1.430000000000000071e+01
7.000000000000000666e-02 1.590000000000000036e+01
6.982800000000000118e-02 1.330000000000000071e+01
6.965599999999999570e-02 1.409999999999999964e+01
6.948400000000001797e-02 1.739999999999999858e+01
6.931200000000001249e-02 1.450000000000000000e+01
6.914000000000000701e-02 1.639999999999999858e+01
6.896800000000000153e-02 1.590000000000000036e+01
6.879599999999999604e-02 1.469999999999999929e+01
6.862400000000001832e-02 1.450000000000000000e+01
6.845200000000001284e-02 1.450000000000000000e+01
6.828000000000000735e-02 1.440000000000000036e+01
6.810800000000000187e-02 1.390000000000000036e+01
6.793599999999999639e-02 1.559999999999999964e+01
6.776400000000001866e-02 1.480000000000000071e+01
6.759200000000001318e-02 1.519999999999999929e+01
6.742000000000000770e-02 1.530000000000000071e+01
6.724800000000000222e-02 1.519999999999999929e+01
6.707599999999999674e-02 1.530000000000000071e+01
6.690400000000001901e-02 1.600000000000000000e+01
6.673200000000001353e-02 1.550000000000000000e+01
6.656000000000000805e-02 1.789999999999999858e+01
6.638800000000000257e-02 1.660000000000000142e+01
6.621599999999999708e-02 1.490000000000000036e+01
6.604400000000001936e-02 1.880000000000000071e+01
6.587200000000001388e-02 1.839999999999999858e+01
6.570000000000000839e-02 1.889999999999999858e+01
6.552800000000000291e-02 1.910000000000000142e+01
6.535600000000001131e-02 1.910000000000000142e+01
6.518400000000000583e-02 1.680000000000000071e+01
6.501200000000001422e-02 2.060000000000000142e+01
6.484000000000000874e-02 2.080000000000000071e+01
6.466800000000000326e-02 1.910000000000000142e+01
6.449600000000001165e-02 1.860000000000000142e+01
6.432400000000000617e-02 1.900000000000000000e+01
6.415200000000001457e-02 1.719999999999999929e+01
6.398000000000000909e-02 2.039999999999999858e+01
6.380800000000000360e-02 1.939999999999999858e+01
6.363600000000001200e-02 1.860000000000000142e+01
6.346400000000000652e-02 1.860000000000000142e+01
6.329200000000000104e-02 2.169999999999999929e+01
6.312000000000000943e-02 1.760000000000000142e+01
6.294800000000000395e-02 1.739999999999999858e+01
6.277600000000001235e-02 1.750000000000000000e+01
6.260400000000000686e-02 1.569999999999999929e+01
6.243200000000000138e-02 1.509999999999999964e+01
6.226000000000000978e-02 1.700000000000000000e+01
6.208800000000000430e-02 1.650000000000000000e+01
6.191600000000001269e-02 1.839999999999999858e+01
6.174400000000000721e-02 1.469999999999999929e+01
6.157200000000000173e-02 1.390000000000000036e+01
6.140000000000001013e-02 1.550000000000000000e+01
6.122800000000000464e-02 1.600000000000000000e+01
6.105600000000001304e-02 1.409999999999999964e+01
6.088400000000000756e-02 1.550000000000000000e+01
6.071200000000000208e-02 1.480000000000000071e+01
6.054000000000001047e-02 1.500000000000000000e+01
6.036800000000000499e-02 1.519999999999999929e+01
6.019600000000001339e-02 1.600000000000000000e+01
6.002400000000000790e-02 1.500000000000000000e+01
5.985200000000000242e-02 1.590000000000000036e+01
5.968000000000001082e-02 1.710000000000000142e+01
5.950800000000000534e-02 1.519999999999999929e+01
5.933600000000001373e-02 1.630000000000000071e+01
5.916400000000000825e-02 1.760000000000000142e+01
5.899200000000000277e-02 1.710000000000000142e+01
5.882000000000001116e-02 1.580000000000000071e+01
5.864800000000000568e-02 1.780000000000000071e+01
5.847600000000001408e-02 1.710000000000000142e+01
5.830400000000000860e-02 1.359999999999999964e+01
5.813200000000000311e-02 1.550000000000000000e+01
5.796000000000001151e-02 1.519999999999999929e+01
5.778800000000000603e-02 1.330000000000000071e+01
5.761600000000001442e-02 1.469999999999999929e+01
5.744400000000000894e-02 1.769999999999999929e+01
5.727200000000000346e-02 1.430000000000000071e+01
5.710000000000001186e-02 1.719999999999999929e+01
5.692800000000000638e-02 1.750000000000000000e+01
5.675600000000000089e-02 1.490000000000000036e+01
5.658400000000000929e-02 1.550000000000000000e+01
5.641200000000000381e-02 1.480000000000000071e+01
5.624000000000001220e-02 1.789999999999999858e+01
5.606800000000000672e-02 1.639999999999999858e+01
5.589600000000000124e-02 1.680000000000000071e+01
5.572400000000000964e-02 1.600000000000000000e+01
5.555200000000000415e-02 1.559999999999999964e+01
5.538000000000001255e-02 1.650000000000000000e+01
5.520800000000000707e-02 1.330000000000000071e+01
5.503600000000000159e-02 1.569999999999999929e+01
5.486400000000000998e-02 1.590000000000000036e+01
5.469200000000000450e-02 1.430000000000000071e+01
5.452000000000001290e-02 1.730000000000000071e+01
5.434800000000000741e-02 1.519999999999999929e+01
5.417600000000000193e-02 1.509999999999999964e+01
5.400400000000001033e-02 1.180000000000000071e+01
5.383200000000000485e-02 1.440000000000000036e+01
5.366000000000001324e-02 1.330000000000000071e+01
5.348800000000000776e-02 1.419999999999999929e+01
5.331600000000000228e-02 1.500000000000000000e+01
5.314400000000001068e-02 1.550000000000000000e+01
5.297200000000000519e-02 1.330000000000000071e+01
5.280000000000001359e-02 1.590000000000000036e+01
5.262800000000000811e-02 1.280000000000000071e+01
5.245600000000000263e-02 1.480000000000000071e+01
5.228400000000001102e-02 1.519999999999999929e+01
5.211200000000000554e-02 1.610000000000000142e+01
5.194000000000001394e-02 1.430000000000000071e+01
5.176800000000000845e-02 1.689999999999999858e+01
5.159600000000000297e-02 1.580000000000000071e+01
5.142400000000001137e-02 1.540000000000000036e+01
5.125200000000000589e-02 1.580000000000000071e+01
5.108000000000001428e-02 1.419999999999999929e+01
5.090800000000000880e-02 1.490000000000000036e+01
5.073600000000000332e-02 1.580000000000000071e+01
5.056400000000001171e-02 1.850000000000000000e+01
5.039200000000000623e-02 -5.999999999999999778e-01
5.022000000000000075e-02 -5.999999999999999778e-01
5.004800000000000915e-02 -5.999999999999999778e-01
4.987600000000000366e-02 -5.999999999999999778e-01
4.970400000000001206e-02 -5.999999999999999778e-01
4.953200000000000658e-02 -5.999999999999999778e-01
4.936000000000000110e-02 -5.999999999999999778e-01
4.918800000000000949e-02 -5.999999999999999778e-01
4.901600000000000401e-02 -5.999999999999999778e-01
4.884400000000001241e-02 -5.999999999999999778e-01
4.867200000000000693e-02 -5.999999999999999778e-01
4.850000000000000144e-02 -5.999999999999999778e-01
4.832800000000000984e-02 -5.999999999999999778e-01
4.815600000000000436e-02 -5.999999999999999778e-01
4.798400000000001275e-02 -5.999999999999999778e-01
4.781200000000000727e-02 -5.999999999999999778e-01
4.764000000000000179e-02 -5.999999999999999778e-01
4.746800000000001019e-02 2.050000000000000000e+01
4.729600000000000470e-02 2.039999999999999858e+01
4.712400000000001310e-02 2.210000000000000142e+01
4.695200000000000762e-02 2.360000000000000142e+01
4.678000000000000214e-02 2.110000000000000142e+01
4.660800000000001053e-02 2.060000000000000142e+01
4.643600000000000505e-02 2.480000000000000071e+01
4.626400000000001345e-02 2.330000000000000071e+01
4.609200000000000796e-02 2.280000000000000071e+01
4.592000000000000248e-02 2.200000000000000000e+01
4.574800000000001088e-02 2.230000000000000071e+01
4.557600000000000540e-02 2.089999999999999858e+01
4.540400000000001379e-02 2.289999999999999858e+01
4.523200000000000831e-02 2.260000000000000142e+01
4.506000000000000283e-02 2.500000000000000000e+01
4.488800000000001122e-02 2.530000000000000071e+01
4.471600000000000574e-02 2.369999999999999929e+01
4.454400000000000026e-02 2.389999999999999858e+01
4.437200000000000866e-02 2.669999999999999929e+01
4.420000000000000318e-02 2.680000000000000071e+01
4.402800000000001157e-02 2.610000000000000142e+01
4.385600000000000609e-02 2.660000000000000142e+01
4.368400000000000061e-02 2.680000000000000071e+01
4.351200000000000900e-02 2.669999999999999929e+01
4.334000000000000352e-02 2.750000000000000000e+01
4.316800000000001192e-02 2.610000000000000142e+01
4.299600000000000644e-02 2.669999999999999929e+01
4.282400000000000095e-02 2.739999999999999858e+01
4.265200000000000935e-02 2.660000000000000142e+01
4.248000000000000387e-02 2.880000000000000071e+01
4.230800000000001226e-02 2.750000000000000000e+01
4.213600000000000678e-02 2.710000000000000142e+01
4.196400000000000130e-02 2.680000000000000071e+01
4.179200000000000970e-02 2.300000000000000000e+01
4.162000000000000421e-02 2.569999999999999929e+01
4.144800000000001261e-02 2.489999999999999858e+01
4.127600000000000713e-02 2.550000000000000000e+01
4.110400000000000165e-02 2.130000000000000071e+01
4.093200000000001004e-02 2.569999999999999929e+01
4.076000000000000456e-02 2.410000000000000142e+01
4.058800000000001296e-02 2.219999999999999929e+01
4.041600000000000747e-02 2.339999999999999858e+01
4.024400000000000199e-02 2.360000000000000142e+01
4.007200000000001039e-02 2.639999999999999858e+01
3.990000000000000491e-02 2.419999999999999929e+01
3.972800000000001330e-02 2.710000000000000142e+01
3.955600000000000782e-02 2.360000000000000142e+01
3.938400000000000234e-02 2.119999999999999929e+01
3.921200000000001074e-02 2.589999999999999858e+01
3.904000000000000525e-02 2.319999999999999929e+01
3.886800000000001365e-02 2.439999999999999858e+01
3.869600000000000817e-02 2.180000000000000071e+01
3.852400000000000269e-02 2.180000000000000071e+01
3.835200000000001108e-02 2.350000000000000000e+01
3.818000000000000560e-02 1.980000000000000071e+01
3.800800000000000012e-02 2.130000000000000071e+01
3.783600000000000851e-02 1.910000000000000142e+01
3.766400000000000303e-02 2.139999999999999858e+01
3.749200000000001143e-02 2.189999999999999858e+01
3.732000000000000595e-02 1.839999999999999858e+01
3.714800000000000046e-02 2.369999999999999929e+01
3.697600000000000886e-02 2.080000000000000071e+01
3.680400000000000338e-02 2.180000000000000071e+01
3.663200000000001177e-02 2.089999999999999858e+01
3.646000000000000629e-02 2.060000000000000142e+01
3.628800000000000081e-02 1.880000000000000071e+01
3.611600000000000921e-02 2.180000000000000071e+01
3.594400000000000373e-02 2.050000000000000000e+01
3.577200000000001212e-02 1.900000000000000000e+01
3.560000000000000664e-02 1.910000000000000142e+01
3.542800000000000116e-02 2.310000000000000142e+01
3.525600000000000955e-02 2.289999999999999858e+01
3.508400000000000407e-02 2.200000000000000000e+01
3.491200000000001247e-02 2.000000000000000000e+01
3.474000000000000699e-02 2.239999999999999858e+01
3.456800000000000150e-02 2.160000000000000142e+01
3.439600000000000990e-02 2.119999999999999929e+01
3.422400000000000442e-02 2.250000000000000000e+01
3.405200000000001281e-02 2.389999999999999858e+01
3.388000000000000733e-02 2.389999999999999858e+01
3.370800000000000185e-02 2.589999999999999858e+01
3.353600000000001025e-02 2.469999999999999929e+01
3.336400000000000476e-02 2.230000000000000071e+01
3.319200000000001316e-02 2.489999999999999858e+01
3.302000000000000768e-02 2.600000000000000000e+01
3.284800000000000220e-02 2.489999999999999858e+01
3.267600000000001059e-02 2.630000000000000071e+01
3.250400000000000511e-02 3.110000000000000142e+01
3.233200000000001351e-02 3.410000000000000142e+01
3.216000000000000802e-02 3.289999999999999858e+01
3.198800000000000254e-02 3.180000000000000071e+01
3.181600000000001094e-02 3.160000000000000142e+01
3.164400000000000546e-02 3.479999999999999716e+01
3.147199999999999998e-02 3.800000000000000000e+01
3.130000000000000837e-02 3.779999999999999716e+01
3.112800000000000289e-02 3.600000000000000000e+01
3.095600000000001129e-02 4.379999999999999716e+01
3.078400000000000580e-02 4.310000000000000142e+01
3.061200000000000032e-02 4.260000000000000142e+01
3.044000000000000872e-02 4.489999999999999858e+01
3.026800000000000324e-02 5.229999999999999716e+01
3.009600000000001163e-02 4.510000000000000142e+01
2.992400000000000615e-02 4.639999999999999858e+01
2.975200000000000067e-02 4.739999999999999858e+01
2.958000000000000906e-02 5.020000000000000284e+01
2.940800000000000358e-02 4.650000000000000000e+01
2.923600000000001198e-02 4.889999999999999858e+01
2.906400000000000650e-02 5.650000000000000000e+01
2.889200000000000101e-02 5.729999999999999716e+01
2.872000000000000941e-02 5.870000000000000284e+01
2.854800000000000393e-02 5.289999999999999858e+01
2.837600000000001232e-02 5.729999999999999716e+01
2.820400000000000684e-02 6.520000000000000284e+01
2.803200000000000136e-02 6.459999999999999432e+01
2.786000000000000976e-02 6.620000000000000284e+01
2.768800000000000427e-02 7.109999999999999432e+01
2.751600000000001267e-02 7.340000000000000568e+01
2.734400000000000719e-02 8.059999999999999432e+01
2.717200000000000171e-02 8.370000000000000284e+01
2.700000000000001010e-02 8.559999999999999432e+01
2.682800000000000462e-02 8.379999999999999716e+01
2.665600000000001302e-02 9.579999999999999716e+01
2.648400000000000754e-02 8.979999999999999716e+01
2.631200000000000205e-02 9.470000000000000284e+01
2.614000000000001045e-02 9.120000000000000284e+01
2.596800000000000497e-02 1.070000000000000000e+02
2.579599999999999949e-02 1.187999999999999972e+02
2.562400000000000788e-02 1.242000000000000028e+02
2.545200000000000240e-02 1.214000000000000057e+02
2.528000000000001080e-02 1.230999999999999943e+02
2.510800000000000531e-02 1.202000000000000028e+02
2.493599999999999983e-02 1.172000000000000028e+02
2.476400000000000823e-02 1.039000000000000057e+02
2.459200000000000275e-02 1.107000000000000028e+02
2.442000000000001114e-02 1.064000000000000057e+02
2.424800000000000566e-02 1.060999999999999943e+02
2.407600000000000018e-02 1.052999999999999972e+02
2.390400000000000857e-02 1.049000000000000057e+02
2.373200000000000309e-02 1.032000000000000028e+02
2.356000000000001149e-02 9.440000000000000568e+01
2.338800000000000601e-02 9.459999999999999432e+01
2.321600000000000052e-02 7.820000000000000284e+01
2.304400000000000892e-02 7.740000000000000568e+01
2.287200000000000344e-02 7.570000000000000284e+01
2.270000000000001183e-02 7.150000000000000000e+01
2.252800000000000635e-02 6.679999999999999716e+01
2.235600000000000087e-02 6.210000000000000142e+01
2.218400000000000927e-02 5.270000000000000284e+01
2.201200000000000379e-02 5.710000000000000142e+01
2.184000000000001218e-02 5.820000000000000284e+01
2.166800000000000670e-02 6.089999999999999858e+01
2.149600000000000122e-02 6.770000000000000284e+01
2.132400000000000961e-02 6.409999999999999432e+01
2.115200000000000413e-02 6.640000000000000568e+01
2.098000000000001253e-02 6.740000000000000568e+01
2.080800000000000705e-02 6.959999999999999432e+01
2.063600000000000156e-02 7.800000000000000000e+01
2.046400000000000996e-02 7.600000000000000000e+01
2.029200000000000448e-02 7.859999999999999432e+01
2.012000000000001287e-02 8.979999999999999716e+01
1.994800000000000739e-02 9.740000000000000568e+01
1.977600000000000191e-02 1.082999999999999972e+02
1.960400000000001031e-02 1.259000000000000057e+02
1.943200000000000482e-02 1.323000000000000114e+02
1.925999999999999934e-02 1.416999999999999886e+02
1.908800000000000774e-02 1.500999999999999943e+02
1.891600000000000226e-02 1.716999999999999886e+02
1.874400000000001065e-02 1.844000000000000057e+02
1.857200000000000517e-02 1.936999999999999886e+02
1.839999999999999969e-02 2.066999999999999886e+02
1.822800000000000809e-02 2.274000000000000057e+02
1.805600000000000260e-02 2.561000000000000227e+02
1.788400000000001100e-02 2.676000000000000227e+02
1.771200000000000552e-02 2.860000000000000000e+02
1.754000000000000004e-02 2.851000000000000227e+02
1.736800000000000843e-02 2.656999999999999886e+02
1.719600000000000295e-02 2.445999999999999943e+02
1.702400000000001135e-02 2.229000000000000057e+02
1.685200000000000586e-02 2.225999999999999943e+02
1.668000000000000038e-02 2.135000000000000000e+02
1.650800000000000878e-02 2.046999999999999886e+02
1.633600000000000330e-02 2.065999999999999943e+02
1.616400000000001169e-02 1.919000000000000057e+02
1.599200000000000621e-02 1.931999999999999886e+02
1.582000000000000073e-02 1.821999999999999886e+02
1.564800000000000912e-02 1.700999999999999943e+02
1.547600000000000364e-02 1.538000000000000114e+02
1.530400000000001204e-02 1.454000000000000057e+02
1.513200000000000656e-02 1.399000000000000057e+02
1.496000000000000107e-02 1.279000000000000057e+02
1.478800000000000947e-02 1.194000000000000057e+02
1.461600000000000399e-02 1.092999999999999972e+02
1.444400000000001238e-02 9.859999999999999432e+01
1.427200000000000690e-02 9.690000000000000568e+01
1.410000000000000142e-02 8.759999999999999432e+01
1.392800000000000982e-02 -5.999999999999999778e-01
1.375600000000000434e-02 -5.999999999999999778e-01
1.358400000000001273e-02 -5.999999999999999778e-01
1.341200000000000725e-02 -5.999999999999999778e-01
1.324000000000000177e-02 -5.999999999999999778e-01
1.306800000000001016e-02 -5.999999999999999778e-01
1.289600000000000468e-02 -5.999999999999999778e-01
1.272399999999999920e-02 -5.999999999999999778e-01
1.255200000000000760e-02 -5.999999999999999778e-01
1.238000000000000211e-02 -5.999999999999999778e-01
1.220800000000001051e-02 -5.999999999999999778e-01
1.203600000000000503e-02 -5.999999999999999778e-01
1.186399999999999955e-02 -5.999999999999999778e-01
1.169200000000000794e-02 -5.999999999999999778e-01
1.152000000000000246e-02 -5.999999999999999778e-01
1.134800000000001086e-02 -5.999999999999999778e-01
1.117600000000000537e-02 -5.999999999999999778e-01
1.100399999999999989e-02 5.239999999999999858e+01
1.083200000000000829e-02 5.050000000000000000e+01
1.066000000000000281e-02 4.979999999999999716e+01
1.048800000000001120e-02 5.450000000000000000e+01
1.031600000000000572e-02 5.279999999999999716e+01
1.014400000000000024e-02 5.270000000000000284e+01
9.972000000000008635e-03 5.129999999999999716e+01
9.800000000000003153e-03 5.010000000000000142e+01
9.628000000000011549e-03 5.089999999999999858e+01
9.456000000000006067e-03 4.870000000000000284e+01
9.284000000000000585e-03 4.700000000000000000e+01
9.112000000000008981e-03 4.329999999999999716e+01
8.940000000000003499e-03 3.789999999999999858e+01
8.768000000000011895e-03 4.529999999999999716e+01
8.596000000000006414e-03 3.910000000000000142e+01
8.424000000000000932e-03 3.939999999999999858e+01
8.252000000000009328e-03 3.929999999999999716e+01
8.080000000000003846e-03 3.929999999999999716e+01
7.908000000000012242e-03 4.260000000000000142e+01
7.736000000000006760e-03 3.670000000000000284e+01
7.564000000000001278e-03 4.170000000000000284e+01
7.392000000000009674e-03 3.939999999999999858e+01
7.220000000000004192e-03 4.079999999999999716e+01
7.047999999999998710e-03 4.460000000000000142e+01
6.876000000000007106e-03 4.739999999999999858e+01
6.704000000000001624e-03 4.910000000000000142e+01
6.532000000000010020e-03 5.770000000000000284e+01
6.360000000000004539e-03 6.250000000000000000e+01
6.187999999999999057e-03 7.379999999999999716e+01
6.016000000000007453e-03 8.840000000000000568e+01
5.844000000000001971e-03 1.050000000000000000e+02
5.672000000000010367e-03 1.249000000000000057e+02
5.500000000000004885e-03 1.560999999999999943e+02
5.327999999999999403e-03 1.841999999999999886e+02
5.156000000000007799e-03 2.270999999999999943e+02
4.984000000000002317e-03 3.153000000000000114e+02
4.812000000000010713e-03 4.423000000000000114e+02
4.640000000000005231e-03 6.088999999999999773e+02
4.467999999999999750e-03 7.957999999999999545e+02
4.296000000000008145e-03 8.932000000000000455e+02
4.124000000000002664e-03 9.265000000000000000e+02
3.952000000000011060e-03 9.151000000000000227e+02
3.780000000000005578e-03 8.666000000000000227e+02
3.608000000000000096e-03 8.165000000000000000e+02
3.436000000000008492e-03 7.546000000000000227e+02
3.264000000000003010e-03 7.121000000000000227e+02
3.092000000000004467e-03 6.722999999999999545e+02
2.920000000000005924e-03 6.285000000000000000e+02
2.748000000000007381e-03 6.002000000000000455e+02
2.576000000000008838e-03 5.892000000000000455e+02
2.404000000000003356e-03 5.918999999999999773e+02
2.232000000000004813e-03 6.086000000000000227e+02
2.060000000000006271e-03 6.413999999999999773e+02
1.888000000000007728e-03 6.942000000000000455e+02
1.716000000000002246e-03 7.492999999999999545e+02
1.544000000000003703e-03 8.127000000000000455e+02
1.372000000000005160e-03 8.752999999999999545e+02
1.200000000000006617e-03 8.623999999999999773e+02
1.028000000000008074e-03 8.107000000000000455e+02
8.560000000000025921e-04 7.040000000000000000e+02
6.840000000000040492e-04 5.506000000000000227e+02
5.120000000000055063e-04 4.241000000000000227e+02
3.400000000000069633e-04 3.115000000000000000e+02
1.680000000000084204e-04 2.415999999999999943e+02
-3.999999999997061462e-06 1.960000000000000000e+02
-1.759999999999956044e-04 1.613000000000000114e+02
-3.479999999999941473e-04 1.353000000000000114e+02
-5.199999999999926903e-04 1.210000000000000000e+02
-6.919999999999912332e-04 1.087999999999999972e+02
-8.639999999999967151e-04 9.550000000000000000e+01
-1.035999999999995258e-03 9.250000000000000000e+01
-1.207999999999993801e-03 8.829999999999999716e+01
-1.379999999999992344e-03 8.079999999999999716e+01
-1.551999999999997826e-03 7.240000000000000568e+01
-1.723999999999996369e-03 7.309999999999999432e+01
-1.895999999999994912e-03 7.300000000000000000e+01
-2.067999999999993455e-03 6.829999999999999716e+01
-2.239999999999991998e-03 6.239999999999999858e+01
-2.411999999999997479e-03 6.200000000000000000e+01
-2.583999999999996022e-03 6.270000000000000284e+01
-2.755999999999994565e-03 5.670000000000000284e+01
-2.927999999999993108e-03 5.320000000000000284e+01
-3.099999999999991651e-03 5.879999999999999716e+01
-3.271999999999997133e-03 5.910000000000000142e+01
-3.443999999999995676e-03 5.760000000000000142e+01
-3.615999999999994219e-03 6.070000000000000284e+01
-3.787999999999992762e-03 4.900000000000000000e+01
-3.959999999999991305e-03 5.350000000000000000e+01
-4.131999999999996787e-03 5.239999999999999858e+01
-4.303999999999995330e-03 4.929999999999999716e+01
-4.475999999999993872e-03 4.850000000000000000e+01
-4.647999999999992415e-03 4.950000000000000000e+01
-4.819999999999997897e-03 4.839999999999999858e+01
-4.991999999999996440e-03 4.470000000000000284e+01
-5.163999999999994983e-03 4.489999999999999858e+01
-5.335999999999993526e-03 4.150000000000000000e+01
-5.507999999999992069e-03 4.079999999999999716e+01
-5.679999999999997551e-03 4.050000000000000000e+01
-5.851999999999996094e-03 4.010000000000000142e+01
-6.023999999999994637e-03 4.020000000000000284e+01
-6.195999999999993180e-03 3.970000000000000284e+01
-6.367999999999991723e-03 3.810000000000000142e+01
-6.539999999999997204e-03 3.529999999999999716e+01
-6.711999999999995747e-03 3.439999999999999858e+01
-6.883999999999994290e-03 3.110000000000000142e+01
-7.055999999999992833e-03 3.119999999999999929e+01
-7.227999999999998315e-03 3.000000000000000000e+01
-7.399999999999996858e-03 3.119999999999999929e+01
-7.571999999999995401e-03 2.950000000000000000e+01
-7.743999999999993944e-03 2.850000000000000000e+01
-7.915999999999992487e-03 2.580000000000000071e+01
-8.087999999999997969e-03 2.680000000000000071e+01
-8.259999999999996512e-03 2.439999999999999858e+01
-8.431999999999995055e-03 2.430000000000000071e+01
-8.603999999999993598e-03 2.519999999999999929e+01
-8.775999999999992141e-03 2.180000000000000071e+01
-8.947999999999997622e-03 2.200000000000000000e+01
-9.119999999999996165e-03 2.139999999999999858e+01
-9.291999999999994708e-03 2.060000000000000142e+01
-9.463999999999993251e-03 2.219999999999999929e+01
-9.635999999999991794e-03 1.989999999999999858e+01
-9.807999999999997276e-03 1.650000000000000000e+01
-9.979999999999995819e-03 1.900000000000000000e+01
-1.015199999999999436e-02 1.810000000000000142e+01
-1.032399999999999290e-02 1.419999999999999929e+01
-1.049599999999999839e-02 1.430000000000000071e+01
-1.066799999999999693e-02 1.540000000000000036e+01
-1.083999999999999547e-02 1.910000000000000142e+01
-1.101199999999999402e-02 1.630000000000000071e+01
-1.118399999999999256e-02 1.810000000000000142e+01
-1.135599999999999804e-02 1.590000000000000036e+01
-1.152799999999999658e-02 1.710000000000000142e+01
-1.169999999999999513e-02 1.789999999999999858e+01
-1.187199999999999367e-02 1.769999999999999929e+01
-1.204399999999999221e-02 1.450000000000000000e+01
-1.221599999999999769e-02 1.630000000000000071e+01
-1.238799999999999624e-02 1.550000000000000000e+01
-1.255999999999999478e-02 1.689999999999999858e+01
-1.273199999999999332e-02 1.580000000000000071e+01
-1.290399999999999187e-02 1.980000000000000071e+01
-1.307599999999999735e-02 1.710000000000000142e+01
-1.324799999999999589e-02 1.700000000000000000e+01
-1.341999999999999443e-02 1.810000000000000142e+01
-1.359199999999999298e-02 1.889999999999999858e+01
-1.376399999999999846e-02 1.989999999999999858e+01
-1.393599999999999700e-02 1.869999999999999929e+01
-1.410799999999999554e-02 1.889999999999999858e+01
-1.427999999999999409e-02 1.810000000000000142e+01
-1.445199999999999263e-02 1.919999999999999929e+01
-1.462399999999999811e-02 1.960000000000000142e+01
-1.479599999999999665e-02 1.860000000000000142e+01
-1.496799999999999520e-02 1.680000000000000071e+01
-1.513999999999999374e-02 1.930000000000000071e+01
-1.531199999999999228e-02 2.060000000000000142e+01
-1.548399999999999777e-02 2.100000000000000000e+01
-1.565599999999999631e-02 1.930000000000000071e+01
-1.582799999999999485e-02 1.969999999999999929e+01
-1.599999999999999339e-02 2.389999999999999858e+01
-1.617199999999999194e-02 1.960000000000000142e+01
-1.634399999999999742e-02 2.289999999999999858e+01
-1.651599999999999596e-02 2.089999999999999858e+01
-1.668799999999999450e-02 1.869999999999999929e+01
-1.685999999999999305e-02 2.180000000000000071e+01
-1.703199999999999853e-02 2.200000000000000000e+01
-1.720399999999999707e-02 2.289999999999999858e+01
-1.737599999999999562e-02 2.350000000000000000e+01
-1.754799999999999416e-02 2.200000000000000000e+01
-1.771999999999999270e-02 2.260000000000000142e+01
-1.789199999999999818e-02 2.530000000000000071e+01
-1.806399999999999673e-02 2.530000000000000071e+01
-1.823599999999999527e-02 2.289999999999999858e+01
-1.840799999999999381e-02 2.480000000000000071e+01
-1.857999999999999236e-02 2.530000000000000071e+01
-1.875199999999999784e-02 2.650000000000000000e+01
-1.892399999999999638e-02 2.810000000000000142e+01
-1.909599999999999492e-02 2.289999999999999858e+01
-1.926799999999999347e-02 2.480000000000000071e+01
-1.943999999999999201e-02 2.650000000000000000e+01
-1.961199999999999749e-02 2.989999999999999858e+01
-1.978399999999999603e-02 2.400000000000000000e+01
-1.995599999999999458e-02 2.950000000000000000e+01
-2.012799999999999312e-02 2.630000000000000071e+01
-2.029999999999999860e-02 2.839999999999999858e+01
-2.047199999999999714e-02 3.100000000000000000e+01
-2.064399999999999569e-02 3.000000000000000000e+01
-2.081599999999999423e-02 2.719999999999999929e+01
-2.098799999999999277e-02 3.200000000000000000e+01
-2.115999999999999825e-02 2.889999999999999858e+01
-2.133199999999999680e-02 3.010000000000000142e+01
-2.150399999999999534e-02 2.830000000000000071e+01
-2.167599999999999388e-02 3.119999999999999929e+01
-2.184799999999999243e-02 2.910000000000000142e+01
-2.201999999999999791e-02 2.989999999999999858e+01
-2.219199999999999645e-02 3.100000000000000000e+01
-2.236399999999999499e-02 2.860000000000000142e+01
-2.253599999999999354e-02 -5.999999999999999778e-01
-2.270799999999999208e-02 -5.999999999999999778e-01
-2.287999999999999756e-02 -5.999999999999999778e-01
-2.305199999999999610e-02 -5.999999999999999778e-01
-2.322399999999999465e-02 -5.999999999999999778e-01
-2.339599999999999319e-02 -5.999999999999999778e-01
-2.356799999999999867e-02 -5.999999999999999778e-01
-2.373999999999999722e-02 -5.999999999999999778e-01
-2.391199999999999576e-02 -5.999999999999999778e-01
-2.408399999999999430e-02 -5.999999999999999778e-01
-2.425599999999999284e-02 -5.999999999999999778e-01
-2.442799999999999833e-02 -5.999999999999999778e-01
-2.459999999999999687e-02 -5.999999999999999778e-01
-2.477199999999999541e-02 -5.999999999999999778e-01
-2.494399999999999396e-02 -5.999999999999999778e-01
-2.511599999999999250e-02 -5.999999999999999778e-01
-2.528799999999999798e-02 -5.999999999999999778e-01
-2.545999999999999652e-02 3.510000000000000142e+01
-2.563199999999999507e-02 3.839999999999999858e+01
-2.580399999999999361e-02 3.770000000000000284e+01
-2.597599999999999909e-02 3.429999999999999716e+01
-2.614799999999999763e-02 3.570000000000000284e+01
-2.631999999999999618e-02 3.570000000000000284e+01
-2.649199999999999472e-02 3.320000000000000284e+01
-2.666399999999999326e-02 3.420000000000000284e+01
-2.683599999999999874e-02 3.560000000000000142e+01
-2.700799999999999729e-02 3.510000000000000142e+01
-2.717999999999999583e-02 3.479999999999999716e+01
-2.735199999999999437e-02 3.850000000000000000e+01
-2.752399999999999292e-02 3.820000000000000284e+01
-2.769599999999999840e-02 3.960000000000000142e+01
-2.786799999999999694e-02 3.800000000000000000e+01
-2.803999999999999548e-02 3.739999999999999858e+01
-2.821199999999999403e-02 3.539999999999999858e+01
-2.838399999999999604e-02 3.970000000000000284e+01
-2.855599999999999458e-02 3.879999999999999716e+01
-2.872799999999999659e-02 3.489999999999999858e+01
-2.889999999999999514e-02 4.350000000000000000e+01
-2.907199999999999715e-02 4.420000000000000284e+01
-2.924399999999999569e-02 4.170000000000000284e+01
-2.941599999999999424e-02 3.829999999999999716e+01
-2.958799999999999625e-02 4.289999999999999858e+01
-2.975999999999999479e-02 4.229999999999999716e+01
-2.993199999999999680e-02 4.100000000000000000e+01
-3.010399999999999535e-02 4.620000000000000284e+01
-3.027599999999999736e-02 4.160000000000000142e+01
-3.044799999999999590e-02 4.000000000000000000e+01
-3.061999999999999444e-02 4.510000000000000142e+01
-3.079199999999999646e-02 4.239999999999999858e+01
-3.096399999999999500e-02 4.329999999999999716e+01
-3.113599999999999701e-02 4.610000000000000142e+01
-3.130799999999999556e-02 4.410000000000000142e+01
-3.147999999999999410e-02 4.300000000000000000e+01
-3.165199999999999958e-02 4.239999999999999858e+01
-3.182399999999999118e-02 4.650000000000000000e+01
-3.199599999999999667e-02 5.020000000000000284e+01
-3.216799999999999521e-02 4.470000000000000284e+01
-3.233999999999999375e-02 4.500000000000000000e+01
-3.251199999999999923e-02 4.720000000000000284e+01
-3.268399999999999084e-02 4.629999999999999716e+01
-3.285599999999999632e-02 5.070000000000000284e+01
-3.302799999999999486e-02 4.679999999999999716e+01
-3.319999999999999341e-02 4.960000000000000142e+01
-3.337199999999999889e-02 5.050000000000000000e+01
-3.354399999999999743e-02 4.529999999999999716e+01
-3.371599999999999597e-02 5.220000000000000284e+01
-3.388799999999999452e-02 4.770000000000000284e+01
-3.405999999999999306e-02 4.800000000000000000e+01
-3.423199999999999854e-02 4.810000000000000142e+01
-3.440399999999999708e-02 5.120000000000000284e+01
-3.457599999999999563e-02 4.579999999999999716e+01
-3.474800000000000111e-02 5.039999999999999858e+01
-3.491999999999999271e-02 4.860000000000000142e+01
-3.509199999999999819e-02 5.039999999999999858e+01
-3.526399999999999674e-02 4.660000000000000142e+01
-3.543599999999999528e-02 4.129999999999999716e+01
-3.560800000000000076e-02 4.410000000000000142e+01
-3.577999999999999237e-02 4.420000000000000284e+01
-3.595199999999999785e-02 3.960000000000000142e+01
-3.612399999999999639e-02 3.889999999999999858e+01
-3.629599999999999493e-02 4.079999999999999716e+01
-3.646800000000000042e-02 4.050000000000000000e+01
-3.663999999999999202e-02 4.089999999999999858e+01
-3.681199999999999750e-02 4.050000000000000000e+01
-3.698399999999999604e-02 3.889999999999999858e+01
-3.715599999999999459e-02 4.320000000000000284e+01
-3.732800000000000007e-02 4.200000000000000000e+01
-3.749999999999999167e-02 3.700000000000000000e+01
-3.767199999999999716e-02 4.020000000000000284e+01
-3.784399999999999570e-02 3.510000000000000142e+01
-3.801599999999999424e-02 3.410000000000000142e+01
-3.818799999999999972e-02 3.389999999999999858e+01
-3.835999999999999133e-02 3.450000000000000000e+01
-3.853199999999999681e-02 3.289999999999999858e+01
-3.870399999999999535e-02 3.130000000000000071e+01
-3.887599999999999389e-02 3.210000000000000142e+01
-3.904799999999999938e-02 3.460000000000000142e+01
-3.921999999999999098e-02 3.210000000000000142e+01
-3.939199999999999646e-02 3.779999999999999716e+01
-3.956399999999999501e-02 3.589999999999999858e+01
-3.973599999999999355e-02 3.910000000000000142e+01
-3.990799999999999903e-02 3.720000000000000284e+01
-4.007999999999999757e-02 3.639999999999999858e+01
-4.025199999999999612e-02 3.629999999999999716e+01
-4.042399999999999466e-02 3.539999999999999858e+01
-4.059599999999999320e-02 3.520000000000000284e+01
-4.076799999999999868e-02 3.200000000000000000e+01
-4.093999999999999723e-02 3.050000000000000000e+01
-4.111199999999999577e-02 2.839999999999999858e+01
-4.128400000000000125e-02 2.630000000000000071e+01
-4.145599999999999286e-02 2.639999999999999858e+01
-4.162799999999999834e-02 2.900000000000000000e+01
-4.179999999999999688e-02 3.200000000000000000e+01
-4.197199999999999542e-02 3.320000000000000284e+01
-4.214400000000000091e-02 3.410000000000000142e+01
-4.231599999999999251e-02 3.510000000000000142e+01
-4.248799999999999799e-02 2.739999999999999858e+01
-4.265999999999999653e-02 2.669999999999999929e+01
-4.283199999999999508e-02 3.069999999999999929e+01
-4.300400000000000056e-02 2.489999999999999858e+01
-4.317599999999999216e-02 3.370000000000000284e+01
-4.334799999999999764e-02 2.769999999999999929e+01
-4.351999999999999619e-02 2.830000000000000071e+01
-4.369199999999999473e-02 2.960000000000000142e+01
-4.386400000000000021e-02 2.769999999999999929e+01
-4.403599999999999876e-02 2.600000000000000000e+01
-4.420799999999999730e-02 2.260000000000000142e+01
-4.437999999999999584e-02 2.410000000000000142e+01
-4.455199999999999438e-02 2.560000000000000142e+01
-4.472399999999999987e-02 2.239999999999999858e+01
-4.489599999999999841e-02 2.480000000000000071e+01
-4.506799999999999695e-02 2.319999999999999929e+01
-4.523999999999999549e-02 2.350000000000000000e+01
-4.541199999999999404e-02 2.360000000000000142e+01
-4.558399999999999952e-02 2.139999999999999858e+01
-4.575599999999999806e-02 2.369999999999999929e+01
-4.592799999999999661e-02 1.910000000000000142e+01
-4.609999999999999515e-02 1.950000000000000000e+01
-4.627199999999999369e-02 1.719999999999999929e+01
-4.644399999999999917e-02 1.850000000000000000e+01
-4.661599999999999772e-02 1.559999999999999964e+01
-4.678799999999999626e-02 1.730000000000000071e+01
-4.695999999999999480e-02 1.700000000000000000e+01
-4.713199999999999334e-02 1.960000000000000142e+01
-4.730399999999999883e-02 1.719999999999999929e+01
-4.747599999999999737e-02 1.830000000000000071e+01
-4.764799999999999591e-02 1.930000000000000071e+01
-4.781999999999999446e-02 1.950000000000000000e+01
-4.799199999999999300e-02 1.930000000000000071e+01
-4.816399999999999848e-02 1.630000000000000071e+01
-4.833599999999999702e-02 1.800000000000000000e+01
-4.850799999999999557e-02 1.639999999999999858e+01
-4.867999999999999411e-02 1.789999999999999858e+01
-4.885199999999999265e-02 1.480000000000000071e+01
-4.902399999999999813e-02 1.830000000000000071e+01
-4.919599999999999668e-02 1.860000000000000142e+01
-4.936799999999999522e-02 1.639999999999999858e+01
-4.954000000000000070e-02 1.569999999999999929e+01
-4.971199999999999231e-02 1.500000000000000000e+01
-4.988399999999999779e-02 1.340000000000000036e+01
-5.005599999999999633e-02 1.569999999999999929e+01
-5.022799999999999487e-02 1.610000000000000142e+01
-5.040000000000000036e-02 1.400000000000000000e+01
-5.057199999999999890e-02 1.280000000000000071e+01
-5.074399999999999744e-02 1.190000000000000036e+01
-5.091599999999999598e-02 1.450000000000000000e+01
-5.108799999999999453e-02 1.090000000000000036e+01
-5.126000000000000001e-02 1.390000000000000036e+01
-5.143199999999999855e-02 1.150000000000000000e+01
-5.160399999999999709e-02 1.059999999999999964e+01
-5.177599999999999564e-02 1.059999999999999964e+01
-5.194799999999999418e-02 1.130000000000000071e+01
-5.211999999999999966e-02 9.699999999999999289e+00
-5.229199999999999821e-02 1.059999999999999964e+01
-5.246399999999999675e-02 9.199999999999999289e+00
-5.263599999999999529e-02 1.090000000000000036e+01
-5.280799999999999383e-02 1.109999999999999964e+01
-5.297999999999999932e-02 8.699999999999999289e+00
-5.315199999999999786e-02 9.400000000000000355e+00
-5.332399999999999640e-02 9.900000000000000355e+00
-5.349599999999999494e-02 8.800000000000000711e+00
-5.366799999999999349e-02 8.900000000000000355e+00
-5.383999999999999897e-02 9.800000000000000711e+00
-5.401199999999999751e-02 8.900000000000000355e+00
-5.418399999999999606e-02 1.009999999999999964e+01
-5.435599999999999460e-02 8.599999999999999645e+00
-5.452799999999999314e-02 9.000000000000000000e+00
-5.469999999999999862e-02 9.000000000000000000e+00
-5.487199999999999717e-02 9.599999999999999645e+00
-5.504399999999999571e-02 6.799999999999999822e+00
-5.521599999999999425e-02 7.400000000000000355e+00
-5.538799999999999973e-02 8.800000000000000711e+00
-5.555999999999999828e-02 9.000000000000000000e+00
-5.573199999999999682e-02 1.000000000000000000e+01
-5.590399999999999536e-02 7.900000000000000355e+00
-5.607599999999999391e-02 7.299999999999999822e+00
-5.624799999999999939e-02 8.300000000000000711e+00
-5.641999999999999793e-02 5.599999999999999645e+00
-5.659199999999999647e-02 7.400000000000000355e+00
-5.676399999999999502e-02 9.099999999999999645e+00
-5.693600000000000050e-02 7.599999999999999645e+00
-5.710799999999999904e-02 8.900000000000000355e+00
-5.727999999999999758e-02 1.009999999999999964e+01
-5.745199999999999613e-02 8.099999999999999645e+00
-5.762399999999999467e-02 7.900000000000000355e+00
-5.779600000000000015e-02 8.500000000000000000e+00
-5.796799999999999869e-02 7.700000000000000178e+00
-5.813999999999999724e-02 8.699999999999999289e+00
-5.831199999999999578e-02 8.300000000000000711e+00
-5.848399999999999432e-02 8.099999999999999645e+00
-5.865599999999999981e-02 9.099999999999999645e+00
-5.882799999999999835e-02 8.599999999999999645e+00
