0.117816 0.1
0.10491600000000001 0.1
0.10164800000000002 0.1
0.101304 0.1
0.101132 0.1
0.09992800000000002 0.1
0.098724 0.1
0.09820800000000002 0.1
0.09666 0.1
0.09218800000000002 0.1
0.0915 0.1
0.09132800000000002 0.2
0.090812 0.1
0.09029600000000002 0.1
0.089952 0.1
0.08978 0.2
0.08960800000000002 0.1
0.08926400000000001 0.1
0.089092 0.2
0.08892 0.1
0.08874800000000002 0.1
0.08857600000000002 0.2
0.08840400000000001 0.2
0.08806 0.5
0.08771600000000002 0.3
0.08754400000000001 0.1
0.087372 0.1
0.0872 0.1
0.08702800000000002 0.2
0.083932 40.6
0.08376 46.0
0.083588 44.3
0.08341600000000002 40.2
0.08324400000000001 40.7
0.08307200000000001 37.5
0.0829 38.5
0.082728 36.7
0.08255600000000002 35.2
0.08238400000000001 32.8
0.08221200000000001 32.0
0.08204 31.0
0.081868 30.6
0.08169600000000002 31.0
0.08152400000000001 30.1
0.08135200000000001 29.5
0.08118 28.1
0.081008 31.6
0.08083600000000002 32.7
0.08066400000000001 32.4
0.08049200000000001 35.9
0.08032 37.8
0.080148 36.8
0.07997600000000002 38.8
0.07980400000000001 34.3
0.07963200000000001 42.3
0.07946 41.4
0.079288 44.7
0.07911600000000002 43.7
0.07894400000000001 45.5
0.07877200000000001 49.7
0.0786 51.6
0.078428 48.9
0.07825600000000002 54.8
0.07808400000000001 63.2
0.07791200000000001 61.0
0.07774 59.6
0.077568 57.5
0.07739600000000002 63.5
0.07722400000000001 70.6
0.07705200000000001 70.4
0.07688 72.9
0.076708 82.7
0.07653600000000002 94.6
0.07636400000000002 96.7
0.07619200000000001 83.1
0.07602 93.7
0.075848 95.2
0.07567600000000002 93.7
0.07550400000000002 94.1
0.07533200000000001 102.7
0.07516 109.8
0.074988 109.9
0.07481600000000002 101.5
0.07464400000000002 109.7
0.07447200000000001 107.4
0.0743 120.0
0.074128 115.1
0.07395600000000002 109.2
0.07378400000000002 106.6
0.07361200000000001 111.7
0.07344 118.6
0.073268 115.3
0.073096 109.7
0.07292400000000002 111.0
0.07275200000000001 102.5
0.07258 97.1
0.072408 91.2
0.072236 94.6
0.07206400000000002 100.2
0.07189200000000001 97.5
0.07172 105.6
0.071548 99.4
0.071376 94.6
0.07120400000000002 104.4
0.07103200000000001 97.7
0.07086 88.5
0.070688 95.8
0.070516 94.6
0.07034400000000002 96.0
0.07017200000000001 90.4
0.07 83.0
0.069828 76.9
0.069656 74.0
0.06948400000000002 70.9
0.06931200000000001 67.4
0.06914000000000001 66.1
0.068968 64.7
0.068796 58.1
0.06862400000000002 63.2
0.06845200000000001 60.1
0.06828000000000001 52.5
0.068108 49.9
0.067936 50.0
0.06776400000000002 46.9
0.06759200000000001 47.6
0.06742000000000001 46.5
0.067248 46.8
0.067076 46.7
0.06690400000000002 52.5
0.06673200000000001 48.9
0.06656000000000001 56.7
0.066388 53.2
0.066216 56.0
0.06604400000000002 59.9
0.06587200000000001 57.5
0.06570000000000001 55.6
0.065528 63.0
0.06535600000000001 69.5
0.065184 71.3
0.06501200000000001 80.9
0.06484000000000001 80.2
0.064668 83.9
0.06449600000000001 83.3
0.064324 87.0
0.06415200000000001 97.1
0.06398000000000001 94.0
0.063808 94.6
0.06363600000000001 97.1
0.063464 113.3
0.063292 115.7
0.06312000000000001 117.3
0.062948 124.0
0.06277600000000001 124.0
0.062604 130.1
0.062432 133.8
0.06226000000000001 134.2
0.062088000000000004 138.3
0.06191600000000001 153.4
0.06174400000000001 168.4
0.061572 181.1
0.06140000000000001 182.0
0.061228000000000005 193.7
0.06105600000000001 184.5
0.06088400000000001 194.2
0.060712 189.9
0.06054000000000001 192.9
0.060368000000000005 180.3
0.06019600000000001 189.5
0.06002400000000001 198.7
0.059852 205.5
0.05968000000000001 221.8
0.059508000000000005 216.3
0.059336000000000014 221.5
0.05916400000000001 243.3
0.058992 257.0
0.05882000000000001 250.3
0.058648000000000006 241.5
0.058476000000000014 224.3
0.05830400000000001 218.2
0.058132 219.3
0.05796000000000001 219.5
0.057788000000000006 206.4
0.057616000000000014 193.0
0.05744400000000001 185.0
0.057272 179.2
0.05710000000000001 186.4
0.056928000000000006 195.1
0.056756 191.5
0.05658400000000001 176.0
0.056412000000000004 173.2
0.05624000000000001 175.5
0.05606800000000001 167.4
0.055896 172.8
0.05572400000000001 179.5
0.055552000000000004 192.9
0.05538000000000001 193.0
0.05520800000000001 188.8
0.055036 197.2
0.05486400000000001 186.9
0.054692000000000005 188.7
0.05452000000000001 180.4
0.05434800000000001 167.1
0.054176 173.0
0.05400400000000001 176.1
0.053832000000000005 162.0
0.05366000000000001 145.9
0.05348800000000001 131.7
0.053316 122.6
0.05314400000000001 119.8
0.052972000000000005 124.9
0.052800000000000014 112.6
0.05262800000000001 100.9
0.052456 93.8
0.05228400000000001 80.9
0.052112000000000006 86.8
0.051940000000000014 82.8
0.05176800000000001 83.2
0.051596 78.9
0.05142400000000001 77.7
0.051252000000000006 83.5
0.051080000000000014 82.8
0.05090800000000001 97.2
0.050736 116.4
0.05056400000000001 130.4
0.04746800000000001 342.6
0.047296000000000005 375.4
0.04712400000000001 416.1
0.04695200000000001 434.7
0.04678 493.5
0.04660800000000001 510.1
0.046436000000000005 563.2
0.04626400000000001 580.5
0.04609200000000001 561.0
0.04592 554.0
0.04574800000000001 525.6
0.045576000000000005 489.3
0.045404000000000014 471.9
0.04523200000000001 441.9
0.04506 421.0
0.04488800000000001 369.9
0.044716000000000006 317.6
0.044544 301.6
0.04437200000000001 291.4
0.0442 272.8
0.04402800000000001 253.4
0.043856000000000006 254.8
0.043684 228.2
0.04351200000000001 219.0
0.043340000000000004 214.1
0.04316800000000001 211.0
0.042996000000000006 193.6
0.042824 187.4
0.04265200000000001 182.7
0.042480000000000004 184.6
0.04230800000000001 175.7
0.04213600000000001 168.7
0.041964 165.3
0.04179200000000001 161.0
0.041620000000000004 166.0
0.04144800000000001 152.5
0.04127600000000001 146.8
0.041104 143.8
0.04093200000000001 140.0
0.040760000000000005 139.4
0.04058800000000001 138.8
0.04041600000000001 136.9
0.040244 137.6
0.04007200000000001 141.5
0.039900000000000005 128.0
0.03972800000000001 126.1
0.03955600000000001 127.3
0.039384 134.6
0.03921200000000001 136.3
0.039040000000000005 136.1
0.038868000000000014 146.2
0.03869600000000001 152.5
0.038524 157.0
0.03835200000000001 162.3
0.038180000000000006 178.7
0.038008 190.4
0.03783600000000001 193.3
0.037664 195.5
0.03749200000000001 189.9
0.037320000000000006 185.7
0.037148 194.2
0.03697600000000001 204.2
0.036804 220.1
0.03663200000000001 224.7
0.036460000000000006 236.2
0.036288 258.6
0.03611600000000001 284.8
0.035944000000000004 278.9
0.03577200000000001 296.4
0.03560000000000001 306.7
0.035428 322.2
0.03525600000000001 336.7
0.035084000000000004 339.1
0.03491200000000001 331.4
0.03474000000000001 353.0
0.034568 341.9
0.03439600000000001 342.6
0.034224000000000004 379.4
0.03405200000000001 375.6
0.03388000000000001 415.6
0.033708 455.3
0.03353600000000001 490.2
0.033364000000000005 515.9
0.03319200000000001 570.5
0.03302000000000001 587.9
0.032848 594.5
0.03267600000000001 653.1
0.032504000000000005 667.8
0.032332000000000014 702.7
0.03216000000000001 759.6
0.031988 800.1
0.03181600000000001 848.6
0.031644000000000005 868.4
0.031472 882.9
0.03130000000000001 928.7
0.031128000000000003 961.0
0.03095600000000001 1006.1
0.030784000000000006 1040.2
0.030612 1073.8
0.03044000000000001 1179.5
0.030268000000000003 1265.6
0.03009600000000001 1355.4
0.029924000000000006 1400.8
0.029752 1471.1
0.02958000000000001 1536.6
0.029408000000000004 1644.3
0.029236000000000012 1660.2
0.029064000000000006 1698.8
0.028892 1684.8
0.02872000000000001 1641.0
0.028548000000000004 1525.3
0.028376000000000012 1451.5
0.028204000000000007 1320.9
0.028032 1244.6
0.02786000000000001 1198.8
0.027688000000000004 1124.1
0.027516000000000013 1074.2
0.027344000000000007 1118.4
0.027172 1090.4
0.02700000000000001 1086.9
0.026828000000000005 1062.7
0.026656000000000013 1041.1
0.026484000000000008 1091.9
0.026312000000000002 1166.4
0.02614000000000001 1238.8
0.025968000000000005 1266.1
0.025796 1281.7
0.025624000000000008 1356.2
0.025452000000000002 1355.9
0.02528000000000001 1316.5
0.025108000000000005 1236.0
0.024936 1199.2
0.024764000000000008 1038.0
0.024592000000000003 955.6
0.02442000000000001 863.2
0.024248000000000006 791.8
0.024076 727.5
0.02390400000000001 687.6
0.023732000000000003 658.5
0.02356000000000001 619.3
0.023388000000000006 572.2
0.023216 547.6
0.02304400000000001 537.7
0.022872000000000003 490.8
0.022700000000000012 437.2
0.022528000000000006 364.3
0.022356 274.4
0.02218400000000001 202.4
0.022012000000000004 156.7
0.021840000000000012 142.9
0.021668000000000007 158.9
0.021496 178.3
0.02132400000000001 220.4
0.021152000000000004 309.3
0.020980000000000013 379.6
0.020808000000000007 431.6
0.020636 519.4
0.02046400000000001 621.8
0.020292000000000004 623.2
0.020120000000000013 600.2
0.019948000000000007 631.0
0.019776000000000002 614.4
0.01960400000000001 560.3
0.019432000000000005 505.4
0.01926 456.8
0.019088000000000008 383.9
0.018916000000000002 354.0
0.01874400000000001 373.7
0.018572000000000005 408.1
0.0184 442.2
0.018228000000000008 450.0
0.018056000000000003 452.5
0.01788400000000001 543.3
0.017712000000000006 598.0
0.01754 660.2
0.01736800000000001 692.1
0.017196000000000003 775.0
0.01702400000000001 889.2
0.016852000000000006 977.4
0.01668 1072.0
0.01650800000000001 1131.0
0.016336000000000003 1072.2
0.01616400000000001 1023.1
0.015992000000000006 1013.3
0.01582 995.3
0.01564800000000001 1024.5
0.015476000000000004 1023.2
0.015304000000000012 986.7
0.015132000000000007 918.2
0.014960000000000001 966.0
0.01478800000000001 1054.5
0.014616000000000004 1183.1
0.014444000000000012 1418.8
0.014272000000000007 1890.8
0.014100000000000001 2518.2
0.011004 5670.2
0.010832000000000008 6262.4
0.010660000000000003 6543.0
0.010488000000000011 6821.5
0.010316000000000006 6908.3
0.010144 6755.2
0.009972000000000009 6694.0
0.009800000000000003 6576.5
0.009628000000000012 6416.8
0.009456000000000006 6121.4
0.009284 5779.2
0.009112000000000009 5406.9
0.008940000000000003 5109.7
0.008768000000000012 4895.7
0.008596000000000006 4652.6
0.008424000000000001 4434.6
0.00825200000000001 4169.1
0.008080000000000004 3746.9
0.007908000000000012 3115.8
0.007736000000000007 2355.9
0.007564000000000001 1790.3
0.00739200000000001 1578.3
0.007220000000000004 1603.1
0.007047999999999999 1729.1
0.006876000000000007 1881.7
0.006704000000000002 2035.6
0.00653200000000001 2221.0
0.0063600000000000045 2484.4
0.006187999999999999 2762.8
0.0060160000000000075 3097.1
0.005844000000000002 3466.0
0.00567200000000001 3819.5
0.005500000000000005 4245.6
0.005327999999999999 4691.6
0.005156000000000008 5297.0
0.004984000000000002 5831.9
0.004812000000000011 6286.9
0.004640000000000005 6488.9
0.004468 6763.6
0.004296000000000008 6581.2
0.004124000000000003 6340.6
0.003952000000000011 5993.4
0.0037800000000000056 5482.5
0.003608 5101.3
0.0034360000000000085 4695.3
0.003264000000000003 4378.3
0.0030920000000000045 4114.8
0.002920000000000006 4023.8
0.0027480000000000074 3937.6
0.002576000000000009 4049.4
0.0024040000000000034 4159.8
0.002232000000000005 4403.7
0.0020600000000000063 4711.4
0.0018880000000000077 4952.1
0.0017160000000000022 5211.6
0.0015440000000000037 5434.2
0.0013720000000000052 5567.9
0.0012000000000000066 5607.0
0.001028000000000008 5363.6
0.0008560000000000026 5074.5
0.000684000000000004 4530.2
0.0005120000000000055 4019.5
0.00034000000000000696 3608.1
0.00016800000000000842 3140.7
-3.9999999999970615e-06 2859.1
-0.0001759999999999956 2605.5
-0.00034799999999999415 2381.4
-0.0005199999999999927 2235.5
-0.0006919999999999912 2168.2
-0.0008639999999999967 2066.6
-0.0010359999999999953 2043.5
-0.0012079999999999938 2000.4
-0.0013799999999999923 1969.5
-0.0015519999999999978 1935.8
-0.0017239999999999964 1898.9
-0.001895999999999995 1861.0
-0.0020679999999999935 1849.0
-0.002239999999999992 1793.5
-0.0024119999999999975 1726.6
-0.002583999999999996 1683.9
-0.0027559999999999946 1644.2
-0.002927999999999993 1600.8
-0.0030999999999999917 1522.6
-0.003271999999999997 1512.4
-0.0034439999999999957 1462.6
-0.0036159999999999942 1425.4
-0.0037879999999999928 1408.7
-0.003959999999999991 1364.8
-0.004131999999999997 1338.6
-0.004303999999999995 1304.9
-0.004475999999999994 1300.1
-0.004647999999999992 1272.9
-0.004819999999999998 1244.9
-0.0049919999999999964 1239.6
-0.005163999999999995 1219.1
-0.0053359999999999935 1221.4
-0.005507999999999992 1072.4
-0.0056799999999999976 1064.0
-0.005851999999999996 1055.0
-0.006023999999999995 1073.7
-0.006195999999999993 1046.9
-0.006367999999999992 1017.8
-0.006539999999999997 969.5
-0.006711999999999996 914.7
-0.006883999999999994 905.7
-0.007055999999999993 872.1
-0.007227999999999998 825.0
-0.007399999999999997 780.0
-0.007571999999999995 753.0
-0.007743999999999994 700.9
-0.007915999999999992 643.1
-0.008087999999999998 620.6
-0.008259999999999997 566.7
-0.008431999999999995 527.2
-0.008603999999999994 485.3
-0.008775999999999992 436.1
-0.008947999999999998 376.2
-0.009119999999999996 337.2
-0.009291999999999995 293.8
-0.009463999999999993 245.7
-0.009635999999999992 208.3
-0.009807999999999997 174.3
-0.009979999999999996 135.7
-0.010151999999999994 120.0
-0.010323999999999993 92.2
-0.010495999999999998 73.1
-0.010667999999999997 58.8
-0.010839999999999995 50.6
-0.011011999999999994 44.9
-0.011183999999999993 44.1
-0.011355999999999998 43.3
-0.011527999999999997 46.1
-0.011699999999999995 46.0
-0.011871999999999994 54.3
-0.012043999999999992 51.6
-0.012215999999999998 57.7
-0.012387999999999996 56.3
-0.012559999999999995 58.0
-0.012731999999999993 63.3
-0.012903999999999992 68.6
-0.013075999999999997 72.0
-0.013247999999999996 76.0
-0.013419999999999994 83.4
-0.013591999999999993 89.8
-0.013763999999999998 89.4
-0.013935999999999997 92.9
-0.014107999999999996 96.7
-0.014279999999999994 101.6
-0.014451999999999993 109.3
-0.014623999999999998 104.5
-0.014795999999999997 112.9
-0.014967999999999995 117.1
-0.015139999999999994 120.1
-0.015311999999999992 118.8
-0.015483999999999998 118.1
-0.015655999999999996 134.9
-0.015827999999999995 140.7
-0.015999999999999993 135.5
-0.016171999999999992 141.5
-0.016343999999999997 141.0
-0.016515999999999996 152.0
-0.016687999999999995 155.5
-0.016859999999999993 161.6
-0.017032 165.2
-0.017203999999999997 168.3
-0.017375999999999996 169.6
-0.017547999999999994 180.2
-0.017719999999999993 186.6
-0.017891999999999998 192.2
-0.018063999999999997 194.8
-0.018235999999999995 207.8
-0.018407999999999994 211.8
-0.018579999999999992 215.6
-0.018751999999999998 218.6
-0.018923999999999996 223.6
-0.019095999999999995 224.8
-0.019267999999999993 236.6
-0.019439999999999992 231.7
-0.019611999999999997 239.1
-0.019783999999999996 249.7
-0.019955999999999995 247.6
-0.020127999999999993 268.8
-0.0203 273.9
-0.020471999999999997 284.4
-0.020643999999999996 295.3
-0.020815999999999994 314.6
-0.020987999999999993 327.0
-0.021159999999999998 350.0
-0.021331999999999997 357.4
-0.021503999999999995 344.0
-0.021675999999999994 355.4
-0.021847999999999992 349.8
-0.022019999999999998 330.7
-0.022191999999999996 330.5
-0.022363999999999995 341.6
-0.025459999999999997 394.1
-0.025631999999999995 399.3
-0.025803999999999994 383.9
-0.025976 369.7
-0.026147999999999998 366.6
-0.026319999999999996 363.8
-0.026491999999999995 338.7
-0.026663999999999993 348.8
-0.026836 343.0
-0.027007999999999997 361.2
-0.027179999999999996 357.1
-0.027351999999999994 357.0
-0.027523999999999993 363.8
-0.027696 357.5
-0.027867999999999997 360.0
-0.028039999999999995 369.3
-0.028211999999999994 366.8
-0.028383999999999996 382.9
-0.028555999999999995 391.5
-0.028727999999999997 402.8
-0.028899999999999995 412.3
-0.029071999999999997 398.9
-0.029243999999999996 396.8
-0.029415999999999994 388.7
-0.029587999999999996 395.3
-0.029759999999999995 395.1
-0.029931999999999997 374.8
-0.030103999999999995 357.8
-0.030275999999999997 349.2
-0.030447999999999996 354.4
-0.030619999999999994 362.7
-0.030791999999999996 373.4
-0.030963999999999995 402.0
-0.031135999999999997 410.5
-0.031307999999999996 431.7
-0.031479999999999994 438.5
-0.031652 424.5
-0.03182399999999999 410.0
-0.031996 398.7
-0.032167999999999995 379.6
-0.032339999999999994 371.8
-0.032512 365.1
-0.03268399999999999 360.2
-0.032855999999999996 341.4
-0.033027999999999995 335.6
-0.03319999999999999 340.4
-0.033372 354.9
-0.033544 374.0
-0.033715999999999996 375.7
-0.033887999999999995 381.6
-0.03405999999999999 374.0
-0.034232 385.2
-0.034404 402.6
-0.034575999999999996 463.3
-0.034748 508.5
-0.03491999999999999 573.0
-0.035092 586.0
-0.035264 572.0
-0.035435999999999995 576.6
-0.035608 609.9
-0.03577999999999999 664.6
-0.035952 707.7
-0.036123999999999996 743.3
-0.036295999999999995 728.9
-0.036468 667.6
-0.03663999999999999 635.3
-0.036812 604.4
-0.036983999999999996 576.0
-0.037155999999999995 570.3
-0.037328 516.3
-0.03749999999999999 471.2
-0.037672 419.2
-0.037843999999999996 384.0
-0.038015999999999994 377.8
-0.038188 351.5
-0.03835999999999999 342.8
-0.038532 340.5
-0.038703999999999995 353.2
-0.038875999999999994 364.6
-0.039048 372.2
-0.03921999999999999 352.2
-0.039391999999999996 329.8
-0.039563999999999995 326.1
-0.039735999999999994 300.9
-0.039908 282.3
-0.04008 276.6
-0.040251999999999996 262.8
-0.040423999999999995 245.8
-0.04059599999999999 234.0
-0.040768 237.2
-0.04094 234.0
-0.041111999999999996 231.2
-0.041284 228.8
-0.04145599999999999 222.7
-0.041628 220.3
-0.0418 224.8
-0.041971999999999995 205.8
-0.042144 211.5
-0.04231599999999999 217.4
-0.042488 241.8
-0.04266 243.3
-0.042831999999999995 245.2
-0.043004 240.2
-0.04317599999999999 241.3
-0.043348 255.4
-0.043519999999999996 226.4
-0.043691999999999995 209.2
-0.043864 219.2
-0.044036 209.3
-0.044208 188.5
-0.044379999999999996 153.4
-0.044551999999999994 136.0
-0.044724 119.7
-0.044896 115.4
-0.045068 119.2
-0.045239999999999995 98.6
-0.045411999999999994 98.7
-0.045584 109.5
-0.045756 110.6
-0.045928 116.8
-0.046099999999999995 108.6
-0.046271999999999994 111.2
-0.046444 106.9
-0.046616 113.2
-0.046787999999999996 107.6
-0.046959999999999995 99.2
-0.04713199999999999 92.1
-0.047304 76.5
-0.047476 72.5
-0.047647999999999996 58.1
-0.047819999999999994 58.4
-0.04799199999999999 52.5
-0.048164 45.1
-0.048336 40.0
-0.048507999999999996 38.9
-0.048679999999999994 39.6
-0.04885199999999999 33.3
-0.049024 33.7
-0.049196 25.4
-0.049367999999999995 27.3
-0.04954 26.7
-0.04971199999999999 23.4
-0.049884 22.2
-0.050055999999999996 25.3
-0.050227999999999995 21.1
-0.0504 21.2
-0.050572 19.0
-0.050744 18.9
-0.050915999999999996 17.2
-0.051087999999999995 15.0
-0.05126 15.6
-0.051432 15.8
-0.051604 16.7
-0.051775999999999996 16.1
-0.051947999999999994 16.5
-0.05212 18.5
-0.052292 15.2
-0.052464 13.7
-0.052635999999999995 15.3
-0.052807999999999994 17.0
-0.05298 17.0
-0.053152 16.1
-0.053323999999999996 15.8
-0.053495999999999995 20.4
-0.053667999999999993 18.1
-0.05384 17.5
-0.054012 19.6
-0.054183999999999996 19.5
-0.054355999999999995 22.8
-0.05452799999999999 25.8
-0.0547 25.0
-0.054872 25.8
-0.055043999999999996 29.0
-0.055215999999999994 27.9
-0.055388 26.9
-0.05556 27.5
-0.055732 25.2
-0.055903999999999995 24.1
-0.056075999999999994 26.7
-0.056248 25.8
-0.05642 26.1
-0.056591999999999996 28.3
-0.056763999999999995 32.6
-0.056936 36.8
-0.057108 37.2
-0.05728 36.4
-0.057451999999999996 42.2
-0.057623999999999995 45.4
-0.057796 38.9
-0.057968 33.6
-0.05814 40.7
-0.058311999999999996 32.0
-0.058483999999999994 33.1
-0.058656 29.4
-0.058828 28.2
