0.8393200000000001 0.012628170534268752
0.8376 0.013923367512142472
0.83588 0.013923367512142472
0.8341600000000002 0.012736103615758231
0.8324400000000001 0.012844036697247707
0.8307200000000001 0.014355099838100379
0.829 0.012520237452779276
0.82728 0.012520237452779276
0.8255600000000002 0.014139233675121425
0.8238400000000001 0.012736103615758231
0.8221200000000001 0.011009174311926604
0.8204 0.012736103615758231
0.81868 0.012628170534268752
0.8169600000000001 0.011872638963842417
0.8152400000000002 0.01122504047490556
0.81352 0.012844036697247707
0.8118000000000001 0.013059902860226659
0.8100799999999999 0.013707501349163518
0.8083600000000002 0.015650296815974095
0.8066400000000001 0.011980572045331895
0.8049200000000001 0.012196438208310848
0.8032 0.011548839719373987
0.80148 0.012844036697247707
0.7997600000000002 0.012736103615758231
0.7980400000000001 0.014355099838100379
0.7963200000000001 0.011980572045331895
0.7946 0.014355099838100379
0.79288 0.011872638963842417
0.7911600000000002 0.015866162978953047
0.7894400000000001 0.014247166756610901
0.7877200000000001 0.012304371289800324
0.786 0.01521856449001619
0.78428 0.010793308148947653
0.7825600000000001 0.014786832164058282
0.7808400000000002 0.01208850512682137
0.77912 0.013815434430652996
0.7774000000000001 0.01554236373448462
0.7756799999999999 0.012951969778737183
0.7739600000000002 0.013275769023205613
0.7722400000000001 0.01457096600107933
0.7705200000000001 0.014247166756610901
0.7688 0.016082029141932002
0.76708 0.013599568267674042
0.7653600000000003 0.015326497571505665
0.7636400000000001 0.014139233675121425
0.7619200000000002 0.016945493793847813
0.7602 0.01554236373448462
0.75848 0.014247166756610901
0.7567600000000002 0.017916891527253103
0.7550400000000002 0.016189962223421478
0.7533200000000001 0.01640582838640043
0.7516 0.014463032919589855
0.74988 0.015974096060442526
0.7481600000000002 0.016621694549379385
0.7464400000000002 0.016189962223421478
0.74472 0.017593092282784675
0.7430000000000001 0.017377226119805723
0.7412799999999999 0.01824069077172153
0.7395600000000002 0.015650296815974095
0.7378400000000002 0.01651376146788991
0.7361200000000001 0.017161359956826768
0.7344 0.015974096060442526
0.73268 0.01554236373448462
0.7309599999999999 0.01834862385321101
0.7292400000000001 0.017916891527253103
0.7275200000000002 0.015866162978953047
0.7258 0.016621694549379385
0.7240800000000001 0.016189962223421478
0.7223599999999999 0.018456556934700486
0.7206400000000002 0.018564490016189962
0.7189200000000001 0.01824069077172153
0.7172000000000001 0.01824069077172153
0.71548 0.017916891527253103
0.71376 0.018780356179168914
0.7120400000000002 0.01457096600107933
0.7103200000000001 0.016621694549379385
0.7086000000000001 0.016945493793847813
0.70688 0.017053426875337292
0.70516 0.016189962223421478
0.7034400000000002 0.016082029141932002
0.7017200000000001 0.015434430652995143
0.7000000000000001 0.017161359956826768
0.69828 0.014355099838100379
0.69656 0.01521856449001619
0.6948400000000001 0.018780356179168914
0.6931200000000002 0.015650296815974095
0.6914 0.017701025364274148
0.6896800000000001 0.017161359956826768
0.6879599999999999 0.015866162978953047
0.6862400000000002 0.015650296815974095
0.6845200000000001 0.015650296815974095
0.6828000000000001 0.01554236373448462
0.68108 0.015002698327037238
0.67936 0.016837560712358337
0.6776400000000002 0.015974096060442526
0.6759200000000001 0.01640582838640043
0.6742000000000001 0.01651376146788991
0.67248 0.01640582838640043
0.67076 0.01651376146788991
0.6690400000000002 0.017269293038316244
0.6673200000000001 0.01672962763086886
0.6656000000000001 0.019320021586616297
0.66388 0.017916891527253103
0.66216 0.016082029141932002
0.6604400000000001 0.020291419320021587
0.6587200000000002 0.01985968699406368
0.657 0.020399352401511063
0.6552800000000001 0.02061521856449002
0.6535600000000001 0.02061521856449002
0.6518400000000001 0.01813275769023206
0.6501200000000001 0.022234214786832164
0.6484000000000001 0.02245008094981112
0.64668 0.02061521856449002
0.6449600000000001 0.020075553157042635
0.64324 0.02050728548300054
0.6415200000000001 0.018564490016189962
0.6398000000000001 0.02201834862385321
0.63808 0.020939017808958443
0.6363600000000001 0.020075553157042635
0.6346400000000001 0.020075553157042635
0.63292 0.023421478683216406
0.6312000000000001 0.01899622234214787
0.62948 0.018780356179168914
0.6277600000000001 0.018888289260658393
0.62604 0.016945493793847813
0.62432 0.016297895304910954
0.6226 0.01834862385321101
0.6208800000000001 0.017808958445763627
0.6191600000000002 0.01985968699406368
0.6174400000000001 0.015866162978953047
0.61572 0.015002698327037238
0.6140000000000001 0.01672962763086886
0.61228 0.017269293038316244
0.6105600000000001 0.01521856449001619
0.60884 0.01672962763086886
0.60712 0.015974096060442526
0.6054000000000002 0.016189962223421478
0.60368 0.01640582838640043
0.6019600000000002 0.017269293038316244
0.6002400000000001 0.016189962223421478
0.59852 0.017161359956826768
0.5968000000000001 0.018456556934700486
0.59508 0.01640582838640043
0.5933600000000001 0.017593092282784675
0.59164 0.01899622234214787
0.58992 0.018456556934700486
0.5882000000000001 0.017053426875337292
0.5864800000000001 0.01921208850512682
0.5847600000000002 0.018456556934700486
0.5830400000000001 0.014678899082568806
0.5813200000000001 0.01672962763086886
0.5796000000000001 0.01640582838640043
0.5778800000000001 0.014355099838100379
0.5761600000000001 0.015866162978953047
0.5744400000000001 0.019104155423637345
0.57272 0.015434430652995143
0.5710000000000002 0.018564490016189962
0.56928 0.018888289260658393
0.5675600000000001 0.016082029141932002
0.5658400000000001 0.01672962763086886
0.5641200000000001 0.015974096060442526
0.5624000000000001 0.019320021586616297
0.5606800000000001 0.017701025364274148
0.55896 0.01813275769023206
0.5572400000000001 0.017269293038316244
0.55552 0.016837560712358337
0.5538000000000001 0.017808958445763627
0.5520800000000001 0.014355099838100379
0.55036 0.016945493793847813
0.5486400000000001 0.017161359956826768
0.5469200000000001 0.015434430652995143
0.5452000000000001 0.018672423097679438
0.5434800000000001 0.01640582838640043
0.54176 0.016297895304910954
0.5400400000000001 0.012736103615758231
0.53832 0.01554236373448462
0.5366000000000002 0.014355099838100379
0.53488 0.015326497571505665
0.5331600000000001 0.016189962223421478
0.5314400000000001 0.01672962763086886
0.5297200000000001 0.014355099838100379
0.5280000000000001 0.017161359956826768
0.5262800000000001 0.013815434430652996
0.52456 0.015974096060442526
0.5228400000000001 0.01640582838640043
0.52112 0.017377226119805723
0.5194000000000001 0.015434430652995143
0.5176800000000001 0.01824069077172153
0.51596 0.017053426875337292
0.5142400000000001 0.016621694549379385
0.5125200000000001 0.017053426875337292
0.5108000000000001 0.015326497571505665
0.5090800000000001 0.016082029141932002
0.50736 0.017053426875337292
0.5056400000000001 0.019967620075553156
0.4746800000000001 0.022126281705342688
0.47296000000000005 0.02201834862385321
0.4712400000000001 0.023853211009174313
0.46952000000000005 0.025472207231516462
0.4678 0.022773880194279547
0.4660800000000001 0.022234214786832164
0.46436000000000005 0.02676740420939018
0.46264000000000016 0.02514840798704803
0.4609200000000001 0.024608742579600648
0.45920000000000005 0.023745277927684834
0.4574800000000001 0.024069077172153265
0.45576000000000005 0.022558014031300592
0.4540400000000001 0.024716675661090124
0.45232000000000006 0.024392876416621696
0.4506 0.026983270372369132
0.4488800000000001 0.02730706961683756
0.44716000000000006 0.025580140313005935
0.44544 0.025796006475984887
0.4437200000000001 0.02881813275769023
0.44200000000000006 0.02892606583917971
0.4402800000000001 0.028170534268753374
0.43856000000000006 0.028710199676200757
0.43684 0.02892606583917971
0.43512000000000006 0.02881813275769023
0.4334 0.029681597409606044
0.4316800000000001 0.028170534268753374
0.42996000000000006 0.02881813275769023
0.42824 0.029573664328116565
0.4265200000000001 0.028710199676200757
0.42480000000000007 0.03108472746896924
0.4230800000000001 0.029681597409606044
0.42136000000000007 0.02924986508364814
0.41964 0.02892606583917971
0.41792000000000007 0.0248246087425796
0.4162 0.027738801942795467
0.4144800000000001 0.026875337290879653
0.41276000000000007 0.027522935779816515
0.41104 0.0229897463572585
0.40932000000000013 0.027738801942795467
0.4076000000000001 0.026011872638963845
0.40588000000000013 0.02396114409066379
0.4041600000000001 0.025256341068537504
0.40244 0.025472207231516462
0.4007200000000001 0.028494333513221802
0.399 0.026119805720453318
0.39728000000000013 0.02924986508364814
0.3955600000000001 0.025472207231516462
0.39384 0.022881813275769023
0.39212000000000014 0.02795466810577442
0.3904000000000001 0.025040474905558552
0.38868000000000014 0.02633567188343227
0.3869600000000001 0.023529411764705882
0.38524 0.023529411764705882
0.3835200000000001 0.025364274150026983
0.38180000000000003 0.021370750134916353
0.38008 0.0229897463572585
0.3783600000000001 0.02061521856449002
0.37664000000000003 0.023097679438747975
0.37492000000000014 0.023637344846195358
0.3732000000000001 0.01985968699406368
0.37148000000000003 0.025580140313005935
0.3697600000000001 0.02245008094981112
0.36804000000000003 0.023529411764705882
0.3663200000000001 0.022558014031300592
0.36460000000000004 0.022234214786832164
0.36288 0.020291419320021587
0.3611600000000001 0.023529411764705882
0.35944000000000004 0.022126281705342688
0.35772000000000015 0.02050728548300054
0.3560000000000001 0.02061521856449002
0.35428000000000004 0.02493254182406908
0.3525600000000001 0.024716675661090124
0.35084000000000004 0.023745277927684834
0.3491200000000001 0.021586616297895305
0.34740000000000004 0.02417701025364274
0.34568 0.02331354560172693
0.3439600000000001 0.022881813275769023
0.34224000000000004 0.024284943335132217
0.34052000000000016 0.025796006475984887
0.3388000000000001 0.025796006475984887
0.33708000000000005 0.02795466810577442
0.3353600000000001 0.0266594711279007
0.33364000000000005 0.024069077172153265
0.3319200000000001 0.026875337290879653
0.33020000000000005 0.028062601187263895
0.32848 0.026875337290879653
0.3267600000000001 0.028386400431732326
0.32504000000000005 0.0335671883432272
0.32332000000000016 0.0368051807879115
0.3216000000000001 0.035509983810037775
0.31988000000000005 0.034322719913653536
0.3181600000000001 0.034106853750674584
0.31644000000000005 0.03756071235833783
0.31472 0.04101457096600108
0.31300000000000006 0.040798704803022126
0.31128 0.038855909336211546
0.3095600000000001 0.047274689692390716
0.30784000000000006 0.04651915812196438
0.30612 0.045979492714517
0.3044000000000001 0.04846195358877496
0.30268000000000006 0.05644900161899622
0.3009600000000001 0.04867781975175391
0.29924000000000006 0.050080949811117104
0.29752 0.05116028062601187
0.29580000000000006 0.054182406907717216
0.29408 0.05018888289260658
0.2923600000000001 0.05277927684835402
0.29064000000000006 0.06098219104155424
0.28892 0.061845655693470045
0.2872000000000001 0.06335671883432273
0.28548000000000007 0.057096600107933076
0.2837600000000001 0.061845655693470045
0.28204000000000007 0.0703723691311387
0.28032 0.06972477064220182
0.27860000000000007 0.07145169994603347
0.27688 0.0767404209390178
0.2751600000000001 0.07922288181327578
0.27344000000000007 0.08699406368051807
0.27172 0.09033998920669185
0.27000000000000013 0.0923907177549919
0.2682800000000001 0.09044792228818133
0.26656000000000013 0.1033998920669185
0.2648400000000001 0.09692390717754992
0.26312 0.10221262817053427
0.2614000000000001 0.09843497031840259
0.25968 0.11548839719373988
0.25795999999999997 0.1282245008094981
0.2562400000000001 0.13405288720992983
0.25452 0.1310307609282245
0.25280000000000014 0.1328656233135456
0.2510800000000001 0.1297355639503508
0.24936 0.12649757150566648
0.24764000000000008 0.11214247166756612
0.24592000000000003 0.11948192120885051
0.2442000000000001 0.11484079870480303
0.24248000000000006 0.11451699946033458
0.24076 0.11365353480841878
0.23904000000000009 0.11322180248246089
0.23732000000000003 0.11138694009713977
0.23560000000000011 0.10188882892606585
0.23388000000000006 0.10210469508904478
0.23216 0.08440366972477065
0.2304400000000001 0.08354020507285484
0.22872000000000003 0.08170534268753374
0.22700000000000012 0.07717215326497572
0.22528000000000006 0.07209929843497032
0.22356 0.06702644360496492
0.2218400000000001 0.05688073394495413
0.22012000000000004 0.0616297895304911
0.21840000000000012 0.06281705342687534
0.21668000000000007 0.0657312466270912
0.21496 0.07307069616837561
0.2132400000000001 0.06918510523475445
0.21152000000000004 0.07166756610901241
0.20980000000000013 0.07274689692390718
0.20808000000000007 0.07512142471667566
0.20636000000000002 0.08418780356179169
0.2046400000000001 0.08202914193200216
0.20292000000000004 0.08483540205072854
0.20120000000000013 0.09692390717754992
0.19948000000000007 0.10512682137075013
0.19776000000000002 0.11689152725310308
0.1960400000000001 0.13588774959525096
0.19432000000000005 0.14279546681057745
0.1926 0.15294117647058822
0.19088000000000008 0.16200755531570427
0.18916000000000002 0.18532110091743118
0.1874400000000001 0.19902860226659472
0.18572000000000005 0.209066378845116
0.184 0.22309767943874798
0.18228000000000008 0.24543982730706962
0.18056000000000003 0.2764166216945494
0.1788400000000001 0.2888289260658392
0.17712000000000006 0.30868861305990286
0.1754 0.3077172153264976
0.17368000000000008 0.28677819751753914
0.17196000000000003 0.2640043173232596
0.1702400000000001 0.24058283864004318
0.16852000000000006 0.24025903939557475
0.1668 0.23043712898003238
0.1650800000000001 0.22093901780895844
0.16336000000000003 0.2229897463572585
0.16164000000000012 0.20712358337830547
0.15992000000000006 0.20852671343766863
0.1582 0.1966540744738262
0.1564800000000001 0.18359417161359956
0.15476000000000004 0.1660010793308149
0.15304000000000012 0.15693470048569888
0.15132000000000007 0.15099838100377766
0.1496 0.1380464112250405
0.1478800000000001 0.128872099298435
0.14616000000000004 0.11797085806799784
0.14444000000000012 0.10642201834862385
0.14272000000000007 0.10458715596330276
0.14100000000000001 0.09454937938478143
0.11004 0.0565569347004857
0.10832000000000008 0.05450620615218565
0.10660000000000003 0.053750674581759306
0.10488000000000011 0.058823529411764705
0.10316000000000006 0.056988667026443604
0.10144 0.05688073394495413
0.09972000000000009 0.055369670804101455
0.09800000000000003 0.05407447382622774
0.09628000000000012 0.05493793847814355
0.09456000000000006 0.05256341068537507
0.09284 0.050728548300053966
0.09112000000000009 0.04673502428494333
0.08940000000000003 0.0409066378845116
0.08768000000000012 0.048893685914732865
0.08596000000000006 0.04220183486238532
0.08424000000000001 0.04252563410685375
0.0825200000000001 0.04241770102536427
0.08080000000000004 0.04241770102536427
0.07908000000000012 0.045979492714517
0.07736000000000007 0.03961144090663789
0.07564000000000001 0.04500809498111171
0.0739200000000001 0.04252563410685375
0.07220000000000004 0.04403669724770642
0.07047999999999999 0.04813815434430653
0.06876000000000007 0.05116028062601187
0.06704000000000002 0.05299514301133298
0.0653200000000001 0.062277388019427955
0.06360000000000005 0.06745817593092283
0.06187999999999999 0.07965461413923368
0.060160000000000075 0.09541284403669725
0.05844000000000002 0.11332973556395035
0.056720000000000104 0.13480841878035618
0.05500000000000005 0.16848354020507286
0.053279999999999994 0.19881273610361574
0.05156000000000008 0.2451160280626012
0.04984000000000002 0.34031300593631947
0.04812000000000011 0.47738801942795467
0.04640000000000005 0.6572045331894225
0.04468 0.8589314624932541
0.04296000000000008 0.9640582838640044
0.04124000000000003 1.0
0.03952000000000011 0.9876956287101997
0.037800000000000056 0.9353480841878036
0.03608 0.8812736103615758
0.034360000000000085 0.8144630329195899
0.03264000000000003 0.7685914732865624
0.030920000000000045 0.7256341068537506
0.02920000000000006 0.67835941716136
0.027480000000000074 0.6478143550998382
0.02576000000000009 0.6359417161359957
0.024040000000000034 0.6388559093362115
0.022320000000000048 0.6568807339449542
0.020600000000000063 0.6922827846735023
0.018880000000000077 0.7492714516999461
0.017160000000000022 0.8087425796006475
0.015440000000000037 0.8771721532649758
0.013720000000000052 0.944738262277388
0.012000000000000066 0.9308148947652455
0.01028000000000008 0.8750134916351863
0.008560000000000026 0.7598488936859147
0.0068400000000000405 0.5942795466810578
0.005120000000000055 0.45774419859687
0.0034000000000000696 0.3362115488397194
0.0016800000000000842 0.26076632487857526
-3.9999999999970615e-05 0.211548839719374
-0.001759999999999956 0.17409606044252565
-0.0034799999999999415 0.14603345925526176
-0.005199999999999927 0.1305990286022666
-0.006919999999999912 0.11743119266055045
-0.008639999999999967 0.10307609282245007
-0.010359999999999953 0.09983810037776579
-0.012079999999999938 0.09530491095520777
-0.013799999999999923 0.08720992984349703
-0.015519999999999978 0.07814355099838101
-0.017239999999999964 0.07889908256880733
-0.01895999999999995 0.07879114948731786
-0.020679999999999935 0.07371829465731246
-0.02239999999999992 0.06735024284943335
-0.024119999999999975 0.06691851052347544
-0.02583999999999996 0.06767404209390178
-0.027559999999999946 0.06119805720453319
-0.02927999999999993 0.057420399352401515
-0.030999999999999917 0.06346465191581219
-0.03271999999999997 0.06378845116028063
-0.03443999999999996 0.06216945493793848
-0.03615999999999994 0.06551538046411225
-0.03787999999999993 0.0528872099298435
-0.03959999999999991 0.05774419859686994
-0.04131999999999997 0.0565569347004857
-0.04303999999999995 0.05321100917431192
-0.04475999999999994 0.052347544522396115
-0.046479999999999924 0.05342687533729088
-0.04819999999999998 0.052239611440906636
-0.049919999999999964 0.04824608742579601
-0.05163999999999995 0.04846195358877496
-0.053359999999999935 0.04479222881813276
-0.05507999999999992 0.04403669724770642
-0.056799999999999976 0.04371289800323799
-0.05851999999999996 0.04328116567728009
-0.060239999999999946 0.04338909875876957
-0.06195999999999993 0.042849433351322186
-0.06367999999999992 0.04112250404749056
-0.06539999999999997 0.03810037776578521
-0.06711999999999996 0.037128980032379924
-0.06883999999999994 0.0335671883432272
-0.07055999999999993 0.033675121424716674
-0.07227999999999998 0.032379924446842956
