0.8393200000000001 0.01734019103600294
0.8376 0.018956649522409993
0.83588 0.021013960323291697
0.8341600000000002 0.018956649522409993
0.8324400000000001 0.01734019103600294
0.8307200000000001 0.020573108008817047
0.829 0.016458486407053635
0.82728 0.019985304922850843
0.8255600000000002 0.020573108008817047
0.8238400000000001 0.020573108008817047
0.8221200000000001 0.01734019103600294
0.8204 0.01851579720793534
0.81868 0.025569434239529756
0.8169600000000001 0.018074944893460693
0.8152400000000002 0.020573108008817047
0.81352 0.019691403379867745
0.8118000000000001 0.02204261572373255
0.8100799999999999 0.020279206465833945
0.8083600000000002 0.023218221895664953
0.8066400000000001 0.021601763409257898
0.8049200000000001 0.023365172667156504
0.8032 0.02233651726671565
0.80148 0.020867009551800146
0.7997600000000002 0.020132255694342394
0.7980400000000001 0.023218221895664953
0.7963200000000001 0.021601763409257898
0.7946 0.021454812637766347
0.79288 0.025569434239529756
0.7911600000000002 0.0230712711241734
0.7894400000000001 0.026304188096987507
0.7877200000000001 0.023218221895664953
0.786 0.024540778839088905
0.78428 0.025422483468038208
0.7825600000000001 0.023806024981631153
0.7808400000000002 0.023952975753122704
0.77912 0.018956649522409993
0.7774000000000001 0.024099926524614252
0.7756799999999999 0.025422483468038208
0.7739600000000002 0.024981631153563555
0.7722400000000001 0.027332843497428365
0.7705200000000001 0.024393828067597358
0.7688 0.023659074210139606
0.76708 0.0224834680382072
0.7653600000000003 0.02777369581190301
0.7636400000000001 0.022630418809698752
0.7619200000000002 0.027626745040411464
0.7602 0.02586333578251286
0.75848 0.024393828067597358
0.7567600000000002 0.022777369581190303
0.7550400000000002 0.026598089639970613
0.7533200000000001 0.02821454812637766
0.7516 0.024834680382072004
0.74988 0.027626745040411464
0.7481600000000002 0.03085966201322557
0.7464400000000002 0.027332843497428365
0.74472 0.02615723732549596
0.7430000000000001 0.029243203526818515
0.7412799999999999 0.029096252755326967
0.7395600000000002 0.029390154298310066
0.7378400000000002 0.027332843497428365
0.7361200000000001 0.02586333578251286
0.7344 0.02777369581190301
0.73268 0.023659074210139606
0.7309599999999999 0.02645113886847906
0.7292400000000001 0.0230712711241734
0.7275200000000002 0.023952975753122704
0.7258 0.023218221895664953
0.7240800000000001 0.024981631153563555
0.7223599999999999 0.025569434239529756
0.7206400000000002 0.0224834680382072
0.7189200000000001 0.024687729610580456
0.7172000000000001 0.023218221895664953
0.71548 0.02718589272593681
0.71376 0.024981631153563555
0.7120400000000002 0.023659074210139606
0.7103200000000001 0.025569434239529756
0.7086000000000001 0.02615723732549596
0.70688 0.025716385011021307
0.70516 0.025569434239529756
0.7034400000000002 0.024981631153563555
0.7017200000000001 0.021601763409257898
0.7000000000000001 0.023218221895664953
0.69828 0.02512858192505511
0.69656 0.022777369581190303
0.6948400000000001 0.023659074210139606
0.6931200000000002 0.025569434239529756
0.6914 0.022630418809698752
0.6896800000000001 0.024099926524614252
0.6879599999999999 0.02586333578251286
0.6862400000000002 0.02674504041146216
0.6845200000000001 0.027332843497428365
0.6828000000000001 0.02703894195444526
0.68108 0.02777369581190301
0.67936 0.03203526818515797
0.6776400000000002 0.03100661278471712
0.6759200000000001 0.03497428361498898
0.6742000000000001 0.03379867744305658
0.67248 0.03203526818515797
0.67076 0.030124908155767818
0.6690400000000002 0.029977957384276267
0.6673200000000001 0.03409257898603968
0.6656000000000001 0.03232916972814107
0.66388 0.03409257898603968
0.66216 0.033504775900073475
0.6604400000000001 0.033651726671565026
0.6587200000000002 0.035709037472446734
0.657 0.035709037472446734
0.6552800000000001 0.03761939750183688
0.6535600000000001 0.033357825128581924
0.6518400000000001 0.03703159441587068
0.6501200000000001 0.029537105069801617
0.6484000000000001 0.03203526818515797
0.64668 0.03423952975753123
0.6449600000000001 0.034533431300514325
0.64324 0.033357825128581924
0.6415200000000001 0.029537105069801617
0.6398000000000001 0.03306392358559882
0.63808 0.029390154298310066
0.6363600000000001 0.03027185892725937
0.6346400000000001 0.026304188096987507
0.63292 0.02645113886847906
0.6312000000000001 0.022777369581190303
0.62948 0.02204261572373255
0.6277600000000001 0.02351212343864805
0.62604 0.021013960323291697
0.62432 0.023659074210139606
0.6226 0.022777369581190303
0.6208800000000001 0.024981631153563555
0.6191600000000002 0.02233651726671565
0.6174400000000001 0.024246877296105803
0.61572 0.02351212343864805
0.6140000000000001 0.024540778839088905
0.61228 0.020867009551800146
0.6105600000000001 0.02674504041146216
0.60884 0.024246877296105803
0.60712 0.025275532696546657
0.6054000000000002 0.0224834680382072
0.60368 0.0230712711241734
0.6019600000000002 0.023806024981631153
0.6002400000000001 0.023952975753122704
0.59852 0.0230712711241734
0.5968000000000001 0.020279206465833945
0.59508 0.020573108008817047
0.5933600000000001 0.023659074210139606
0.59164 0.023806024981631153
0.58992 0.025716385011021307
0.5882000000000001 0.023365172667156504
0.5864800000000001 0.0213078618662748
0.5847600000000002 0.023365172667156504
0.5830400000000001 0.020279206465833945
0.5813200000000001 0.023218221895664953
0.5796000000000001 0.021601763409257898
0.5778800000000001 0.020867009551800146
0.5761600000000001 0.02351212343864805
0.5744400000000001 0.019838354151359296
0.57272 0.022630418809698752
0.5710000000000002 0.020279206465833945
0.56928 0.021454812637766347
0.5675600000000001 0.019985304922850843
0.5658400000000001 0.019103600293901544
0.5641200000000001 0.02233651726671565
0.5624000000000001 0.01792799412196914
0.5606800000000001 0.02292432035268185
0.55896 0.021601763409257898
0.5572400000000001 0.01851579720793534
0.55552 0.01925055106539309
0.5538000000000001 0.019103600293901544
0.5520800000000001 0.017781043350477588
0.55036 0.020279206465833945
0.5486400000000001 0.020867009551800146
0.5469200000000001 0.01792799412196914
0.5452000000000001 0.019691403379867745
0.5434800000000001 0.023806024981631153
0.54176 0.01880969875091844
0.5400400000000001 0.019985304922850843
0.53832 0.019544452608376194
0.5366000000000002 0.020573108008817047
0.53488 0.0221895664952241
0.5331600000000001 0.01851579720793534
0.5314400000000001 0.019691403379867745
0.5297200000000001 0.022630418809698752
0.5280000000000001 0.021160911094783248
0.5262800000000001 0.024393828067597358
0.52456 0.023365172667156504
0.5228400000000001 0.024540778839088905
0.52112 0.02689199118295371
0.5194000000000001 0.025422483468038208
0.5176800000000001 0.026304188096987507
0.51596 0.025275532696546657
0.5142400000000001 0.027332843497428365
0.5125200000000001 0.025569434239529756
0.5108000000000001 0.03100661278471712
0.5090800000000001 0.027479794268919912
0.50736 0.029390154298310066
0.5056400000000001 0.02718589272593681
0.4746800000000001 0.042909625275532694
0.47296000000000005 0.03850110213078618
0.4712400000000001 0.041293166789125646
0.46952000000000005 0.04188096987509184
0.4678 0.0434974283614989
0.4660800000000001 0.040117560617193244
0.46436000000000005 0.0434974283614989
0.46264000000000016 0.04188096987509184
0.4609200000000001 0.04188096987509184
0.45920000000000005 0.04099926524614254
0.4574800000000001 0.0461425422483468
0.45576000000000005 0.0426157237325496
0.4540400000000001 0.04805290227773696
0.45232000000000006 0.04173401910360029
0.4506 0.04276267450404115
0.4488800000000001 0.043056576047024245
0.44716000000000006 0.03952975753122704
0.44544 0.0434974283614989
0.4437200000000001 0.03806024981631154
0.44200000000000006 0.04144011756061719
0.4402800000000001 0.0434974283614989
0.43856000000000006 0.04099926524614254
0.43684 0.041146216017634095
0.43512000000000006 0.034533431300514325
0.4334 0.038795003673769285
0.4316800000000001 0.039970609845701686
0.42996000000000006 0.039970609845701686
0.42824 0.03717854518736224
0.4265200000000001 0.036737692872887584
0.42480000000000007 0.03659074210139603
0.4230800000000001 0.037766348273328434
0.42136000000000007 0.03423952975753123
0.41964 0.035709037472446734
0.41792000000000007 0.036737692872887584
0.4162 0.03967670830271859
0.4144800000000001 0.038941954445260836
0.41276000000000007 0.03585598824393828
0.41104 0.03644379132990448
0.40932000000000013 0.034386480529022774
0.4076000000000001 0.03409257898603968
0.40588000000000013 0.036737692872887584
0.4041600000000001 0.03908890521675239
0.40244 0.03468038207200588
0.4007200000000001 0.033357825128581924
0.399 0.03541513592946363
0.39728000000000013 0.03541513592946363
0.3955600000000001 0.035562086700955176
0.39384 0.036737692872887584
0.39212000000000014 0.03835415135929464
0.3904000000000001 0.038941954445260836
0.38868000000000014 0.03394562821454813
0.3869600000000001 0.032623071271124175
0.38524 0.03291697281410727
0.3835200000000001 0.034386480529022774
0.38180000000000003 0.032770022042615726
0.38008 0.03482733284349743
0.3783600000000001 0.03644379132990448
0.37664000000000003 0.03761939750183688
0.37492000000000014 0.03497428361498898
0.3732000000000001 0.03923585598824394
0.37148000000000003 0.04423218221895665
0.3697600000000001 0.04540778839088905
0.36804000000000003 0.04070536370315944
0.3663200000000001 0.042174871418074945
0.36460000000000004 0.03703159441587068
0.36288 0.04452608376193975
0.3611600000000001 0.043938280675973544
0.35944000000000004 0.04540778839088905
0.35772000000000015 0.048346803820720055
0.3560000000000001 0.049522409992652464
0.35428000000000004 0.0458486407053637
0.3525600000000001 0.050844966936076416
0.35084000000000004 0.04922850844966936
0.3491200000000001 0.050551065393093314
0.34740000000000004 0.048346803820720055
0.34568 0.05525349008082293
0.3439600000000001 0.05466568699485673
0.34224000000000004 0.058339456282145485
0.34052000000000016 0.06407053637031594
0.3388000000000001 0.06201322556943424
0.33708000000000005 0.06759735488611315
0.3353600000000001 0.062160176340925785
0.33364000000000005 0.0636296840558413
0.3319200000000001 0.07024246877296106
0.33020000000000005 0.07156502571638501
0.32848 0.07876561351947098
0.3267600000000001 0.07876561351947098
0.32504000000000005 0.08052902277736958
0.32332000000000016 0.07759000734753857
0.3216000000000001 0.08199853049228507
0.31988000000000005 0.07773695811903013
0.3181600000000001 0.07729610580455548
0.31644000000000005 0.07538574577516531
0.31472 0.07641440117560618
0.31300000000000006 0.08170462894930199
0.31128 0.07729610580455548
0.3095600000000001 0.08199853049228507
0.30784000000000006 0.07685525349008082
0.30612 0.07141807494489347
0.3044000000000001 0.07509184423218222
0.30268000000000006 0.07612049963262307
0.3009600000000001 0.08126377663482733
0.29924000000000006 0.08317413666421748
0.29752 0.08420279206465833
0.29580000000000006 0.08317413666421748
0.29408 0.08420279206465833
0.2923600000000001 0.08831741366642175
0.29064000000000006 0.08052902277736958
0.28892 0.08376193975018369
0.2872000000000001 0.07759000734753857
0.28548000000000007 0.08214548126377663
0.2837600000000001 0.09184423218221896
0.28204000000000007 0.09096252755326965
0.28032 0.0855253490080823
0.27860000000000007 0.09639970609845701
0.27688 0.09390154298310066
0.2751600000000001 0.10551065393093313
0.27344000000000007 0.11256429096252754
0.27172 0.10257163850110212
0.27000000000000013 0.1135929463629684
0.2682800000000001 0.1135929463629684
0.26656000000000013 0.11741366642174872
0.2648400000000001 0.11418074944893461
0.26312 0.12182218956649524
0.2614000000000001 0.11373989713445996
0.25968 0.1121234386480529
0.25795999999999997 0.11711976487876562
0.2562400000000001 0.1109478324761205
0.25452 0.10756796473181485
0.25280000000000014 0.1115356355620867
0.2510800000000001 0.10521675238795003
0.24936 0.11006612784717121
0.24764000000000008 0.10492285084496694
0.24592000000000003 0.10962527553269653
0.2442000000000001 0.09684055841293168
0.24248000000000006 0.09742836149889786
0.24076 0.0867009551800147
0.23904000000000009 0.08243938280675973
0.23732000000000003 0.07626745040411462
0.23560000000000011 0.07141807494489347
0.23388000000000006 0.0683321087435709
0.23216 0.07053637031594416
0.2304400000000001 0.07259368111682586
0.22872000000000003 0.06715650257163851
0.22700000000000012 0.06186627479794269
0.22528000000000006 0.06113152094048494
0.22356 0.05804555473916238
0.2218400000000001 0.05878030859662013
0.22012000000000004 0.06274797942689199
0.21840000000000012 0.06054371785451874
0.21668000000000007 0.05466568699485673
0.21496 0.05202057310800882
0.2132400000000001 0.05848640705363703
0.21152000000000004 0.05569434239529757
0.20980000000000013 0.05569434239529757
0.20808000000000007 0.05922116091109478
0.20636000000000002 0.06098457016899339
0.2046400000000001 0.0662747979426892
0.20292000000000004 0.07597354886113153
0.20120000000000013 0.08684790595150625
0.19948000000000007 0.10066127847171198
0.19776000000000002 0.1071271124173402
0.1960400000000001 0.1103600293901543
0.19432000000000005 0.11300514327700222
0.1926 0.13431300514327701
0.19088000000000008 0.15635562086700955
0.18916000000000002 0.1594415870683321
0.1874400000000001 0.16267450404114622
0.18572000000000005 0.1523879500367377
0.184 0.12916972814107275
0.18228000000000008 0.12476120499632624
0.18056000000000003 0.12079353416605437
0.1788400000000001 0.11667891256429097
0.17712000000000006 0.14092578986039678
0.1754 0.1334313005143277
0.17368000000000008 0.13534166054371785
0.17196000000000003 0.1272593681116826
0.1702400000000001 0.13857457751653196
0.16852000000000006 0.12623071271124175
0.1668 0.1351947097722263
0.1650800000000001 0.13504775900073476
0.16336000000000003 0.13651726671565026
0.16164000000000012 0.1337252020573108
0.15992000000000006 0.14033798677443057
0.1582 0.14151359294636295
0.1564800000000001 0.15400440852314473
0.15476000000000004 0.14268919911829536
0.15304000000000012 0.14900808229243204
0.15132000000000007 0.14151359294636295
0.1496 0.1413666421748714
0.1478800000000001 0.14518736223365172
0.14616000000000004 0.13872152828802353
0.14444000000000012 0.1346069066862601
0.14272000000000007 0.12123438648052902
0.14100000000000001 0.11873622336517266
0.11004 0.12005878030859662
0.10832000000000008 0.12549595885378398
0.10660000000000003 0.12123438648052902
0.10488000000000011 0.1083027185892726
0.10316000000000006 0.11182953710506979
0.10144 0.10036737692872887
0.09972000000000009 0.08831741366642175
0.09800000000000003 0.08199853049228507
0.09628000000000012 0.08023512123438649
0.09456000000000006 0.07656135194709772
0.09284 0.07156502571638501
0.09112000000000009 0.0683321087435709
0.08940000000000003 0.06274797942689199
0.08768000000000012 0.06171932402645114
0.08596000000000006 0.06436443791329904
0.08424000000000001 0.0677443056576047
0.0825200000000001 0.07465099191770756
0.08080000000000004 0.0703894195444526
0.07908000000000012 0.08141072740631888
0.07736000000000007 0.09140337986774431
0.07564000000000001 0.09155033063923586
0.0739200000000001 0.10242468772961058
0.07220000000000004 0.12608376193975018
0.07047999999999999 0.1278471711976488
0.06876000000000007 0.1390154298310066
0.06704000000000002 0.15870683321087437
0.0653200000000001 0.1550330639235856
0.06360000000000005 0.16252755326965465
0.06187999999999999 0.1769287288758266
0.060160000000000075 0.19368111682586336
0.05844000000000002 0.19221160911094784
0.056720000000000104 0.20661278471711975
0.05500000000000005 0.21822189566495223
0.053279999999999994 0.2402645113886848
0.05156000000000008 0.2621601763409258
0.04984000000000002 0.299338721528288
0.04812000000000011 0.36620132255694343
0.04640000000000005 0.4864070536370316
0.04468 0.5713445995591477
0.04296000000000008 0.6057310800881704
0.04124000000000003 0.5969140337986775
0.03952000000000011 0.5438648052902278
0.037800000000000056 0.46745040411462163
0.03608 0.42292432035268185
0.034360000000000085 0.3997060984570169
0.03264000000000003 0.3600293901542983
0.030920000000000045 0.3375459221160911
0.02920000000000006 0.33592946362968407
0.027480000000000074 0.34695077149155035
0.02576000000000009 0.3544452608376194
0.024040000000000034 0.3829537105069802
0.022320000000000048 0.426451138868479
0.020600000000000063 0.4737692872887582
0.018880000000000077 0.5322556943423953
0.017160000000000022 0.6355620867009552
0.015440000000000037 0.7545922116091109
0.013720000000000052 0.8398236590742102
0.012000000000000066 0.9263776634827332
0.01028000000000008 1.0
0.008560000000000026 0.9394562821454812
0.0068400000000000405 0.8310066127847171
0.005120000000000055 0.6975753122703894
0.0034000000000000696 0.5544452608376195
0.0016800000000000842 0.44775900073475383
-3.9999999999970615e-05 0.366348273328435
-0.001759999999999956 0.3091844232182219
-0.0034799999999999415 0.26759735488611314
-0.005199999999999927 0.2310066127847171
-0.006919999999999912 0.20044085231447467
-0.008639999999999967 0.1807494489346069
-0.010359999999999953 0.17472446730345334
-0.012079999999999938 0.1623806024981631
-0.013799999999999923 0.15018368846436445
-0.015519999999999978 0.13960323291697282
-0.017239999999999964 0.1393093313739897
-0.01895999999999995 0.12343864805290228
-0.020679999999999935 0.11388684790595151
-0.02239999999999992 0.10742101396032329
-0.024119999999999975 0.10933137398971346
-0.02583999999999996 0.1071271124173402
-0.027559999999999946 0.09537105069801617
-0.02927999999999993 0.09801616458486408
-0.030999999999999917 0.09155033063923586
-0.03271999999999997 0.0916972814107274
-0.03443999999999996 0.0916972814107274
-0.03615999999999994 0.08243938280675973
-0.03787999999999993 0.08508449669360764
-0.03959999999999991 0.07641440117560618
-0.04131999999999997 0.07288758265980896
-0.04303999999999995 0.07612049963262307
-0.04475999999999994 0.0677443056576047
-0.046479999999999924 0.06877296105804555
-0.04819999999999998 0.07112417340191035
-0.049919999999999964 0.06245407788390889
-0.05163999999999995 0.05966201322556944
-0.053359999999999935 0.05540044085231448
-0.05507999999999992 0.05863335782512858
-0.056799999999999976 0.05569434239529757
-0.05851999999999996 0.05349008082292432
-0.060239999999999946 0.04996326230712711
-0.06195999999999993 0.050698016164584865
-0.06367999999999992 0.0470242468772961
-0.06539999999999997 0.04085231447465099
-0.06711999999999996 0.041293166789125646
-0.06883999999999994 0.04144011756061719
-0.07055999999999993 0.04041146216017634
-0.07227999999999998 0.04055841293166789
