0.8393200000000001 0.0032112599070784364
0.8376 0.0034390088366584677
0.83588 0.0035604749324344843
0.8341600000000002 0.003621207980322493
0.8324400000000001 0.00425890498314658
0.8307200000000001 0.005078801129634691
0.829 0.005716498132458777
0.82728 0.0058227809662627925
0.8255600000000002 0.007151316388812973
0.8238400000000001 0.00705262518599496
0.8221200000000001 0.008510218335307157
0.8204 0.010165193890255383
0.81868 0.00978561234095533
0.8169600000000001 0.010605508487443441
0.8152400000000002 0.012237709149433664
0.81352 0.013520694786067839
0.8118000000000001 0.016284048464972216
0.8100799999999999 0.016959703622726308
0.8083600000000002 0.01728614375512435
0.8066400000000001 0.018326197200206493
0.8049200000000001 0.021279341653760896
0.8032 0.023549239318575204
0.80148 0.02405787859463727
0.7997600000000002 0.023784579879141236
0.7980400000000001 0.023974370653791263
0.7963200000000001 0.02698065652424767
0.7946 0.02986547629892806
0.79288 0.02947071148765601
0.7911600000000002 0.029318878867935987
0.7894400000000001 0.02882542285384592
0.7877200000000001 0.031209194983450247
0.786 0.03198354134402235
0.78428 0.03179375056937232
0.7825600000000001 0.03183930035528833
0.7808400000000002 0.034116789651088636
0.77912 0.036864960068021015
0.7774000000000001 0.03846679420606723
0.7756799999999999 0.041442713552579634
0.7739600000000002 0.04009899486805746
0.7722400000000001 0.03908171631593331
0.7705200000000001 0.03772281436943913
0.7688 0.038292186693389206
0.76708 0.03714585041450305
0.7653600000000003 0.03757098174971911
0.7636400000000001 0.03854271051592724
0.7619200000000002 0.03659166135252498
0.7602 0.03558197443138684
0.75848 0.03329689350460053
0.7567600000000002 0.03220369864261638
0.7550400000000002 0.031831708724302334
0.7533200000000001 0.033570192220096565
0.7516 0.03342595123136255
0.74988 0.03339558470741854
0.7481600000000002 0.029068355045397953
0.7464400000000002 0.027398196228477726
0.74472 0.028294008684825848
0.7430000000000001 0.026578300081989616
0.7412799999999999 0.025515471743949473
0.7395600000000002 0.025189031611551428
0.7378400000000002 0.02228143694391303
0.7361200000000001 0.0198824815523367
0.7344 0.01807567337766846
0.73268 0.017301327017096354
0.7309599999999999 0.015912058546658163
0.7292400000000001 0.01418116668184993
0.7275200000000002 0.012776714949439738
0.7258 0.011281163645197535
0.7240800000000001 0.01080289089307947
0.7223599999999999 0.010446084236737421
0.7206400000000002 0.009079590659257234
0.7189200000000001 0.008624092800097172
0.7172000000000001 0.0074473899972670125
0.71548 0.00632382861133886
0.71376 0.00499529318878868
0.7120400000000002 0.004858643831040661
0.7103200000000001 0.004539795329628617
0.7086000000000001 0.004668853056390635
0.70688 0.004137438887370563
0.70516 0.004053930946524551
0.7034400000000002 0.004486653912726611
0.7017200000000001 0.0040463393155385505
0.7000000000000001 0.0049345601409006715
0.69828 0.005488749202878746
0.69656 0.005815189335276791
0.6948400000000001 0.007682730557833045
0.6931200000000002 0.008343202453615136
0.6914 0.008145820047979108
0.6896800000000001 0.010256293462087394
0.6879599999999999 0.011417813002945554
0.6862400000000002 0.012807081473383742
0.6845200000000001 0.015319911329750085
0.6828000000000001 0.016792687741034283
0.68108 0.017141902766390334
0.67936 0.019039810512890592
0.6776400000000002 0.02044426224530078
0.6759200000000001 0.021712064619962952
0.6742000000000001 0.025340864231271448
0.67248 0.025720445780571498
0.67076 0.026069660805927545
0.6690400000000002 0.02859008229327989
0.6673200000000001 0.02926573745103398
0.6656000000000001 0.03415474780601865
0.66388 0.03683459354407701
0.66216 0.03855789377789924
0.6604400000000001 0.03764689805957912
0.6587200000000002 0.041268106039901616
0.657 0.041784336946949684
0.6552800000000001 0.04447936594698005
0.6535600000000001 0.046969420910388394
0.6518400000000001 0.04681758829066837
0.6501200000000001 0.04582308463150223
0.6484000000000001 0.047728584008988495
0.64668 0.04885214539491665
0.6449600000000001 0.04814612371321855
0.64324 0.05043879627099086
0.6415200000000001 0.046149524763900274
0.6398000000000001 0.04718198657799642
0.63808 0.04940633445689472
0.6363600000000001 0.05096261880902493
0.6346400000000001 0.0507120949864869
0.63292 0.050909477392122926
0.6312000000000001 0.05159272418086302
0.62948 0.05064377030761289
0.6277600000000001 0.05251131153016915
0.62604 0.05156994928790501
0.62432 0.04907230269351067
0.6226 0.04982387416112478
0.6208800000000001 0.04830554796392457
0.6191600000000002 0.044114967659652005
0.6174400000000001 0.042794023868087824
0.61572 0.04257386656949379
0.6140000000000001 0.04208800218638972
0.61228 0.03953721417509337
0.6105600000000001 0.03669794418632899
0.60884 0.03385867419756461
0.60712 0.02955421942850202
0.6054000000000002 0.027603170265099758
0.60368 0.032249248428532384
0.6019600000000002 0.031216786614436245
0.6002400000000001 0.030859979958094197
0.59852 0.029364428653851995
0.5968000000000001 0.024589292763657344
0.59508 0.02227384531292703
0.5933600000000001 0.021712064619962952
0.59164 0.02152986547629893
0.58992 0.018705778749506546
0.5882000000000001 0.017088761349488325
0.5864800000000001 0.01674713795511828
0.5847600000000002 0.015319911329750085
0.5830400000000001 0.013141113236767787
0.5813200000000001 0.013938234490297895
0.5796000000000001 0.012131426315629652
0.5778800000000001 0.01073456621420546
0.5761600000000001 0.01052200054659743
0.5744400000000001 0.009861528650815342
0.57272 0.00852540159727916
0.5710000000000002 0.008047128845161095
0.56928 0.008282469405727126
0.5675600000000001 0.007895296225441073
0.5658400000000001 0.00851780996629316
0.5641200000000001 0.008639276062069176
0.5624000000000001 0.008783517050803194
0.5606800000000001 0.009656554614193314
0.55896 0.009869120281801343
0.5572400000000001 0.010104460842367375
0.55552 0.01125079712125353
0.5538000000000001 0.01271598190155173
0.5520800000000001 0.013497919893109837
0.55036 0.013148704867753788
0.5486400000000001 0.013877501442409889
0.5469200000000001 0.015304728067778082
0.5452000000000001 0.014909963256506028
0.5434800000000001 0.017073578087516323
0.54176 0.021347666332634904
0.5400400000000001 0.02140080774953691
0.53832 0.020087455588958733
0.5366000000000002 0.02119583371291488
0.53488 0.02462725091858735
0.5331600000000001 0.025325680969299446
0.5314400000000001 0.029220187665117973
0.5297200000000001 0.03398773192432662
0.5280000000000001 0.035460508335610826
0.5262800000000001 0.036773860496189
0.52456 0.03867935987367526
0.5228400000000001 0.04325711335823388
0.52112 0.04460842367374207
0.5194000000000001 0.04687832133855638
0.5176800000000001 0.050788011296346906
0.51596 0.054978591600619485
0.5142400000000001 0.0550924660654095
0.5125200000000001 0.05423461176399138
0.5108000000000001 0.054735659409067446
0.5090800000000001 0.0574155051471258
0.50736 0.05487230876681546
0.5056400000000001 0.05774194527952386
0.4746800000000001 0.08910297288269413
0.47296000000000005 0.09002156023200024
0.4712400000000001 0.08762260484042392
0.46952000000000005 0.08104825240654702
0.4678 0.0742841091980201
0.4660800000000001 0.07008593726276154
0.46436000000000005 0.06514378549087486
0.46264000000000016 0.06412650693875073
0.4609200000000001 0.06409614041480671
0.45920000000000005 0.061849017642950414
0.4574800000000001 0.0610063466035043
0.45576000000000005 0.05950320366827609
0.4540400000000001 0.05672466672739972
0.45232000000000006 0.0543712611217394
0.4506 0.053407123986517265
0.4488800000000001 0.05455346026540342
0.44716000000000006 0.055183565637241506
0.44544 0.055601105341471564
0.4437200000000001 0.051334608727338985
0.44200000000000006 0.05283016003158118
0.4402800000000001 0.051228325893534966
0.43856000000000006 0.051304242203394974
0.43684 0.0477589505329325
0.43512000000000006 0.0470908870061644
0.4334 0.04816130697519055
0.4316800000000001 0.04537517840332818
0.42996000000000006 0.04255868330752179
0.42824 0.04012936139200146
0.4265200000000001 0.03965108863988339
0.42480000000000007 0.03625762958914094
0.4230800000000001 0.03314506088488051
0.42136000000000007 0.029948984239774074
0.41964 0.028172542589049835
0.41792000000000007 0.024369135465063314
0.4162 0.02302541678054113
0.4144800000000001 0.021947405180528987
0.41276000000000007 0.021674106465032948
0.41104 0.022752118065045093
0.40932000000000013 0.023640338890407214
0.4076000000000001 0.025925419817193526
0.40588000000000013 0.02821050074397984
0.4041600000000001 0.02546233032704746
0.40244 0.02521180650450943
0.4007200000000001 0.02729191339467371
0.399 0.03407123986517264
0.39728000000000013 0.0433709878230239
0.3955600000000001 0.05600346178372962
0.39384 0.06183383438097841
0.39212000000000014 0.07146002247122772
0.3904000000000001 0.08324223376150132
0.38868000000000014 0.08978621967143421
0.3869600000000001 0.09834957942364338
0.38524 0.10675351492514652
0.3835200000000001 0.1220202848379946
0.38180000000000003 0.13326349032826212
0.38008 0.12982448149160367
0.3783600000000001 0.13256506027755002
0.37664000000000003 0.12952840788314962
0.37492000000000014 0.13277762594515807
0.3732000000000001 0.12834411344933344
0.37148000000000003 0.11565849807172573
0.3697600000000001 0.11055692204913303
0.36804000000000003 0.10137864018705779
0.3663200000000001 0.09915429230815948
0.36460000000000004 0.09437915641796484
0.36288 0.08314354255868331
0.3611600000000001 0.08024353952203092
0.35944000000000004 0.07465609911633415
0.35772000000000015 0.06917494154444141
0.3560000000000001 0.06819562114724727
0.35428000000000004 0.06414928183170873
0.3525600000000001 0.06191734232182442
0.35084000000000004 0.058865506665452004
0.3491200000000001 0.057992469102061885
0.34740000000000004 0.058235401293613924
0.34568 0.05411314566821536
0.3439600000000001 0.05537335641189153
0.34224000000000004 0.04965685827943276
0.34052000000000016 0.04727308614982843
0.3388000000000001 0.04602046703713826
0.33708000000000005 0.04384166894415596
0.3353600000000001 0.04283957365400382
0.33364000000000005 0.041495854969481646
0.3319200000000001 0.04160972943427166
0.33020000000000005 0.04587622604840424
0.32848 0.04537517840332818
0.3267600000000001 0.047052928851234396
0.32504000000000005 0.04790319152166651
0.32332000000000016 0.048700312775196625
0.3216000000000001 0.05174455680058304
0.31988000000000005 0.05321733321186724
0.3181600000000001 0.05946524551334609
0.31644000000000005 0.06502231939509885
0.31472 0.0727961495247639
0.31300000000000006 0.08324982539248732
0.31128 0.09128177097567643
0.3095600000000001 0.09907078436731348
0.30784000000000006 0.10528833014484833
0.30612 0.11140718471956515
0.3044000000000001 0.12615013209437917
0.30268000000000006 0.13337736479305215
0.3009600000000001 0.13280040083811606
0.29924000000000006 0.15465670644681304
0.29752 0.1671069812638547
0.29580000000000006 0.18400595183869303
0.29408 0.2080410555403723
0.2923600000000001 0.23130181288147947
0.29064000000000006 0.24439737633233125
0.28892 0.26365734414381586
0.2872000000000001 0.28360055874404055
0.28548000000000007 0.2987990039780147
0.2837600000000001 0.3136861923415627
0.28204000000000007 0.32807992469102065
0.28032 0.34241292399259055
0.27860000000000007 0.3611111111111111
0.27688 0.37394096747745287
0.2751600000000001 0.39554674926361183
0.27344000000000007 0.4324876256414928
0.27172 0.44122559290638
0.27000000000000013 0.46911724514894776
0.2682800000000001 0.49480732440557534
0.26656000000000013 0.5101727855212413
0.2648400000000001 0.5087076007409431
0.26312 0.5153654611156662
0.2614000000000001 0.485386110351948
0.25968 0.45831435425586836
0.25795999999999997 0.44964471166985515
0.2562400000000001 0.42169232637939935
0.25452 0.40935592602714765
0.25280000000000014 0.4147156175032644
0.2510800000000001 0.40709361999331933
0.24936 0.4078983328778355
0.24764000000000008 0.44656250948953874
0.24592000000000003 0.46215571953478485
0.2442000000000001 0.463651270839027
0.24248000000000006 0.4582915793629104
0.24076 0.44342716589232034
0.23904000000000009 0.41221797090887
0.23732000000000003 0.39549360784670984
0.23560000000000011 0.38002945552822565
0.23388000000000006 0.36942394704078224
0.23216 0.36498284291397165
0.2304400000000001 0.3541116273420182
0.22872000000000003 0.3430202544714706
0.22700000000000012 0.3249977225107042
0.22528000000000006 0.31871185205429536
0.22356 0.3035361817132793
0.2218400000000001 0.2837979411496766
0.22012000000000004 0.26427985788466796
0.21840000000000012 0.23345024445051774
0.21668000000000007 0.20208921684734749
0.21496 0.19536303179375059
0.2132400000000001 0.1954844978895266
0.21152000000000004 0.2029242962558076
0.20980000000000013 0.2110473414108287
0.20808000000000007 0.21892745437429778
0.20636000000000002 0.21507849746439525
0.2046400000000001 0.20859524460235035
0.20292000000000004 0.19749628010081685
0.20120000000000013 0.18570647717955724
0.19948000000000007 0.15837660562995354
0.19776000000000002 0.13673286568886459
0.1960400000000001 0.12605144089156115
0.19432000000000005 0.11339619203789743
0.1926 0.1059032522547144
0.19088000000000008 0.11644043606328383
0.18916000000000002 0.14263156296498739
0.1874400000000001 0.16287844280465216
0.18572000000000005 0.17893474234004433
0.184 0.2086028362333364
0.18228000000000008 0.235181136315326
0.18056000000000003 0.25457775348455863
0.1788400000000001 0.2558683307521788
0.17712000000000006 0.26365734414381586
0.1754 0.2707555191157268
0.17368000000000008 0.2550028848197747
0.17196000000000003 0.21876803012359175
0.1702400000000001 0.1970255989796848
0.16852000000000006 0.18964653366129178
0.1668 0.17596641462451795
0.1650800000000001 0.17352190944702559
0.16336000000000003 0.19262245300780423
0.16164000000000012 0.22230573016306826
0.15992000000000006 0.2478667516929337
0.1582 0.2607269745832195
0.1564800000000001 0.2743995019890073
0.15476000000000004 0.25746257325923905
0.15304000000000012 0.21189760408126082
0.15132000000000007 0.16432085269199234
0.1496 0.12899699371412954
0.1478800000000001 0.11622787039567581
0.14616000000000004 0.10632079195894446
0.14444000000000012 0.12243782454222465
0.14272000000000007 0.1822978348668428
0.14100000000000001 0.2982296316540646
0.11004 0.9304075187513287
0.10832000000000008 1.0
0.10660000000000003 0.9965761744253135
0.10488000000000011 0.977900762199751
0.10316000000000006 0.94035255534299
0.10144 0.8887522395311409
0.09972000000000009 0.8588412134462968
0.09800000000000003 0.808592207949956
0.09628000000000012 0.7070085937262762
0.09456000000000006 0.6171388661139959
0.09284 0.528795056329902
0.09112000000000009 0.46784944277428564
0.08940000000000003 0.4369211381373174
0.08768000000000012 0.4092268683003857
0.08596000000000006 0.35994199993926695
0.08424000000000001 0.29712125353010843
0.0825200000000001 0.22040023078558196
0.08080000000000004 0.13440982660714829
0.07908000000000012 0.09397679997570679
0.07736000000000007 0.08700009109957184
0.07564000000000001 0.08112416871640703
0.0739200000000001 0.07530138775014424
0.07220000000000004 0.07189274543742978
0.07047999999999999 0.07898332877835475
0.06876000000000007 0.10061188545747168
0.06704000000000002 0.13632291761562054
0.0653200000000001 0.18461328231757312
0.06360000000000005 0.242499468585831
0.06187999999999999 0.3102092253499742
0.060160000000000075 0.37458625611126295
0.05844000000000002 0.4365871063739334
0.056720000000000104 0.49869423947040786
0.05500000000000005 0.5619401172147824
0.053279999999999994 0.6265297136436792
0.05156000000000008 0.6989235067261851
0.04984000000000002 0.7876772645835232
0.04812000000000011 0.8302207646290729
0.04640000000000005 0.8606024718350491
0.04468 0.9061370744890832
0.04296000000000008 0.9064862895144393
0.04124000000000003 0.8841593027846103
0.03952000000000011 0.8268045306853725
0.037800000000000056 0.7774817041693237
0.03608 0.7229662020588504
0.034360000000000085 0.6842033342443291
0.03264000000000003 0.6420697822720234
0.030920000000000045 0.6148386019252376
0.02920000000000006 0.5818225987671192
0.027480000000000074 0.5705490267529076
0.02576000000000009 0.5780571497980626
0.024040000000000034 0.6044684339983603
0.022320000000000048 0.6429428198354135
0.020600000000000063 0.6944216695514865
0.018880000000000077 0.7313625459293674
0.017160000000000022 0.7745437429777414
0.015440000000000037 0.8071118399076859
0.013720000000000052 0.823418663265616
0.012000000000000066 0.8272144787586165
0.01028000000000008 0.816214205459901
0.008560000000000026 0.7890209832680453
0.0068400000000000405 0.742537426740761
0.005120000000000055 0.7069858188333182
0.0034000000000000696 0.6571163948862774
0.0016800000000000842 0.6183003856548541
-3.9999999999970615e-05 0.5977953903616653
-0.001759999999999956 0.5802814976769609
-0.0034799999999999415 0.5631471865415566
-0.005199999999999927 0.5487079044061827
-0.006919999999999912 0.5271097142510097
-0.008639999999999967 0.5107801160001215
-0.010359999999999953 0.49485287419149127
-0.012079999999999938 0.4819091433603595
-0.013799999999999923 0.4617078133066108
-0.015519999999999978 0.4529015213628496
-0.017239999999999964 0.4473216725881389
-0.01895999999999995 0.4356381525006832
-0.020679999999999935 0.4323054264978288
-0.02239999999999992 0.4276973064893262
-0.024119999999999975 0.41921745467796306
-0.02583999999999996 0.4097886489933497
-0.027559999999999946 0.4020527770186147
-0.02927999999999993 0.3980216209650481
-0.030999999999999917 0.39047553976496313
-0.03271999999999997 0.3798852145394917
-0.03443999999999996 0.3717621693844706
-0.03615999999999994 0.35837812395615076
-0.03787999999999993 0.3547341410828702
-0.03959999999999991 0.3473550757644773
-0.04131999999999997 0.33350034921502536
-0.04303999999999995 0.33024353952203095
-0.04475999999999994 0.3255746864656403
-0.046479999999999924 0.3193343657951474
-0.04819999999999998 0.3113100118429443
-0.049919999999999964 0.30011994776957884
-0.05163999999999995 0.2912756976708876
-0.053359999999999935 0.2829324952172725
-0.05507999999999992 0.23448270626461387
-0.056799999999999976 0.227991861771583
-0.05851999999999996 0.22169839968418817
-0.060239999999999946 0.2492332452704139
-0.06195999999999993 0.23800522304211838
-0.06367999999999992 0.22905469010962315
-0.06539999999999997 0.21888190458838175
-0.06711999999999996 0.20531566001639792
-0.06883999999999994 0.1977999453402569
-0.07055999999999993 0.18981354954298382
-0.07227999999999998 0.18188029516261275
