0.112656 0.1
0.10182000000000002 0.1
0.09734800000000002 0.1
0.096832 0.1
0.09562800000000002 0.3
0.088232 0.3
0.0872 0.1
0.083932 40.5
0.08376 43.8
0.083588 41.6
0.08341600000000002 43.6
0.08324400000000001 41.6
0.08307200000000001 39.0
0.0829 37.7
0.082728 38.0
0.08255600000000002 39.6
0.08238400000000001 35.6
0.08221200000000001 37.2
0.08204 34.5
0.081868 36.4
0.08169600000000002 34.6
0.08152400000000001 35.3
0.08135200000000001 31.2
0.08118 30.4
0.081008 31.3
0.08083600000000002 32.3
0.08066400000000001 26.5
0.08049200000000001 26.7
0.08032 28.2
0.080148 27.0
0.07997600000000002 26.1
0.07980400000000001 26.2
0.07963200000000001 24.2
0.07946 25.4
0.079288 24.6
0.07911600000000002 25.2
0.07894400000000001 22.7
0.07877200000000001 24.9
0.0786 24.0
0.078428 24.1
0.07825600000000002 21.7
0.07808400000000001 21.9
0.07791200000000001 20.7
0.07774 20.9
0.077568 21.6
0.07739600000000002 20.4
0.07722400000000001 20.3
0.07705200000000001 20.6
0.07688 21.4
0.076708 22.8
0.07653600000000002 24.8
0.07636400000000002 25.6
0.07619200000000001 25.4
0.07602 29.8
0.075848 26.4
0.07567600000000002 27.4
0.07550400000000002 27.0
0.07533200000000001 26.6
0.07516 31.2
0.074988 33.6
0.07481600000000002 35.1
0.07464400000000002 32.6
0.07447200000000001 31.7
0.0743 34.7
0.074128 34.3
0.07395600000000002 36.9
0.07378400000000002 36.2
0.07361200000000001 36.6
0.07344 36.9
0.073268 40.4
0.073096 41.7
0.07292400000000002 42.1
0.07275200000000001 36.5
0.07258 39.8
0.072408 40.1
0.072236 42.8
0.07206400000000002 40.3
0.07189200000000001 50.3
0.07172 48.6
0.071548 46.8
0.071376 46.9
0.07120400000000002 44.9
0.07103200000000001 43.4
0.07086 43.7
0.070688 44.9
0.070516 48.8
0.07034400000000002 46.6
0.07017200000000001 49.2
0.07 50.2
0.069828 51.2
0.069656 47.6
0.06948400000000002 51.4
0.06931200000000001 48.0
0.06914000000000001 50.7
0.068968 50.7
0.068796 48.6
0.06862400000000002 47.6
0.06845200000000001 48.4
0.06828000000000001 41.9
0.068108 42.9
0.067936 46.1
0.06776400000000002 44.5
0.06759200000000001 42.7
0.06742000000000001 41.4
0.067248 42.0
0.067076 41.6
0.06690400000000002 38.7
0.06673200000000001 38.8
0.06656000000000001 41.0
0.066388 39.5
0.066216 44.0
0.06604400000000002 41.8
0.06587200000000001 43.7
0.06570000000000001 39.9
0.065528 39.7
0.06535600000000001 38.2
0.065184 37.8
0.06501200000000001 40.5
0.06484000000000001 38.2
0.064668 40.6
0.06449600000000001 35.2
0.064324 42.8
0.06415200000000001 36.4
0.06398000000000001 34.7
0.063808 32.7
0.06363600000000001 29.2
0.063464 32.0
0.063292 30.3
0.06312000000000001 35.2
0.062948 28.4
0.06277600000000001 31.6
0.062604 30.3
0.062432 31.4
0.06226000000000001 35.1
0.062088000000000004 36.8
0.06191600000000001 37.7
0.06174400000000001 42.5
0.061572 46.5
0.06140000000000001 50.9
0.061228000000000005 57.2
0.06105600000000001 56.6
0.06088400000000001 60.9
0.060712 65.6
0.06054000000000001 64.6
0.060368000000000005 69.3
0.06019600000000001 69.8
0.06002400000000001 77.0
0.059852 80.0
0.05968000000000001 83.7
0.059508000000000005 93.4
0.059336000000000014 89.7
0.05916400000000001 91.5
0.058992 90.0
0.05882000000000001 84.7
0.058648000000000006 80.2
0.058476000000000014 71.2
0.05830400000000001 69.7
0.058132 68.4
0.05796000000000001 65.7
0.057788000000000006 61.3
0.057616000000000014 59.7
0.05744400000000001 54.6
0.057272 55.8
0.05710000000000001 54.8
0.056928000000000006 49.1
0.056756 53.0
0.05658400000000001 50.8
0.056412000000000004 50.7
0.05624000000000001 51.7
0.05606800000000001 50.9
0.055896 52.0
0.05572400000000001 48.7
0.055552000000000004 51.0
0.05538000000000001 52.0
0.05520800000000001 51.0
0.055036 51.0
0.05486400000000001 48.5
0.054692000000000005 49.1
0.05452000000000001 46.7
0.05434800000000001 48.8
0.054176 48.9
0.05400400000000001 52.1
0.053832000000000005 49.1
0.05366000000000001 50.7
0.05348800000000001 50.0
0.053316 49.3
0.05314400000000001 51.5
0.052972000000000005 52.3
0.052800000000000014 50.4
0.05262800000000001 54.2
0.052456 56.1
0.05228400000000001 56.2
0.052112000000000006 54.7
0.051940000000000014 46.0
0.05176800000000001 51.9
0.051596 51.3
0.05142400000000001 48.1
0.051252000000000006 45.6
0.051080000000000014 44.6
0.05090800000000001 45.1
0.050736 44.6
0.05056400000000001 44.9
0.04746800000000001 43.4
0.047296000000000005 42.8
0.04712400000000001 44.0
0.04695200000000001 44.7
0.04678 45.6
0.04660800000000001 46.2
0.046436000000000005 46.5
0.04626400000000001 45.9
0.04609200000000001 43.3
0.04592 44.8
0.04574800000000001 45.4
0.045576000000000005 49.3
0.045404000000000014 47.2
0.04523200000000001 50.2
0.04506 48.3
0.04488800000000001 55.3
0.044716000000000006 56.9
0.044544 56.8
0.04437200000000001 54.4
0.0442 58.8
0.04402800000000001 55.9
0.043856000000000006 62.2
0.043684 68.2
0.04351200000000001 71.3
0.043340000000000004 73.0
0.04316800000000001 75.1
0.042996000000000006 77.2
0.042824 78.2
0.04265200000000001 84.2
0.042480000000000004 82.9
0.04230800000000001 87.9
0.04213600000000001 80.5
0.041964 84.3
0.04179200000000001 84.1
0.041620000000000004 82.2
0.04144800000000001 85.2
0.04127600000000001 87.8
0.041104 82.3
0.04093200000000001 88.1
0.040760000000000005 88.2
0.04058800000000001 90.4
0.04041600000000001 95.5
0.040244 99.5
0.04007200000000001 102.2
0.039900000000000005 111.0
0.03972800000000001 107.1
0.03955600000000001 109.7
0.039384 116.2
0.03921200000000001 113.8
0.039040000000000005 121.4
0.038868000000000014 117.5
0.03869600000000001 121.4
0.038524 119.1
0.03835200000000001 118.5
0.038180000000000006 121.8
0.038008 119.3
0.03783600000000001 113.0
0.037664 108.5
0.03749200000000001 106.0
0.037320000000000006 105.8
0.037148 102.2
0.03697600000000001 102.3
0.036804 98.8
0.03663200000000001 99.9
0.036460000000000006 101.9
0.036288 95.3
0.03611600000000001 94.8
0.035944000000000004 94.5
0.03577200000000001 99.5
0.03560000000000001 102.4
0.035428 106.6
0.03525600000000001 113.5
0.035084000000000004 110.1
0.03491200000000001 110.6
0.03474000000000001 112.3
0.034568 107.8
0.03439600000000001 112.3
0.034224000000000004 116.7
0.03405200000000001 112.1
0.03388000000000001 107.6
0.033708 100.2
0.03353600000000001 99.6
0.033364000000000005 98.8
0.03319200000000001 102.1
0.03302000000000001 100.6
0.032848 99.0
0.03267600000000001 96.9
0.032504000000000005 93.0
0.032332000000000014 93.3
0.03216000000000001 98.2
0.031988 97.0
0.03181600000000001 95.2
0.031644000000000005 93.3
0.031472 99.1
0.03130000000000001 101.9
0.031128000000000003 97.1
0.03095600000000001 96.3
0.030784000000000006 94.4
0.030612 93.1
0.03044000000000001 90.1
0.030268000000000003 84.5
0.03009600000000001 90.1
0.029924000000000006 88.7
0.029752 89.9
0.02958000000000001 93.2
0.029408000000000004 88.4
0.029236000000000012 90.8
0.029064000000000006 92.4
0.028892 93.5
0.02872000000000001 106.0
0.028548000000000004 119.6
0.028376000000000012 131.5
0.028204000000000007 133.2
0.028032 140.9
0.02786000000000001 144.7
0.027688000000000004 155.1
0.027516000000000013 166.0
0.027344000000000007 180.6
0.027172 199.5
0.02700000000000001 202.7
0.026828000000000005 209.2
0.026656000000000013 204.0
0.026484000000000008 197.5
0.026312000000000002 197.4
0.02614000000000001 195.5
0.025968000000000005 177.4
0.025796 172.4
0.025624000000000008 167.7
0.025452000000000002 159.5
0.02528000000000001 158.0
0.025108000000000005 160.5
0.024936 162.0
0.024764000000000008 167.6
0.024592000000000003 164.4
0.02442000000000001 168.1
0.024248000000000006 178.0
0.024076 184.9
0.02390400000000001 191.3
0.023732000000000003 198.2
0.02356000000000001 197.0
0.023388000000000006 199.3
0.023216 206.7
0.02304400000000001 217.7
0.022872000000000003 221.3
0.022700000000000012 222.1
0.022528000000000006 216.8
0.022356 218.4
0.02218400000000001 219.0
0.022012000000000004 212.9
0.021840000000000012 202.2
0.021668000000000007 196.4
0.021496 196.0
0.02132400000000001 199.7
0.021152000000000004 189.1
0.020980000000000013 197.4
0.020808000000000007 206.2
0.020636 225.7
0.02046400000000001 241.0
0.020292000000000004 263.7
0.020120000000000013 279.0
0.019948000000000007 287.3
0.019776000000000002 308.5
0.01960400000000001 341.5
0.019432000000000005 392.3
0.01926 448.1
0.019088000000000008 515.3
0.018916000000000002 545.7
0.01874400000000001 602.3
0.018572000000000005 625.9
0.0184 650.9
0.018228000000000008 666.4
0.018056000000000003 685.5
0.01788400000000001 677.9
0.017712000000000006 686.1
0.01754 693.1
0.01736800000000001 700.6
0.017196000000000003 682.1
0.01702400000000001 684.9
0.016852000000000006 656.0
0.01668 649.8
0.01650800000000001 653.5
0.016336000000000003 642.2
0.01616400000000001 639.2
0.015992000000000006 631.5
0.01582 602.1
0.01564800000000001 494.7
0.015476000000000004 345.2
0.015304000000000012 216.3
0.015132000000000007 161.0
0.014960000000000001 118.9
0.01478800000000001 109.8
0.014616000000000004 94.0
0.014444000000000012 83.1
0.014272000000000007 77.0
0.014100000000000001 69.8
0.011004 1029.2
0.010832000000000008 1229.0
0.010660000000000003 1186.9
0.010488000000000011 1060.4
0.010316000000000006 927.4
0.010144 810.7
0.009972000000000009 718.5
0.009800000000000003 683.4
0.009628000000000012 671.7
0.009456000000000006 699.1
0.009284 743.9
0.009112000000000009 708.9
0.008940000000000003 616.7
0.008768000000000012 420.4
0.008596000000000006 249.3
0.008424000000000001 165.1
0.00825200000000001 142.6
0.008080000000000004 145.0
0.007908000000000012 160.5
0.007736000000000007 173.8
0.007564000000000001 208.1
0.00739200000000001 255.4
0.007220000000000004 281.9
0.007047999999999999 327.2
0.006876000000000007 375.8
0.006704000000000002 446.4
0.00653200000000001 510.3
0.0063600000000000045 583.2
0.006187999999999999 651.5
0.0060160000000000075 754.3
0.005844000000000002 846.7
0.00567200000000001 956.2
0.005500000000000005 1101.2
0.005327999999999999 1234.1
0.005156000000000008 1384.3
0.004984000000000002 1640.4
0.004812000000000011 1888.6
0.004640000000000005 2096.3
0.004468 2243.4
0.004296000000000008 2290.6
0.004124000000000003 2237.1
0.003952000000000011 2125.4
0.0037800000000000056 1989.5
0.003608 1876.5
0.0034360000000000085 1754.5
0.003264000000000003 1632.8
0.0030920000000000045 1539.0
0.002920000000000006 1469.5
0.0027480000000000074 1421.2
0.002576000000000009 1412.2
0.0024040000000000034 1453.4
0.002232000000000005 1503.7
0.0020600000000000063 1607.4
0.0018880000000000077 1748.6
0.0017160000000000022 1902.8
0.0015440000000000037 2008.8
0.0013720000000000052 2120.9
0.0012000000000000066 2214.3
0.001028000000000008 2158.0
0.0008560000000000026 2036.2
0.000684000000000004 1874.5
0.0005120000000000055 1681.3
0.00034000000000000696 1501.1
0.00016800000000000842 1339.0
-3.9999999999970615e-06 1184.7
-0.0001759999999999956 1082.6
-0.00034799999999999415 987.0
-0.0005199999999999927 898.0
-0.0006919999999999912 825.4
-0.0008639999999999967 776.8
-0.0010359999999999953 712.7
-0.0012079999999999938 660.4
-0.0013799999999999923 629.5
-0.0015519999999999978 596.7
-0.0017239999999999964 557.8
-0.001895999999999995 532.5
-0.0020679999999999935 505.3
-0.002239999999999992 477.7
-0.0024119999999999975 455.2
-0.002583999999999996 431.1
-0.0027559999999999946 418.3
-0.002927999999999993 396.5
-0.0030999999999999917 373.0
-0.003271999999999997 353.7
-0.0034439999999999957 341.3
-0.0036159999999999942 319.6
-0.0037879999999999928 307.2
-0.003959999999999991 293.0
-0.004131999999999997 277.2
-0.004303999999999995 259.9
-0.004475999999999994 235.7
-0.004647999999999992 224.9
-0.004819999999999998 212.2
-0.0049919999999999964 201.6
-0.005163999999999995 189.3
-0.0053359999999999935 171.0
-0.005507999999999992 161.0
-0.0056799999999999976 152.7
-0.005851999999999996 144.6
-0.006023999999999995 141.1
-0.006195999999999993 123.6
-0.006367999999999992 119.6
-0.006539999999999997 112.8
-0.006711999999999996 103.0
-0.006883999999999994 98.6
-0.007055999999999993 87.0
-0.007227999999999998 81.0
-0.007399999999999997 78.1
-0.007571999999999995 70.6
-0.007743999999999994 69.8
-0.007915999999999992 61.4
-0.008087999999999998 54.7
-0.008259999999999997 52.5
-0.008431999999999995 45.0
-0.008603999999999994 43.7
-0.008775999999999992 43.8
-0.008947999999999998 37.1
-0.009119999999999996 35.7
-0.009291999999999995 30.8
-0.009463999999999993 33.8
-0.009635999999999992 27.6
-0.009807999999999997 26.7
-0.009979999999999996 23.1
-0.010151999999999994 22.6
-0.010323999999999993 22.4
-0.010495999999999998 22.1
-0.010667999999999997 19.5
-0.010839999999999995 19.3
-0.011011999999999994 18.4
-0.011183999999999993 19.4
-0.011355999999999998 18.0
-0.011527999999999997 19.0
-0.011699999999999995 18.6
-0.011871999999999994 19.4
-0.012043999999999992 21.1
-0.012215999999999998 18.3
-0.012387999999999996 18.5
-0.012559999999999995 19.7
-0.012731999999999993 21.1
-0.012903999999999992 21.8
-0.013075999999999997 21.4
-0.013247999999999996 23.6
-0.013419999999999994 21.9
-0.013591999999999993 23.6
-0.013763999999999998 22.6
-0.013935999999999997 24.1
-0.014107999999999996 27.2
-0.014279999999999994 23.7
-0.014451999999999993 23.8
-0.014623999999999998 26.5
-0.014795999999999997 27.5
-0.014967999999999995 24.1
-0.015139999999999994 27.9
-0.015311999999999992 26.1
-0.015483999999999998 26.5
-0.015655999999999996 27.5
-0.015827999999999995 28.2
-0.015999999999999993 27.6
-0.016171999999999992 28.3
-0.016343999999999997 30.8
-0.016515999999999996 30.7
-0.016687999999999995 26.7
-0.016859999999999993 28.8
-0.017032 33.1
-0.017203999999999997 31.2
-0.017375999999999996 30.4
-0.017547999999999994 32.7
-0.017719999999999993 30.5
-0.017891999999999998 31.4
-0.018063999999999997 33.7
-0.018235999999999995 31.9
-0.018407999999999994 34.2
-0.018579999999999992 34.1
-0.018751999999999998 33.9
-0.018923999999999996 37.6
-0.019095999999999995 35.2
-0.019267999999999993 35.2
-0.019439999999999992 32.1
-0.019611999999999997 36.6
-0.019783999999999996 34.8
-0.019955999999999995 37.8
-0.020127999999999993 36.6
-0.0203 35.4
-0.020471999999999997 40.0
-0.020643999999999996 35.0
-0.020815999999999994 37.1
-0.020987999999999993 36.1
-0.021159999999999998 37.2
-0.021331999999999997 38.7
-0.021503999999999995 34.7
-0.021675999999999994 38.7
-0.021847999999999992 41.9
-0.022019999999999998 38.0
-0.022191999999999996 41.1
-0.022363999999999995 38.3
-0.025459999999999997 37.9
-0.025631999999999995 37.6
-0.025803999999999994 38.9
-0.025976 39.8
-0.026147999999999998 36.2
-0.026319999999999996 36.8
-0.026491999999999995 34.8
-0.026663999999999993 32.9
-0.026836 36.3
-0.027007999999999997 32.1
-0.027179999999999996 33.1
-0.027351999999999994 35.6
-0.027523999999999993 33.8
-0.027696 33.4
-0.027867999999999997 32.2
-0.028039999999999995 33.9
-0.028211999999999994 31.4
-0.028383999999999996 34.7
-0.028555999999999995 32.3
-0.028727999999999997 31.2
-0.028899999999999995 31.8
-0.029071999999999997 27.6
-0.029243999999999996 29.4
-0.029415999999999994 29.0
-0.029587999999999996 28.9
-0.029759999999999995 29.5
-0.029931999999999997 30.0
-0.030103999999999995 29.9
-0.030275999999999997 31.9
-0.030447999999999996 29.2
-0.030619999999999994 29.2
-0.030791999999999996 29.0
-0.030963999999999995 28.1
-0.031135999999999997 31.7
-0.031307999999999996 26.8
-0.031479999999999994 29.4
-0.031652 27.0
-0.03182399999999999 29.7
-0.031996 26.1
-0.032167999999999995 27.6
-0.032339999999999994 26.3
-0.032512 26.3
-0.03268399999999999 26.6
-0.032855999999999996 23.8
-0.033027999999999995 24.7
-0.03319999999999999 24.5
-0.033372 23.7
-0.033544 25.6
-0.033715999999999996 23.0
-0.033887999999999995 24.1
-0.03405999999999999 22.5
-0.034232 25.6
-0.034404 25.7
-0.034575999999999996 24.3
-0.034748 26.7
-0.03491999999999999 23.3
-0.035092 20.4
-0.035264 21.0
-0.035435999999999995 22.5
-0.035608 22.9
-0.03577999999999999 19.6
-0.035952 23.6
-0.036123999999999996 20.2
-0.036295999999999995 21.1
-0.036468 20.8
-0.03663999999999999 20.4
-0.036812 19.3
-0.036983999999999996 19.6
-0.037155999999999995 18.3
-0.037328 21.7
-0.03749999999999999 16.6
-0.037672 18.0
-0.037843999999999996 18.4
-0.038015999999999994 18.1
-0.038188 18.3
-0.03835999999999999 17.6
-0.038532 16.3
-0.038703999999999995 15.5
-0.038875999999999994 15.4
-0.039048 14.6
-0.03921999999999999 15.5
-0.039391999999999996 13.4
-0.039563999999999995 13.3
-0.039735999999999994 15.0
-0.039908 13.6
-0.04008 13.4
-0.040251999999999996 14.9
-0.040423999999999995 13.8
-0.04059599999999999 12.9
-0.040768 14.1
-0.04094 12.7
-0.041111999999999996 13.9
-0.041284 11.7
-0.04145599999999999 11.4
-0.041628 12.0
-0.0418 13.5
-0.041971999999999995 12.8
-0.042144 12.7
-0.04231599999999999 13.0
-0.042488 11.2
-0.04266 12.2
-0.042831999999999995 10.5
-0.043004 12.4
-0.04317599999999999 10.9
-0.043348 10.6
-0.043519999999999996 11.3
-0.043691999999999995 13.3
-0.043864 10.6
-0.044036 11.7
-0.044208 11.5
-0.044379999999999996 11.9
-0.044551999999999994 11.9
-0.044724 10.7
-0.044896 11.9
-0.045068 10.7
-0.045239999999999995 11.4
-0.045411999999999994 10.7
-0.045584 10.5
-0.045756 10.1
-0.045928 10.5
-0.046099999999999995 12.4
-0.046271999999999994 9.6
-0.046444 11.5
-0.046616 10.9
-0.046787999999999996 10.3
-0.046959999999999995 9.6
-0.04713199999999999 11.0
-0.047304 10.2
-0.047476 10.5
-0.047647999999999996 9.3
-0.047819999999999994 10.8
-0.04799199999999999 10.1
-0.048164 12.3
-0.048336 9.4
-0.048507999999999996 9.3
-0.048679999999999994 9.6
-0.04885199999999999 9.7
-0.049024 11.1
-0.049196 9.1
-0.049367999999999995 9.1
-0.04954 10.4
-0.04971199999999999 9.3
-0.049884 9.5
-0.050055999999999996 9.1
-0.050227999999999995 9.3
-0.0504 9.1
-0.050572 9.6
-0.050744 9.2
-0.050915999999999996 8.3
-0.051087999999999995 8.0
-0.05126 8.4
-0.051432 7.8
-0.051604 9.9
-0.051775999999999996 9.0
-0.051947999999999994 9.9
-0.05212 7.8
-0.052292 7.0
-0.052464 9.1
-0.052635999999999995 7.4
-0.052807999999999994 8.6
-0.05298 7.5
-0.053152 7.4
-0.053323999999999996 8.5
-0.053495999999999995 8.5
-0.053667999999999993 8.7
-0.05384 7.5
-0.054012 9.1
-0.054183999999999996 8.5
-0.054355999999999995 7.5
-0.05452799999999999 7.7
-0.0547 8.3
-0.054872 7.3
-0.055043999999999996 7.9
-0.055215999999999994 8.1
-0.055388 7.4
-0.05556 7.6
-0.055732 7.0
-0.055903999999999995 7.0
-0.056075999999999994 7.3
-0.056248 7.9
-0.05642 8.1
-0.056591999999999996 8.6
-0.056763999999999995 7.2
-0.056936 8.2
-0.057108 8.2
-0.05728 7.4
-0.057451999999999996 7.1
-0.057623999999999995 8.1
-0.057796 6.9
-0.057968 7.4
-0.05814 7.7
-0.058311999999999996 8.2
-0.058483999999999994 8.3
-0.058656 7.1
-0.058828 7.6
