0.8393200000000001 0.007609147609147609
0.8376 0.006777546777546778
0.83588 0.007442827442827442
0.8341600000000002 0.007276507276507277
0.8324400000000001 0.007027027027027026
0.8307200000000001 0.006777546777546778
0.829 0.006486486486486486
0.82728 0.007692307692307693
0.8255600000000002 0.006943866943866944
0.8238400000000001 0.006860706860706861
0.8221200000000001 0.007068607068607069
0.8204 0.006361746361746362
0.81868 0.006652806652806653
0.8169600000000001 0.006943866943866944
0.8152400000000002 0.006943866943866944
0.81352 0.006611226611226611
0.8118000000000001 0.007318087318087319
0.8100799999999999 0.006902286902286903
0.8083600000000002 0.006361746361746362
0.8066400000000001 0.006652806652806653
0.8049200000000001 0.006153846153846154
0.8032 0.00632016632016632
0.80148 0.005239085239085239
0.7997600000000002 0.005155925155925156
0.7980400000000001 0.005446985446985447
0.7963200000000001 0.005571725571725572
0.7946 0.005363825363825364
0.79288 0.00553014553014553
0.7911600000000002 0.005904365904365904
0.7894400000000001 0.005862785862785862
0.7877200000000001 0.005738045738045738
0.786 0.005738045738045738
0.78428 0.0052806652806652804
0.7825600000000001 0.006444906444906445
0.7808400000000002 0.005488565488565488
0.77912 0.005945945945945946
0.7774000000000001 0.0058212058212058215
0.7756799999999999 0.006112266112266112
0.7739600000000002 0.005696465696465696
0.7722400000000001 0.006361746361746362
0.7705200000000001 0.006528066528066528
0.7688 0.00474012474012474
0.76708 0.005114345114345114
0.7653600000000003 0.005696465696465696
0.7636400000000001 0.005738045738045738
0.7619200000000002 0.005696465696465696
0.7602 0.006195426195426196
0.75848 0.006237006237006237
0.7567600000000002 0.0064033264033264035
0.7550400000000002 0.0056548856548856545
0.7533200000000001 0.00632016632016632
0.7516 0.0073596673596673596
0.74988 0.00656964656964657
0.7481600000000002 0.006943866943866944
0.7464400000000002 0.006902286902286903
0.74472 0.008357588357588357
0.7430000000000001 0.005904365904365904
0.7412799999999999 0.006777546777546778
0.7395600000000002 0.007110187110187111
0.7378400000000002 0.008108108108108109
0.7361200000000001 0.007692307692307693
0.7344 0.00656964656964657
0.73268 0.008232848232848233
0.7309599999999999 0.007941787941787942
0.7292400000000001 0.008482328482328482
0.7275200000000002 0.007775467775467775
0.7258 0.008482328482328482
0.7240800000000001 0.008232848232848233
0.7223599999999999 0.008814968814968814
0.7206400000000002 0.009854469854469854
0.7189200000000001 0.00869022869022869
0.7172000000000001 0.008024948024948025
0.71548 0.00923076923076923
0.71376 0.009563409563409564
0.7120400000000002 0.009438669438669438
0.7103200000000001 0.010145530145530145
0.7086000000000001 0.008565488565488565
0.70688 0.010228690228690229
0.70516 0.009854469854469854
0.7034400000000002 0.010062370062370062
0.7017200000000001 0.008523908523908524
0.7000000000000001 0.009854469854469854
0.69828 0.01051975051975052
0.69656 0.009189189189189189
0.6948400000000001 0.009646569646569646
0.6931200000000002 0.009604989604989605
0.6914 0.009812889812889813
0.6896800000000001 0.00972972972972973
0.6879599999999999 0.010852390852390852
0.6862400000000002 0.010769230769230769
0.6845200000000001 0.010769230769230769
0.6828000000000001 0.009604989604989605
0.68108 0.010436590436590436
0.67936 0.010810810810810811
0.6776400000000002 0.010769230769230769
0.6759200000000001 0.009688149688149688
0.6742000000000001 0.010062370062370062
0.67248 0.010187110187110188
0.67076 0.010395010395010396
0.6690400000000002 0.010228690228690229
0.6673200000000001 0.009854469854469854
0.6656000000000001 0.009355509355509356
0.66388 0.008814968814968814
0.66216 0.008357588357588357
0.6604400000000001 0.009355509355509356
0.6587200000000002 0.00972972972972973
0.657 0.008357588357588357
0.6552800000000001 0.008731808731808732
0.6535600000000001 0.007484407484407485
0.6518400000000001 0.009313929313929313
0.6501200000000001 0.008731808731808732
0.6484000000000001 0.008274428274428274
0.64668 0.00814968814968815
0.6449600000000001 0.008607068607068606
0.64324 0.007817047817047817
0.6415200000000001 0.009147609147609148
0.6398000000000001 0.009022869022869022
0.63808 0.008814968814968814
0.6363600000000001 0.00869022869022869
0.6346400000000001 0.009771309771309772
0.63292 0.010644490644490644
0.6312000000000001 0.01214137214137214
0.62948 0.010478170478170477
0.6277600000000001 0.010478170478170477
0.62604 0.0116008316008316
0.62432 0.011850311850311851
0.6226 0.011101871101871101
0.6208800000000001 0.011725571725571725
0.6191600000000002 0.013222453222453223
0.6174400000000001 0.011434511434511435
0.61572 0.013097713097713098
0.6140000000000001 0.013513513513513514
0.61228 0.014594594594594595
0.6105600000000001 0.013846153846153845
0.60884 0.012723492723492724
0.60712 0.013430353430353429
0.6054000000000002 0.013264033264033264
0.60368 0.01155925155925156
0.6019600000000002 0.010311850311850312
0.6002400000000001 0.010436590436590436
0.59852 0.010602910602910603
0.5968000000000001 0.009563409563409564
0.59508 0.011101871101871101
0.5933600000000001 0.009397089397089397
0.59164 0.008607068607068606
0.58992 0.009438669438669438
0.5882000000000001 0.008399168399168398
0.5864800000000001 0.008731808731808732
0.5847600000000002 0.00869022869022869
0.5830400000000001 0.008856548856548857
0.5813200000000001 0.009147609147609148
0.5796000000000001 0.008731808731808732
0.5778800000000001 0.009022869022869022
0.5761600000000001 0.008399168399168398
0.5744400000000001 0.009313929313929313
0.57272 0.01002079002079002
0.5710000000000002 0.008648648648648649
0.56928 0.008814968814968814
0.5675600000000001 0.008898128898128898
0.5658400000000001 0.00997920997920998
0.5641200000000001 0.008981288981288981
0.5624000000000001 0.00869022869022869
0.5606800000000001 0.009604989604989605
0.55896 0.009896049896049896
0.5572400000000001 0.009563409563409564
0.55552 0.009313929313929313
0.5538000000000001 0.008731808731808732
0.5520800000000001 0.010561330561330561
0.55036 0.01002079002079002
0.5486400000000001 0.009438669438669438
0.5469200000000001 0.01002079002079002
0.5452000000000001 0.010103950103950104
0.5434800000000001 0.01002079002079002
0.54176 0.0116008316008316
0.5400400000000001 0.011933471933471933
0.53832 0.011808731808731808
0.5366000000000002 0.011975051975051975
0.53488 0.010893970893970893
0.5331600000000001 0.011975051975051975
0.5314400000000001 0.010769230769230769
0.5297200000000001 0.012972972972972972
0.5280000000000001 0.010644490644490644
0.5262800000000001 0.011683991683991684
0.52456 0.011226611226611227
0.5228400000000001 0.012224532224532224
0.52112 0.012266112266112267
0.5194000000000001 0.011268191268191268
0.5176800000000001 0.01106029106029106
0.51596 0.01027027027027027
0.5142400000000001 0.011850311850311851
0.5125200000000001 0.012681912681912683
0.5108000000000001 0.012182952182952183
0.5090800000000001 0.011268191268191268
0.50736 0.01101871101871102
0.5056400000000001 0.010062370062370062
0.4746800000000001 0.010852390852390852
0.47296000000000005 0.010935550935550936
0.4712400000000001 0.01155925155925156
0.46952000000000005 0.011268191268191268
0.4678 0.011642411642411643
0.4660800000000001 0.0116008316008316
0.46436000000000005 0.010395010395010396
0.46264000000000016 0.011434511434511435
0.4609200000000001 0.011975051975051975
0.45920000000000005 0.011143451143451144
0.4574800000000001 0.011351351351351352
0.45576000000000005 0.012224532224532224
0.4540400000000001 0.011975051975051975
0.45232000000000006 0.012765072765072764
0.4506 0.011891891891891892
0.4488800000000001 0.013430353430353429
0.44716000000000006 0.014220374220374222
0.44544 0.015176715176715178
0.4437200000000001 0.014054054054054053
0.44200000000000006 0.014511434511434511
0.4402800000000001 0.014844074844074845
0.43856000000000006 0.014220374220374222
0.43684 0.014220374220374222
0.43512000000000006 0.015343035343035343
0.4334 0.014885654885654884
0.4316800000000001 0.016923076923076923
0.42996000000000006 0.016923076923076923
0.42824 0.016715176715176715
0.4265200000000001 0.014511434511434511
0.42480000000000007 0.016632016632016633
0.4230800000000001 0.01609147609147609
0.42136000000000007 0.01787941787941788
0.41964 0.018378378378378378
0.41792000000000007 0.016424116424116425
0.4162 0.01738045738045738
0.4144800000000001 0.017006237006237004
0.41276000000000007 0.01708939708939709
0.41104 0.01841995841995842
0.40932000000000013 0.017463617463617465
0.4076000000000001 0.019667359667359666
0.40588000000000013 0.020665280665280665
0.4041600000000001 0.022785862785862785
0.40244 0.02182952182952183
0.4007200000000001 0.021413721413721415
0.399 0.022245322245322247
0.39728000000000013 0.020457380457380457
0.3955600000000001 0.02128898128898129
0.39384 0.02079002079002079
0.39212000000000014 0.021704781704781705
0.3904000000000001 0.023284823284823286
0.38868000000000014 0.022536382536382536
0.3869600000000001 0.022203742203742202
0.38524 0.02286902286902287
0.3835200000000001 0.02182952182952183
0.38180000000000003 0.021746361746361745
0.38008 0.022785862785862785
0.3783600000000001 0.022785862785862785
0.37664000000000003 0.021663201663201664
0.37492000000000014 0.022203742203742202
0.3732000000000001 0.02108108108108108
0.37148000000000003 0.022494802494802495
0.3697600000000001 0.02316008316008316
0.36804000000000003 0.02216216216216216
0.3663200000000001 0.023492723492723494
0.36460000000000004 0.02237006237006237
0.36288 0.02311850311850312
0.3611600000000001 0.022827442827442826
0.35944000000000004 0.021538461538461538
0.35772000000000015 0.021954261954261953
0.3560000000000001 0.022203742203742202
0.35428000000000004 0.021122661122661122
0.3525600000000001 0.02079002079002079
0.35084000000000004 0.021205821205821207
0.3491200000000001 0.02054054054054054
0.34740000000000004 0.021704781704781705
0.34568 0.022785862785862785
0.3439600000000001 0.023492723492723494
0.34224000000000004 0.02203742203742204
0.34052000000000016 0.021538461538461538
0.3388000000000001 0.02232848232848233
0.33708000000000005 0.022702702702702703
0.3353600000000001 0.022993762993762993
0.33364000000000005 0.02340956340956341
0.3319200000000001 0.022744282744282744
0.33020000000000005 0.024656964656964656
0.32848 0.022702702702702703
0.3267600000000001 0.021787941787941786
0.32504000000000005 0.02316008316008316
0.32332000000000016 0.02415800415800416
0.3216000000000001 0.021663201663201664
0.31988000000000005 0.023243243243243242
0.3181600000000001 0.023783783783783784
0.31644000000000005 0.025197505197505198
0.31472 0.023700623700623702
0.31300000000000006 0.02415800415800416
0.31128 0.024407484407484407
0.3095600000000001 0.02424116424116424
0.30784000000000006 0.024407484407484407
0.30612 0.024864864864864864
0.3044000000000001 0.02523908523908524
0.30268000000000006 0.024615384615384615
0.3009600000000001 0.024532224532224534
0.29924000000000006 0.026403326403326405
0.29752 0.030311850311850314
0.29580000000000006 0.031476091476091476
0.29408 0.03388773388773389
0.2923600000000001 0.034885654885654885
0.29064000000000006 0.03920997920997921
0.28892 0.038461538461538464
0.2872000000000001 0.044199584199584196
0.28548000000000007 0.045239085239085236
0.2837600000000001 0.04482328482328482
0.28204000000000007 0.0488981288981289
0.28032 0.04864864864864865
0.27860000000000007 0.05076923076923077
0.27688 0.055135135135135134
0.2751600000000001 0.05347193347193347
0.27344000000000007 0.05446985446985447
0.27172 0.0595010395010395
0.27000000000000013 0.062370062370062374
0.2682800000000001 0.0651975051975052
0.26656000000000013 0.06773388773388773
0.2648400000000001 0.06627858627858628
0.26312 0.06943866943866944
0.2614000000000001 0.07476091476091476
0.25968 0.07916839916839917
0.25795999999999997 0.08661122661122661
0.2562400000000001 0.09525987525987525
0.25452 0.1004989604989605
0.25280000000000014 0.1093970893970894
0.2510800000000001 0.11313929313929315
0.24936 0.11692307692307692
0.24764000000000008 0.11920997920997921
0.24592000000000003 0.12074844074844074
0.2442000000000001 0.12669438669438668
0.24248000000000006 0.13492723492723493
0.24076 0.13671517671517672
0.23904000000000009 0.1407900207900208
0.23732000000000003 0.1402079002079002
0.23560000000000011 0.14686070686070685
0.23388000000000006 0.140997920997921
0.23216 0.14686070686070685
0.2304400000000001 0.14137214137214138
0.22872000000000003 0.12565488565488564
0.22700000000000012 0.12286902286902288
0.22528000000000006 0.11941787941787942
0.22356 0.1135966735966736
0.2218400000000001 0.10765072765072764
0.22012000000000004 0.10174636174636174
0.21840000000000012 0.10058212058212058
0.21668000000000007 0.0962993762993763
0.21496 0.10045738045738045
0.2132400000000001 0.09783783783783784
0.21152000000000004 0.09775467775467775
0.20980000000000013 0.09891891891891892
0.20808000000000007 0.1
0.20636000000000002 0.09904365904365904
0.2046400000000001 0.10852390852390853
0.20292000000000004 0.11114345114345114
0.20120000000000013 0.1305197505197505
0.19948000000000007 0.13912681912681912
0.19776000000000002 0.1513929313929314
0.1960400000000001 0.1735966735966736
0.19432000000000005 0.18557172557172558
0.1926 0.21022869022869023
0.19088000000000008 0.217006237006237
0.18916000000000002 0.21920997920997923
0.1874400000000001 0.22203742203742205
0.18572000000000005 0.22823284823284823
0.184 0.2390852390852391
0.18228000000000008 0.2448232848232848
0.18056000000000003 0.25733887733887734
0.1788400000000001 0.25954261954261953
0.17712000000000006 0.27775467775467777
0.1754 0.2899376299376299
0.17368000000000008 0.29334719334719334
0.17196000000000003 0.29343035343035345
0.1702400000000001 0.29908523908523904
0.16852000000000006 0.29093555093555096
0.1668 0.2921829521829522
0.1650800000000001 0.27675675675675676
0.16336000000000003 0.2393762993762994
0.16164000000000012 0.19226611226611226
0.15992000000000006 0.1362162162162162
0.1582 0.10511434511434511
0.1564800000000001 0.08187110187110187
0.15476000000000004 0.07122661122661123
0.15304000000000012 0.05451143451143451
0.15132000000000007 0.04611226611226611
0.1496 0.03962577962577962
0.1478800000000001 0.03954261954261954
0.14616000000000004 0.03871101871101871
0.14444000000000012 0.04054054054054054
0.14272000000000007 0.041663201663201664
0.14100000000000001 0.04528066528066528
0.11004 0.281954261954262
0.10832000000000008 0.2246985446985447
0.10660000000000003 0.16785862785862785
0.10488000000000011 0.13284823284823286
0.10316000000000006 0.10557172557172557
0.10144 0.08673596673596673
0.09972000000000009 0.08465696465696465
0.09800000000000003 0.08993762993762994
0.09628000000000012 0.09787941787941788
0.09456000000000006 0.10823284823284823
0.09284 0.10831600831600832
0.09112000000000009 0.09471933471933472
0.08940000000000003 0.07185031185031185
0.08768000000000012 0.05592515592515593
0.08596000000000006 0.04844074844074844
0.08424000000000001 0.04453222453222453
0.0825200000000001 0.04303534303534304
0.08080000000000004 0.044116424116424115
0.07908000000000012 0.04681912681912682
0.07736000000000007 0.050228690228690226
0.07564000000000001 0.05284823284823285
0.0739200000000001 0.05255717255717256
0.07220000000000004 0.06074844074844075
0.07047999999999999 0.06494802494802494
0.06876000000000007 0.07405405405405405
0.06704000000000002 0.07704781704781705
0.0653200000000001 0.08960498960498961
0.06360000000000005 0.09555093555093555
0.06187999999999999 0.10702702702702702
0.060160000000000075 0.12469854469854469
0.05844000000000002 0.1434095634095634
0.056720000000000104 0.17027027027027028
0.05500000000000005 0.20174636174636174
0.053279999999999994 0.23696465696465696
0.05156000000000008 0.2954261954261954
0.04984000000000002 0.3683991683991684
0.04812000000000011 0.49051975051975055
0.04640000000000005 0.6265696465696466
0.04468 0.742910602910603
0.04296000000000008 0.8192099792099792
0.04124000000000003 0.79995841995842
0.03952000000000011 0.7499376299376299
0.037800000000000056 0.7124324324324325
0.03608 0.6651143451143451
0.034360000000000085 0.627068607068607
0.03264000000000003 0.5784615384615385
0.030920000000000045 0.5747609147609147
0.02920000000000006 0.5527234927234927
0.027480000000000074 0.5672765072765072
0.02576000000000009 0.5765488565488565
0.024040000000000034 0.607027027027027
0.022320000000000048 0.6571309771309771
0.020600000000000063 0.7214137214137214
0.018880000000000077 0.7910602910602911
0.017160000000000022 0.8805821205821207
0.015440000000000037 0.9311434511434512
0.013720000000000052 1.0
0.012000000000000066 0.9996257796257796
0.01028000000000008 0.9836174636174636
0.008560000000000026 0.9129729729729729
0.0068400000000000405 0.8244490644490644
0.005120000000000055 0.7088149688149689
0.0034000000000000696 0.605987525987526
0.0016800000000000842 0.5056548856548856
-3.9999999999970615e-05 0.43517671517671513
-0.001759999999999956 0.3824948024948025
-0.0034799999999999415 0.32948024948024945
-0.005199999999999927 0.2883160083160083
-0.006919999999999912 0.26607068607068607
-0.008639999999999967 0.23767151767151767
-0.010359999999999953 0.2261122661122661
-0.012079999999999938 0.20602910602910604
-0.013799999999999923 0.19733887733887734
-0.015519999999999978 0.18515592515592516
-0.017239999999999964 0.17833679833679833
-0.01895999999999995 0.17164241164241165
-0.020679999999999935 0.1641995841995842
-0.02239999999999992 0.1577962577962578
-0.024119999999999975 0.15343035343035344
-0.02583999999999996 0.14316008316008316
-0.027559999999999946 0.14773388773388774
-0.02927999999999993 0.13912681912681912
-0.030999999999999917 0.1404989604989605
-0.03271999999999997 0.13476091476091476
-0.03443999999999996 0.12964656964656965
-0.03615999999999994 0.12939708939708938
-0.03787999999999993 0.12145530145530146
-0.03959999999999991 0.12033264033264032
-0.04131999999999997 0.11688149688149689
-0.04303999999999995 0.11609147609147609
-0.04475999999999994 0.10885654885654886
-0.046479999999999924 0.10465696465696465
-0.04819999999999998 0.10428274428274428
-0.049919999999999964 0.10178794178794179
-0.05163999999999995 0.09488565488565488
-0.053359999999999935 0.09509355509355509
-0.05507999999999992 0.08869022869022869
-0.056799999999999976 0.08690228690228691
-0.05851999999999996 0.08486486486486486
-0.060239999999999946 0.08507276507276507
-0.06195999999999993 0.07987525987525987
-0.06367999999999992 0.0782120582120582
-0.06539999999999997 0.0755093555093555
-0.06711999999999996 0.07093555093555093
-0.06883999999999994 0.06444906444906445
-0.07055999999999993 0.06594594594594594
-0.07227999999999998 0.06091476091476092
