1.043000000000000000e+03 0.000000000000000000e+00
1.042000000000000000e+03 0.000000000000000000e+00
1.041000000000000000e+03 0.000000000000000000e+00
1.040000000000000000e+03 0.000000000000000000e+00
1.039000000000000000e+03 0.000000000000000000e+00
1.038000000000000000e+03 0.000000000000000000e+00
1.037000000000000000e+03 0.000000000000000000e+00
1.036000000000000000e+03 0.000000000000000000e+00
1.035000000000000000e+03 0.000000000000000000e+00
1.034000000000000000e+03 0.000000000000000000e+00
1.033000000000000000e+03 0.000000000000000000e+00
1.032000000000000000e+03 0.000000000000000000e+00
1.031000000000000000e+03 0.000000000000000000e+00
1.030000000000000000e+03 0.000000000000000000e+00
1.029000000000000000e+03 0.000000000000000000e+00
1.028000000000000000e+03 0.000000000000000000e+00
1.027000000000000000e+03 0.000000000000000000e+00
1.026000000000000000e+03 0.000000000000000000e+00
1.025000000000000000e+03 0.000000000000000000e+00
1.024000000000000000e+03 0.000000000000000000e+00
1.023000000000000000e+03 0.000000000000000000e+00
1.022000000000000000e+03 0.000000000000000000e+00
1.021000000000000000e+03 0.000000000000000000e+00
1.020000000000000000e+03 0.000000000000000000e+00
1.019000000000000000e+03 0.000000000000000000e+00
1.018000000000000000e+03 0.000000000000000000e+00
1.017000000000000000e+03 1.000000000000000000e+00
1.016000000000000000e+03 0.000000000000000000e+00
1.015000000000000000e+03 0.000000000000000000e+00
1.014000000000000000e+03 0.000000000000000000e+00
1.013000000000000000e+03 0.000000000000000000e+00
1.012000000000000000e+03 0.000000000000000000e+00
1.011000000000000000e+03 0.000000000000000000e+00
1.010000000000000000e+03 0.000000000000000000e+00
1.009000000000000000e+03 0.000000000000000000e+00
1.008000000000000000e+03 0.000000000000000000e+00
1.007000000000000000e+03 1.000000000000000000e+00
1.006000000000000000e+03 0.000000000000000000e+00
1.005000000000000000e+03 0.000000000000000000e+00
1.004000000000000000e+03 0.000000000000000000e+00
1.003000000000000000e+03 0.000000000000000000e+00
1.002000000000000000e+03 0.000000000000000000e+00
1.001000000000000000e+03 0.000000000000000000e+00
1.000000000000000000e+03 0.000000000000000000e+00
9.990000000000000000e+02 0.000000000000000000e+00
9.980000000000000000e+02 1.000000000000000000e+00
9.970000000000000000e+02 0.000000000000000000e+00
9.960000000000000000e+02 0.000000000000000000e+00
9.950000000000000000e+02 0.000000000000000000e+00
9.940000000000000000e+02 0.000000000000000000e+00
9.930000000000000000e+02 0.000000000000000000e+00
9.920000000000000000e+02 0.000000000000000000e+00
9.910000000000000000e+02 0.000000000000000000e+00
9.900000000000000000e+02 0.000000000000000000e+00
9.890000000000000000e+02 0.000000000000000000e+00
9.880000000000000000e+02 0.000000000000000000e+00
9.870000000000000000e+02 0.000000000000000000e+00
9.860000000000000000e+02 0.000000000000000000e+00
9.850000000000000000e+02 0.000000000000000000e+00
9.840000000000000000e+02 0.000000000000000000e+00
9.830000000000000000e+02 0.000000000000000000e+00
9.820000000000000000e+02 0.000000000000000000e+00
9.810000000000000000e+02 0.000000000000000000e+00
9.800000000000000000e+02 0.000000000000000000e+00
9.790000000000000000e+02 0.000000000000000000e+00
9.780000000000000000e+02 0.000000000000000000e+00
9.770000000000000000e+02 0.000000000000000000e+00
9.760000000000000000e+02 0.000000000000000000e+00
9.750000000000000000e+02 0.000000000000000000e+00
9.740000000000000000e+02 0.000000000000000000e+00
9.730000000000000000e+02 0.000000000000000000e+00
9.720000000000000000e+02 0.000000000000000000e+00
9.710000000000000000e+02 0.000000000000000000e+00
9.700000000000000000e+02 0.000000000000000000e+00
9.690000000000000000e+02 0.000000000000000000e+00
9.680000000000000000e+02 0.000000000000000000e+00
9.670000000000000000e+02 1.000000000000000000e+00
9.660000000000000000e+02 0.000000000000000000e+00
9.650000000000000000e+02 0.000000000000000000e+00
9.640000000000000000e+02 1.000000000000000000e+00
9.630000000000000000e+02 0.000000000000000000e+00
9.620000000000000000e+02 1.000000000000000000e+00
9.610000000000000000e+02 0.000000000000000000e+00
9.600000000000000000e+02 0.000000000000000000e+00
9.590000000000000000e+02 0.000000000000000000e+00
9.580000000000000000e+02 0.000000000000000000e+00
9.570000000000000000e+02 1.000000000000000000e+00
9.560000000000000000e+02 1.000000000000000000e+00
9.550000000000000000e+02 1.000000000000000000e+00
9.540000000000000000e+02 0.000000000000000000e+00
9.530000000000000000e+02 1.000000000000000000e+00
9.520000000000000000e+02 0.000000000000000000e+00
9.510000000000000000e+02 1.000000000000000000e+00
9.500000000000000000e+02 1.000000000000000000e+00
9.490000000000000000e+02 1.000000000000000000e+00
9.480000000000000000e+02 1.000000000000000000e+00
9.470000000000000000e+02 2.000000000000000000e+00
9.460000000000000000e+02 2.000000000000000000e+00
9.450000000000000000e+02 1.000000000000000000e+00
9.440000000000000000e+02 1.000000000000000000e+00
9.430000000000000000e+02 1.000000000000000000e+00
9.420000000000000000e+02 2.000000000000000000e+00
9.410000000000000000e+02 1.000000000000000000e+00
9.400000000000000000e+02 1.000000000000000000e+00
9.390000000000000000e+02 1.000000000000000000e+00
9.380000000000000000e+02 0.000000000000000000e+00
9.370000000000000000e+02 0.000000000000000000e+00
9.360000000000000000e+02 1.000000000000000000e+00
9.350000000000000000e+02 1.000000000000000000e+00
9.340000000000000000e+02 1.000000000000000000e+00
9.330000000000000000e+02 0.000000000000000000e+00
9.320000000000000000e+02 0.000000000000000000e+00
9.310000000000000000e+02 0.000000000000000000e+00
9.300000000000000000e+02 0.000000000000000000e+00
9.290000000000000000e+02 0.000000000000000000e+00
9.280000000000000000e+02 2.000000000000000000e+00
9.270000000000000000e+02 0.000000000000000000e+00
9.260000000000000000e+02 2.000000000000000000e+00
9.250000000000000000e+02 1.000000000000000000e+00
9.240000000000000000e+02 1.000000000000000000e+00
9.230000000000000000e+02 2.000000000000000000e+00
9.220000000000000000e+02 1.000000000000000000e+00
9.210000000000000000e+02 0.000000000000000000e+00
9.200000000000000000e+02 1.000000000000000000e+00
9.190000000000000000e+02 1.000000000000000000e+00
9.180000000000000000e+02 2.000000000000000000e+00
9.170000000000000000e+02 0.000000000000000000e+00
9.160000000000000000e+02 0.000000000000000000e+00
9.150000000000000000e+02 1.000000000000000000e+00
9.140000000000000000e+02 1.000000000000000000e+00
9.130000000000000000e+02 2.000000000000000000e+00
9.120000000000000000e+02 1.000000000000000000e+00
9.110000000000000000e+02 0.000000000000000000e+00
9.100000000000000000e+02 0.000000000000000000e+00
9.090000000000000000e+02 1.000000000000000000e+00
9.080000000000000000e+02 0.000000000000000000e+00
9.070000000000000000e+02 0.000000000000000000e+00
9.060000000000000000e+02 0.000000000000000000e+00
9.050000000000000000e+02 0.000000000000000000e+00
9.040000000000000000e+02 0.000000000000000000e+00
9.030000000000000000e+02 0.000000000000000000e+00
9.020000000000000000e+02 0.000000000000000000e+00
9.010000000000000000e+02 0.000000000000000000e+00
9.000000000000000000e+02 0.000000000000000000e+00
8.990000000000000000e+02 0.000000000000000000e+00
8.980000000000000000e+02 0.000000000000000000e+00
8.970000000000000000e+02 0.000000000000000000e+00
8.960000000000000000e+02 0.000000000000000000e+00
8.950000000000000000e+02 0.000000000000000000e+00
8.940000000000000000e+02 0.000000000000000000e+00
8.930000000000000000e+02 0.000000000000000000e+00
8.920000000000000000e+02 0.000000000000000000e+00
8.910000000000000000e+02 0.000000000000000000e+00
8.900000000000000000e+02 0.000000000000000000e+00
8.890000000000000000e+02 0.000000000000000000e+00
8.880000000000000000e+02 0.000000000000000000e+00
8.870000000000000000e+02 0.000000000000000000e+00
8.860000000000000000e+02 0.000000000000000000e+00
8.850000000000000000e+02 0.000000000000000000e+00
8.840000000000000000e+02 0.000000000000000000e+00
8.830000000000000000e+02 2.000000000000000000e+00
8.820000000000000000e+02 1.000000000000000000e+00
8.810000000000000000e+02 3.000000000000000000e+00
8.800000000000000000e+02 0.000000000000000000e+00
8.790000000000000000e+02 3.000000000000000000e+00
8.780000000000000000e+02 1.000000000000000000e+00
8.770000000000000000e+02 1.000000000000000000e+00
8.760000000000000000e+02 1.000000000000000000e+00
8.750000000000000000e+02 2.000000000000000000e+00
8.740000000000000000e+02 3.000000000000000000e+00
8.730000000000000000e+02 2.000000000000000000e+00
8.720000000000000000e+02 3.000000000000000000e+00
8.710000000000000000e+02 6.000000000000000000e+00
8.700000000000000000e+02 1.000000000000000000e+00
8.690000000000000000e+02 1.000000000000000000e+00
8.680000000000000000e+02 6.000000000000000000e+00
8.670000000000000000e+02 2.000000000000000000e+00
8.660000000000000000e+02 4.000000000000000000e+00
8.650000000000000000e+02 2.000000000000000000e+00
8.640000000000000000e+02 6.000000000000000000e+00
8.630000000000000000e+02 5.000000000000000000e+00
8.620000000000000000e+02 6.000000000000000000e+00
8.610000000000000000e+02 9.000000000000000000e+00
8.600000000000000000e+02 8.000000000000000000e+00
8.590000000000000000e+02 4.000000000000000000e+00
8.580000000000000000e+02 5.000000000000000000e+00
8.570000000000000000e+02 5.000000000000000000e+00
8.560000000000000000e+02 3.000000000000000000e+00
8.550000000000000000e+02 3.000000000000000000e+00
8.540000000000000000e+02 2.000000000000000000e+00
8.530000000000000000e+02 1.100000000000000000e+01
8.520000000000000000e+02 1.400000000000000000e+01
8.510000000000000000e+02 5.000000000000000000e+00
8.500000000000000000e+02 8.000000000000000000e+00
8.490000000000000000e+02 7.000000000000000000e+00
8.480000000000000000e+02 -1.000000000000000000e+00
8.470000000000000000e+02 -1.000000000000000000e+00
8.460000000000000000e+02 -1.000000000000000000e+00
8.450000000000000000e+02 -1.000000000000000000e+00
8.440000000000000000e+02 -1.000000000000000000e+00
8.430000000000000000e+02 -1.000000000000000000e+00
8.420000000000000000e+02 -1.000000000000000000e+00
8.410000000000000000e+02 -1.000000000000000000e+00
8.400000000000000000e+02 -1.000000000000000000e+00
8.390000000000000000e+02 -1.000000000000000000e+00
8.380000000000000000e+02 -1.000000000000000000e+00
8.370000000000000000e+02 -1.000000000000000000e+00
8.360000000000000000e+02 -1.000000000000000000e+00
8.350000000000000000e+02 -1.000000000000000000e+00
8.340000000000000000e+02 -1.000000000000000000e+00
8.330000000000000000e+02 -1.000000000000000000e+00
8.320000000000000000e+02 -1.000000000000000000e+00
8.310000000000000000e+02 4.770000000000000000e+02
8.300000000000000000e+02 4.120000000000000000e+02
8.290000000000000000e+02 4.860000000000000000e+02
8.280000000000000000e+02 4.140000000000000000e+02
8.270000000000000000e+02 3.880000000000000000e+02
8.260000000000000000e+02 3.250000000000000000e+02
8.250000000000000000e+02 3.170000000000000000e+02
8.240000000000000000e+02 3.290000000000000000e+02
8.230000000000000000e+02 2.680000000000000000e+02
8.220000000000000000e+02 2.480000000000000000e+02
8.210000000000000000e+02 2.530000000000000000e+02
8.200000000000000000e+02 2.560000000000000000e+02
8.190000000000000000e+02 2.770000000000000000e+02
8.180000000000000000e+02 2.830000000000000000e+02
8.170000000000000000e+02 2.930000000000000000e+02
8.160000000000000000e+02 2.670000000000000000e+02
8.150000000000000000e+02 2.560000000000000000e+02
8.140000000000000000e+02 2.820000000000000000e+02
8.130000000000000000e+02 2.850000000000000000e+02
8.120000000000000000e+02 2.990000000000000000e+02
8.110000000000000000e+02 3.340000000000000000e+02
8.100000000000000000e+02 3.660000000000000000e+02
8.090000000000000000e+02 4.390000000000000000e+02
8.080000000000000000e+02 5.300000000000000000e+02
8.070000000000000000e+02 5.090000000000000000e+02
8.060000000000000000e+02 6.080000000000000000e+02
8.050000000000000000e+02 7.080000000000000000e+02
8.040000000000000000e+02 7.030000000000000000e+02
8.030000000000000000e+02 6.760000000000000000e+02
8.020000000000000000e+02 7.000000000000000000e+02
8.010000000000000000e+02 7.630000000000000000e+02
8.000000000000000000e+02 7.960000000000000000e+02
7.990000000000000000e+02 8.560000000000000000e+02
7.980000000000000000e+02 9.800000000000000000e+02
7.970000000000000000e+02 1.147000000000000000e+03
7.960000000000000000e+02 1.280000000000000000e+03
7.950000000000000000e+02 1.288000000000000000e+03
7.940000000000000000e+02 1.298000000000000000e+03
7.930000000000000000e+02 1.397000000000000000e+03
7.920000000000000000e+02 1.498000000000000000e+03
7.910000000000000000e+02 1.576000000000000000e+03
7.900000000000000000e+02 1.567000000000000000e+03
7.890000000000000000e+02 1.584000000000000000e+03
7.880000000000000000e+02 1.649000000000000000e+03
7.870000000000000000e+02 1.850000000000000000e+03
7.860000000000000000e+02 1.755000000000000000e+03
7.850000000000000000e+02 1.815000000000000000e+03
7.840000000000000000e+02 1.792000000000000000e+03
7.830000000000000000e+02 1.774000000000000000e+03
7.820000000000000000e+02 2.111000000000000000e+03
7.810000000000000000e+02 2.296000000000000000e+03
7.800000000000000000e+02 2.181000000000000000e+03
7.790000000000000000e+02 1.990000000000000000e+03
7.780000000000000000e+02 2.161000000000000000e+03
7.770000000000000000e+02 2.325000000000000000e+03
7.760000000000000000e+02 2.297000000000000000e+03
7.750000000000000000e+02 2.279000000000000000e+03
7.740000000000000000e+02 2.158000000000000000e+03
7.730000000000000000e+02 2.073000000000000000e+03
7.720000000000000000e+02 2.111000000000000000e+03
7.710000000000000000e+02 2.095000000000000000e+03
7.700000000000000000e+02 2.073000000000000000e+03
7.690000000000000000e+02 2.191000000000000000e+03
7.680000000000000000e+02 2.343000000000000000e+03
7.670000000000000000e+02 2.414000000000000000e+03
7.660000000000000000e+02 2.477000000000000000e+03
7.650000000000000000e+02 2.306000000000000000e+03
7.640000000000000000e+02 2.057000000000000000e+03
7.630000000000000000e+02 1.770000000000000000e+03
7.620000000000000000e+02 1.839000000000000000e+03
7.610000000000000000e+02 1.648000000000000000e+03
7.600000000000000000e+02 1.707000000000000000e+03
7.590000000000000000e+02 1.692000000000000000e+03
7.580000000000000000e+02 1.492000000000000000e+03
7.570000000000000000e+02 1.499000000000000000e+03
7.560000000000000000e+02 1.648000000000000000e+03
7.550000000000000000e+02 1.704000000000000000e+03
7.540000000000000000e+02 1.420000000000000000e+03
7.530000000000000000e+02 1.315000000000000000e+03
7.520000000000000000e+02 1.314000000000000000e+03
7.510000000000000000e+02 1.308000000000000000e+03
7.500000000000000000e+02 1.136000000000000000e+03
7.490000000000000000e+02 9.670000000000000000e+02
7.480000000000000000e+02 7.920000000000000000e+02
7.470000000000000000e+02 7.170000000000000000e+02
7.460000000000000000e+02 7.410000000000000000e+02
7.450000000000000000e+02 7.230000000000000000e+02
7.440000000000000000e+02 7.690000000000000000e+02
7.430000000000000000e+02 7.290000000000000000e+02
7.420000000000000000e+02 6.710000000000000000e+02
7.410000000000000000e+02 6.660000000000000000e+02
7.400000000000000000e+02 5.950000000000000000e+02
7.390000000000000000e+02 5.400000000000000000e+02
7.380000000000000000e+02 4.900000000000000000e+02
7.370000000000000000e+02 3.870000000000000000e+02
7.360000000000000000e+02 4.760000000000000000e+02
7.350000000000000000e+02 4.750000000000000000e+02
7.340000000000000000e+02 5.000000000000000000e+02
7.330000000000000000e+02 5.240000000000000000e+02
7.320000000000000000e+02 4.770000000000000000e+02
7.310000000000000000e+02 5.410000000000000000e+02
7.300000000000000000e+02 6.130000000000000000e+02
7.290000000000000000e+02 5.870000000000000000e+02
7.280000000000000000e+02 6.730000000000000000e+02
7.270000000000000000e+02 7.060000000000000000e+02
7.260000000000000000e+02 8.620000000000000000e+02
7.250000000000000000e+02 1.032000000000000000e+03
7.240000000000000000e+02 1.143000000000000000e+03
7.230000000000000000e+02 1.079000000000000000e+03
7.220000000000000000e+02 1.212000000000000000e+03
7.210000000000000000e+02 1.370000000000000000e+03
7.200000000000000000e+02 1.431000000000000000e+03
7.190000000000000000e+02 1.420000000000000000e+03
7.180000000000000000e+02 1.373000000000000000e+03
7.170000000000000000e+02 1.471000000000000000e+03
7.160000000000000000e+02 1.706000000000000000e+03
7.150000000000000000e+02 1.831000000000000000e+03
7.140000000000000000e+02 1.999000000000000000e+03
7.130000000000000000e+02 2.108000000000000000e+03
7.120000000000000000e+02 2.371000000000000000e+03
7.110000000000000000e+02 2.898000000000000000e+03
7.100000000000000000e+02 3.054000000000000000e+03
7.090000000000000000e+02 2.813000000000000000e+03
7.080000000000000000e+02 2.925000000000000000e+03
7.070000000000000000e+02 3.028000000000000000e+03
7.060000000000000000e+02 3.244000000000000000e+03
7.050000000000000000e+02 2.964000000000000000e+03
7.040000000000000000e+02 2.700000000000000000e+03
7.030000000000000000e+02 2.711000000000000000e+03
7.020000000000000000e+02 3.055000000000000000e+03
7.010000000000000000e+02 3.307000000000000000e+03
7.000000000000000000e+02 3.847000000000000000e+03
6.990000000000000000e+02 3.612000000000000000e+03
6.980000000000000000e+02 3.817000000000000000e+03
6.970000000000000000e+02 4.009000000000000000e+03
6.960000000000000000e+02 4.047000000000000000e+03
6.950000000000000000e+02 4.161000000000000000e+03
6.940000000000000000e+02 3.931000000000000000e+03
6.930000000000000000e+02 3.262000000000000000e+03
6.920000000000000000e+02 3.273000000000000000e+03
6.910000000000000000e+02 3.371000000000000000e+03
6.900000000000000000e+02 3.549000000000000000e+03
6.890000000000000000e+02 4.049000000000000000e+03
6.880000000000000000e+02 3.742000000000000000e+03
6.870000000000000000e+02 3.252000000000000000e+03
6.860000000000000000e+02 3.148000000000000000e+03
6.850000000000000000e+02 3.138000000000000000e+03
6.840000000000000000e+02 3.173000000000000000e+03
6.830000000000000000e+02 3.317000000000000000e+03
6.820000000000000000e+02 2.976000000000000000e+03
6.810000000000000000e+02 2.970000000000000000e+03
6.800000000000000000e+02 2.706000000000000000e+03
6.790000000000000000e+02 2.565000000000000000e+03
6.780000000000000000e+02 2.571000000000000000e+03
6.770000000000000000e+02 2.422000000000000000e+03
6.760000000000000000e+02 2.419000000000000000e+03
6.750000000000000000e+02 2.251000000000000000e+03
6.740000000000000000e+02 2.047000000000000000e+03
6.730000000000000000e+02 2.009000000000000000e+03
6.720000000000000000e+02 1.924000000000000000e+03
6.710000000000000000e+02 1.664000000000000000e+03
6.700000000000000000e+02 1.395000000000000000e+03
6.690000000000000000e+02 1.322000000000000000e+03
6.680000000000000000e+02 1.072000000000000000e+03
6.670000000000000000e+02 8.990000000000000000e+02
6.660000000000000000e+02 8.070000000000000000e+02
6.650000000000000000e+02 7.250000000000000000e+02
6.640000000000000000e+02 7.010000000000000000e+02
6.630000000000000000e+02 6.540000000000000000e+02
6.620000000000000000e+02 6.470000000000000000e+02
6.610000000000000000e+02 6.600000000000000000e+02
6.600000000000000000e+02 5.380000000000000000e+02
6.590000000000000000e+02 4.380000000000000000e+02
6.580000000000000000e+02 3.990000000000000000e+02
6.570000000000000000e+02 3.650000000000000000e+02
6.560000000000000000e+02 3.340000000000000000e+02
6.550000000000000000e+02 3.060000000000000000e+02
6.540000000000000000e+02 2.590000000000000000e+02
6.530000000000000000e+02 2.900000000000000000e+02
6.520000000000000000e+02 2.740000000000000000e+02
6.510000000000000000e+02 3.390000000000000000e+02
6.500000000000000000e+02 4.320000000000000000e+02
6.490000000000000000e+02 5.890000000000000000e+02
6.480000000000000000e+02 7.280000000000000000e+02
6.470000000000000000e+02 6.900000000000000000e+02
6.460000000000000000e+02 8.190000000000000000e+02
6.450000000000000000e+02 9.540000000000000000e+02
6.440000000000000000e+02 1.176000000000000000e+03
6.430000000000000000e+02 1.343000000000000000e+03
6.420000000000000000e+02 1.598000000000000000e+03
6.410000000000000000e+02 1.606000000000000000e+03
6.400000000000000000e+02 1.521000000000000000e+03
6.390000000000000000e+02 1.605000000000000000e+03
6.380000000000000000e+02 1.739000000000000000e+03
6.370000000000000000e+02 1.943000000000000000e+03
6.360000000000000000e+02 -1.000000000000000000e+00
6.350000000000000000e+02 -1.000000000000000000e+00
6.340000000000000000e+02 -1.000000000000000000e+00
6.330000000000000000e+02 -1.000000000000000000e+00
6.320000000000000000e+02 -1.000000000000000000e+00
6.310000000000000000e+02 -1.000000000000000000e+00
6.300000000000000000e+02 -1.000000000000000000e+00
6.290000000000000000e+02 -1.000000000000000000e+00
6.280000000000000000e+02 -1.000000000000000000e+00
6.270000000000000000e+02 -1.000000000000000000e+00
6.260000000000000000e+02 -1.000000000000000000e+00
6.250000000000000000e+02 -1.000000000000000000e+00
6.240000000000000000e+02 -1.000000000000000000e+00
6.230000000000000000e+02 -1.000000000000000000e+00
6.220000000000000000e+02 -1.000000000000000000e+00
6.210000000000000000e+02 -1.000000000000000000e+00
6.200000000000000000e+02 -1.000000000000000000e+00
6.190000000000000000e+02 4.903000000000000000e+03
6.180000000000000000e+02 4.919000000000000000e+03
6.170000000000000000e+02 5.096000000000000000e+03
6.160000000000000000e+02 5.887000000000000000e+03
6.150000000000000000e+02 5.872000000000000000e+03
6.140000000000000000e+02 6.018000000000000000e+03
6.130000000000000000e+02 5.741000000000000000e+03
6.120000000000000000e+02 5.607000000000000000e+03
6.110000000000000000e+02 5.597000000000000000e+03
6.100000000000000000e+02 4.867000000000000000e+03
6.090000000000000000e+02 4.575000000000000000e+03
6.080000000000000000e+02 4.247000000000000000e+03
6.070000000000000000e+02 4.734000000000000000e+03
6.060000000000000000e+02 4.866000000000000000e+03
6.050000000000000000e+02 5.242000000000000000e+03
6.040000000000000000e+02 5.684000000000000000e+03
6.030000000000000000e+02 5.339000000000000000e+03
6.020000000000000000e+02 5.387000000000000000e+03
6.010000000000000000e+02 5.003000000000000000e+03
6.000000000000000000e+02 4.801000000000000000e+03
5.990000000000000000e+02 4.962000000000000000e+03
5.980000000000000000e+02 4.792000000000000000e+03
5.970000000000000000e+02 4.752000000000000000e+03
5.960000000000000000e+02 4.583000000000000000e+03
5.950000000000000000e+02 3.939000000000000000e+03
5.940000000000000000e+02 3.522000000000000000e+03
5.930000000000000000e+02 3.272000000000000000e+03
5.920000000000000000e+02 3.000000000000000000e+03
5.910000000000000000e+02 2.781000000000000000e+03
5.900000000000000000e+02 2.278000000000000000e+03
5.890000000000000000e+02 2.085000000000000000e+03
5.880000000000000000e+02 2.049000000000000000e+03
5.870000000000000000e+02 1.774000000000000000e+03
5.860000000000000000e+02 1.896000000000000000e+03
5.850000000000000000e+02 2.099000000000000000e+03
5.840000000000000000e+02 2.161000000000000000e+03
5.830000000000000000e+02 2.307000000000000000e+03
5.820000000000000000e+02 2.263000000000000000e+03
5.810000000000000000e+02 1.937000000000000000e+03
5.800000000000000000e+02 1.742000000000000000e+03
5.790000000000000000e+02 1.908000000000000000e+03
5.780000000000000000e+02 1.954000000000000000e+03
5.770000000000000000e+02 1.959000000000000000e+03
5.760000000000000000e+02 1.860000000000000000e+03
5.750000000000000000e+02 1.901000000000000000e+03
5.740000000000000000e+02 1.987000000000000000e+03
5.730000000000000000e+02 2.020000000000000000e+03
5.720000000000000000e+02 2.083000000000000000e+03
5.710000000000000000e+02 2.267000000000000000e+03
5.700000000000000000e+02 2.587000000000000000e+03
5.690000000000000000e+02 2.835000000000000000e+03
5.680000000000000000e+02 3.436000000000000000e+03
5.670000000000000000e+02 4.273000000000000000e+03
5.660000000000000000e+02 4.912000000000000000e+03
5.650000000000000000e+02 5.655000000000000000e+03
5.640000000000000000e+02 6.479000000000000000e+03
5.630000000000000000e+02 6.909000000000000000e+03
5.620000000000000000e+02 7.292000000000000000e+03
5.610000000000000000e+02 7.654000000000000000e+03
5.600000000000000000e+02 8.102000000000000000e+03
5.590000000000000000e+02 8.475000000000000000e+03
5.580000000000000000e+02 9.017000000000000000e+03
5.570000000000000000e+02 9.028000000000000000e+03
5.560000000000000000e+02 8.839000000000000000e+03
5.550000000000000000e+02 8.936000000000000000e+03
5.540000000000000000e+02 9.618000000000000000e+03
5.530000000000000000e+02 9.074000000000000000e+03
5.520000000000000000e+02 8.876000000000000000e+03
5.510000000000000000e+02 9.069000000000000000e+03
5.500000000000000000e+02 7.809000000000000000e+03
5.490000000000000000e+02 7.755000000000000000e+03
5.480000000000000000e+02 8.418000000000000000e+03
5.470000000000000000e+02 9.078000000000000000e+03
5.460000000000000000e+02 9.940000000000000000e+03
5.450000000000000000e+02 1.117000000000000000e+04
5.440000000000000000e+02 1.241700000000000000e+04
5.430000000000000000e+02 1.366700000000000000e+04
5.420000000000000000e+02 1.418000000000000000e+04
5.410000000000000000e+02 1.545600000000000000e+04
5.400000000000000000e+02 1.553800000000000000e+04
5.390000000000000000e+02 1.426100000000000000e+04
5.380000000000000000e+02 1.314400000000000000e+04
5.370000000000000000e+02 1.281100000000000000e+04
5.360000000000000000e+02 1.177400000000000000e+04
5.350000000000000000e+02 1.101500000000000000e+04
5.340000000000000000e+02 1.135300000000000000e+04
5.330000000000000000e+02 1.092600000000000000e+04
5.320000000000000000e+02 1.183500000000000000e+04
5.310000000000000000e+02 1.234000000000000000e+04
5.300000000000000000e+02 1.303000000000000000e+04
5.290000000000000000e+02 1.229200000000000000e+04
5.280000000000000000e+02 1.264200000000000000e+04
5.270000000000000000e+02 1.236400000000000000e+04
5.260000000000000000e+02 1.221300000000000000e+04
5.250000000000000000e+02 1.247800000000000000e+04
5.240000000000000000e+02 1.242900000000000000e+04
5.230000000000000000e+02 1.125800000000000000e+04
5.220000000000000000e+02 1.123900000000000000e+04
5.210000000000000000e+02 1.120600000000000000e+04
5.200000000000000000e+02 1.272500000000000000e+04
5.190000000000000000e+02 1.292800000000000000e+04
5.180000000000000000e+02 1.318000000000000000e+04
5.170000000000000000e+02 1.244600000000000000e+04
5.160000000000000000e+02 1.084300000000000000e+04
5.150000000000000000e+02 8.978000000000000000e+03
5.140000000000000000e+02 8.504000000000000000e+03
5.130000000000000000e+02 8.307000000000000000e+03
5.120000000000000000e+02 8.271000000000000000e+03
5.110000000000000000e+02 7.987000000000000000e+03
5.100000000000000000e+02 8.558000000000000000e+03
5.090000000000000000e+02 9.238000000000000000e+03
5.080000000000000000e+02 9.473000000000000000e+03
5.070000000000000000e+02 9.181000000000000000e+03
5.060000000000000000e+02 9.687000000000000000e+03
5.050000000000000000e+02 9.530000000000000000e+03
5.040000000000000000e+02 8.440000000000000000e+03
5.030000000000000000e+02 7.491000000000000000e+03
5.020000000000000000e+02 6.949000000000000000e+03
5.010000000000000000e+02 6.744000000000000000e+03
5.000000000000000000e+02 6.446000000000000000e+03
4.990000000000000000e+02 6.956000000000000000e+03
4.980000000000000000e+02 7.525000000000000000e+03
4.970000000000000000e+02 8.667000000000000000e+03
4.960000000000000000e+02 9.590000000000000000e+03
4.950000000000000000e+02 1.034300000000000000e+04
4.940000000000000000e+02 1.076500000000000000e+04
4.930000000000000000e+02 1.105600000000000000e+04
4.920000000000000000e+02 1.071300000000000000e+04
4.910000000000000000e+02 1.051900000000000000e+04
4.900000000000000000e+02 1.083300000000000000e+04
4.890000000000000000e+02 1.061100000000000000e+04
4.880000000000000000e+02 1.094200000000000000e+04
4.870000000000000000e+02 1.150300000000000000e+04
4.860000000000000000e+02 1.210400000000000000e+04
4.850000000000000000e+02 1.119800000000000000e+04
4.840000000000000000e+02 1.077600000000000000e+04
4.830000000000000000e+02 9.241000000000000000e+03
4.820000000000000000e+02 7.645000000000000000e+03
4.810000000000000000e+02 6.448000000000000000e+03
4.800000000000000000e+02 6.470000000000000000e+03
4.790000000000000000e+02 6.691000000000000000e+03
4.780000000000000000e+02 6.455000000000000000e+03
4.770000000000000000e+02 6.597000000000000000e+03
4.760000000000000000e+02 6.195000000000000000e+03
4.750000000000000000e+02 6.140000000000000000e+03
4.740000000000000000e+02 5.164000000000000000e+03
4.730000000000000000e+02 5.077000000000000000e+03
4.720000000000000000e+02 3.986000000000000000e+03
4.710000000000000000e+02 3.686000000000000000e+03
4.700000000000000000e+02 2.722000000000000000e+03
4.690000000000000000e+02 2.137000000000000000e+03
4.680000000000000000e+02 1.541000000000000000e+03
4.670000000000000000e+02 1.286000000000000000e+03
4.660000000000000000e+02 1.312000000000000000e+03
4.650000000000000000e+02 1.750000000000000000e+03
4.640000000000000000e+02 2.130000000000000000e+03
4.630000000000000000e+02 2.748000000000000000e+03
4.620000000000000000e+02 3.783000000000000000e+03
4.610000000000000000e+02 4.808000000000000000e+03
4.600000000000000000e+02 5.389000000000000000e+03
4.590000000000000000e+02 5.577000000000000000e+03
4.580000000000000000e+02 5.984000000000000000e+03
4.570000000000000000e+02 6.160000000000000000e+03
4.560000000000000000e+02 5.846000000000000000e+03
4.550000000000000000e+02 5.556000000000000000e+03
4.540000000000000000e+02 6.363000000000000000e+03
4.530000000000000000e+02 6.391000000000000000e+03
4.520000000000000000e+02 6.950000000000000000e+03
4.510000000000000000e+02 7.142000000000000000e+03
4.500000000000000000e+02 6.531000000000000000e+03
4.490000000000000000e+02 6.764000000000000000e+03
4.480000000000000000e+02 6.026000000000000000e+03
4.470000000000000000e+02 5.365000000000000000e+03
4.460000000000000000e+02 5.274000000000000000e+03
4.450000000000000000e+02 5.864000000000000000e+03
4.440000000000000000e+02 7.251000000000000000e+03
4.430000000000000000e+02 8.765000000000000000e+03
4.420000000000000000e+02 1.029900000000000000e+04
4.410000000000000000e+02 1.308500000000000000e+04
4.400000000000000000e+02 1.469000000000000000e+04
4.390000000000000000e+02 1.541200000000000000e+04
4.380000000000000000e+02 1.570600000000000000e+04
4.370000000000000000e+02 1.578500000000000000e+04
4.360000000000000000e+02 1.461000000000000000e+04
4.350000000000000000e+02 1.263300000000000000e+04
4.340000000000000000e+02 1.039800000000000000e+04
4.330000000000000000e+02 8.701000000000000000e+03
4.320000000000000000e+02 6.072000000000000000e+03
4.310000000000000000e+02 4.823000000000000000e+03
4.300000000000000000e+02 5.473000000000000000e+03
4.290000000000000000e+02 7.627000000000000000e+03
4.280000000000000000e+02 1.125900000000000000e+04
4.270000000000000000e+02 1.598400000000000000e+04
4.260000000000000000e+02 2.010400000000000000e+04
4.250000000000000000e+02 2.180600000000000000e+04
4.240000000000000000e+02 -1.000000000000000000e+00
4.230000000000000000e+02 -1.000000000000000000e+00
4.220000000000000000e+02 -1.000000000000000000e+00
4.210000000000000000e+02 -1.000000000000000000e+00
4.200000000000000000e+02 -1.000000000000000000e+00
4.190000000000000000e+02 -1.000000000000000000e+00
4.180000000000000000e+02 -1.000000000000000000e+00
4.170000000000000000e+02 -1.000000000000000000e+00
4.160000000000000000e+02 -1.000000000000000000e+00
4.150000000000000000e+02 -1.000000000000000000e+00
4.140000000000000000e+02 -1.000000000000000000e+00
4.130000000000000000e+02 -1.000000000000000000e+00
4.120000000000000000e+02 -1.000000000000000000e+00
4.110000000000000000e+02 -1.000000000000000000e+00
4.100000000000000000e+02 -1.000000000000000000e+00
4.090000000000000000e+02 -1.000000000000000000e+00
4.080000000000000000e+02 -1.000000000000000000e+00
4.070000000000000000e+02 2.568600000000000000e+04
4.060000000000000000e+02 2.624300000000000000e+04
4.050000000000000000e+02 2.511800000000000000e+04
4.040000000000000000e+02 2.530500000000000000e+04
4.030000000000000000e+02 2.446600000000000000e+04
4.020000000000000000e+02 2.210200000000000000e+04
4.010000000000000000e+02 1.992700000000000000e+04
4.000000000000000000e+02 1.821200000000000000e+04
3.990000000000000000e+02 1.605800000000000000e+04
3.980000000000000000e+02 1.431100000000000000e+04
3.970000000000000000e+02 1.395400000000000000e+04
3.960000000000000000e+02 1.346300000000000000e+04
3.950000000000000000e+02 1.417300000000000000e+04
3.940000000000000000e+02 1.648400000000000000e+04
3.930000000000000000e+02 1.941200000000000000e+04
3.920000000000000000e+02 2.122900000000000000e+04
3.910000000000000000e+02 2.270000000000000000e+04
3.900000000000000000e+02 2.410200000000000000e+04
3.890000000000000000e+02 2.535800000000000000e+04
3.880000000000000000e+02 2.638600000000000000e+04
3.870000000000000000e+02 2.732000000000000000e+04
3.860000000000000000e+02 2.822600000000000000e+04
3.850000000000000000e+02 2.931400000000000000e+04
3.840000000000000000e+02 2.988800000000000000e+04
3.830000000000000000e+02 3.087800000000000000e+04
3.820000000000000000e+02 3.167600000000000000e+04
3.810000000000000000e+02 3.308100000000000000e+04
3.800000000000000000e+02 3.461000000000000000e+04
3.790000000000000000e+02 3.512800000000000000e+04
3.780000000000000000e+02 3.605900000000000000e+04
3.770000000000000000e+02 3.660200000000000000e+04
3.760000000000000000e+02 3.743400000000000000e+04
3.750000000000000000e+02 3.870500000000000000e+04
3.740000000000000000e+02 4.039100000000000000e+04
3.730000000000000000e+02 4.230500000000000000e+04
3.720000000000000000e+02 4.493300000000000000e+04
3.710000000000000000e+02 4.598700000000000000e+04
3.700000000000000000e+02 4.753500000000000000e+04
3.690000000000000000e+02 4.942300000000000000e+04
3.680000000000000000e+02 4.822100000000000000e+04
3.670000000000000000e+02 4.714000000000000000e+04
3.660000000000000000e+02 4.491400000000000000e+04
3.650000000000000000e+02 4.175900000000000000e+04
3.640000000000000000e+02 3.953600000000000000e+04
3.630000000000000000e+02 3.720300000000000000e+04
3.620000000000000000e+02 3.591100000000000000e+04
3.610000000000000000e+02 3.361100000000000000e+04
3.600000000000000000e+02 3.274000000000000000e+04
3.590000000000000000e+02 3.075100000000000000e+04
3.580000000000000000e+02 3.003600000000000000e+04
3.570000000000000000e+02 2.952300000000000000e+04
3.560000000000000000e+02 2.961900000000000000e+04
3.550000000000000000e+02 3.051900000000000000e+04
3.540000000000000000e+02 3.080000000000000000e+04
3.530000000000000000e+02 3.200200000000000000e+04
3.520000000000000000e+02 3.298400000000000000e+04
3.510000000000000000e+02 3.335500000000000000e+04
3.500000000000000000e+02 3.407400000000000000e+04
3.490000000000000000e+02 3.396300000000000000e+04
3.480000000000000000e+02 3.308700000000000000e+04
3.470000000000000000e+02 3.166400000000000000e+04
3.460000000000000000e+02 3.014300000000000000e+04
3.450000000000000000e+02 2.928200000000000000e+04
3.440000000000000000e+02 2.839700000000000000e+04
3.430000000000000000e+02 2.736000000000000000e+04
3.420000000000000000e+02 2.674400000000000000e+04
3.410000000000000000e+02 2.616200000000000000e+04
3.400000000000000000e+02 2.499700000000000000e+04
3.390000000000000000e+02 2.426300000000000000e+04
3.380000000000000000e+02 2.350500000000000000e+04
3.370000000000000000e+02 2.258600000000000000e+04
3.360000000000000000e+02 2.191100000000000000e+04
3.350000000000000000e+02 2.084000000000000000e+04
3.340000000000000000e+02 2.029200000000000000e+04
3.330000000000000000e+02 1.946000000000000000e+04
3.320000000000000000e+02 1.887200000000000000e+04
3.310000000000000000e+02 1.836700000000000000e+04
3.300000000000000000e+02 1.765000000000000000e+04
3.290000000000000000e+02 1.702400000000000000e+04
3.280000000000000000e+02 1.687400000000000000e+04
3.270000000000000000e+02 1.630100000000000000e+04
3.260000000000000000e+02 1.582700000000000000e+04
3.250000000000000000e+02 1.541400000000000000e+04
3.240000000000000000e+02 1.495400000000000000e+04
3.230000000000000000e+02 1.456600000000000000e+04
3.220000000000000000e+02 1.424800000000000000e+04
3.210000000000000000e+02 1.388600000000000000e+04
3.200000000000000000e+02 1.349200000000000000e+04
3.190000000000000000e+02 1.279100000000000000e+04
3.180000000000000000e+02 1.228700000000000000e+04
3.170000000000000000e+02 1.177600000000000000e+04
3.160000000000000000e+02 1.146800000000000000e+04
3.150000000000000000e+02 1.091400000000000000e+04
3.140000000000000000e+02 1.029600000000000000e+04
3.130000000000000000e+02 1.018800000000000000e+04
3.120000000000000000e+02 9.658000000000000000e+03
3.110000000000000000e+02 7.787000000000000000e+03
3.100000000000000000e+02 7.615000000000000000e+03
3.090000000000000000e+02 7.448000000000000000e+03
3.080000000000000000e+02 8.372000000000000000e+03
3.070000000000000000e+02 7.748000000000000000e+03
3.060000000000000000e+02 7.359000000000000000e+03
3.050000000000000000e+02 7.037000000000000000e+03
3.040000000000000000e+02 6.613000000000000000e+03
3.030000000000000000e+02 6.090000000000000000e+03
3.020000000000000000e+02 5.788000000000000000e+03
3.010000000000000000e+02 5.483000000000000000e+03
3.000000000000000000e+02 4.951000000000000000e+03
2.990000000000000000e+02 4.595000000000000000e+03
2.980000000000000000e+02 4.247000000000000000e+03
2.970000000000000000e+02 3.931000000000000000e+03
2.960000000000000000e+02 3.643000000000000000e+03
2.950000000000000000e+02 3.383000000000000000e+03
2.940000000000000000e+02 2.989000000000000000e+03
2.930000000000000000e+02 2.823000000000000000e+03
2.920000000000000000e+02 2.471000000000000000e+03
2.910000000000000000e+02 2.224000000000000000e+03
2.900000000000000000e+02 1.942000000000000000e+03
2.890000000000000000e+02 1.700000000000000000e+03
2.880000000000000000e+02 1.409000000000000000e+03
2.870000000000000000e+02 1.205000000000000000e+03
2.860000000000000000e+02 1.079000000000000000e+03
2.850000000000000000e+02 9.420000000000000000e+02
2.840000000000000000e+02 7.290000000000000000e+02
2.830000000000000000e+02 7.000000000000000000e+02
2.820000000000000000e+02 5.590000000000000000e+02
2.810000000000000000e+02 4.410000000000000000e+02
2.800000000000000000e+02 4.140000000000000000e+02
2.790000000000000000e+02 3.520000000000000000e+02
2.780000000000000000e+02 3.900000000000000000e+02
2.770000000000000000e+02 4.390000000000000000e+02
2.760000000000000000e+02 4.580000000000000000e+02
2.750000000000000000e+02 5.100000000000000000e+02
2.740000000000000000e+02 5.050000000000000000e+02
2.730000000000000000e+02 5.900000000000000000e+02
2.720000000000000000e+02 6.600000000000000000e+02
2.710000000000000000e+02 7.060000000000000000e+02
2.700000000000000000e+02 8.180000000000000000e+02
2.690000000000000000e+02 8.590000000000000000e+02
2.680000000000000000e+02 8.540000000000000000e+02
2.670000000000000000e+02 9.520000000000000000e+02
2.660000000000000000e+02 1.052000000000000000e+03
2.650000000000000000e+02 1.157000000000000000e+03
2.640000000000000000e+02 1.186000000000000000e+03
2.630000000000000000e+02 1.204000000000000000e+03
2.620000000000000000e+02 1.326000000000000000e+03
2.610000000000000000e+02 1.292000000000000000e+03
2.600000000000000000e+02 1.387000000000000000e+03
2.590000000000000000e+02 1.450000000000000000e+03
2.580000000000000000e+02 1.520000000000000000e+03
2.570000000000000000e+02 1.610000000000000000e+03
2.560000000000000000e+02 1.694000000000000000e+03
2.550000000000000000e+02 1.726000000000000000e+03
2.540000000000000000e+02 1.935000000000000000e+03
2.530000000000000000e+02 1.985000000000000000e+03
2.520000000000000000e+02 2.134000000000000000e+03
2.510000000000000000e+02 2.277000000000000000e+03
2.500000000000000000e+02 2.245000000000000000e+03
2.490000000000000000e+02 2.462000000000000000e+03
2.480000000000000000e+02 2.522000000000000000e+03
2.470000000000000000e+02 2.627000000000000000e+03
2.460000000000000000e+02 2.564000000000000000e+03
2.450000000000000000e+02 2.676000000000000000e+03
2.440000000000000000e+02 2.821000000000000000e+03
2.430000000000000000e+02 2.793000000000000000e+03
2.420000000000000000e+02 2.795000000000000000e+03
2.410000000000000000e+02 2.931000000000000000e+03
2.400000000000000000e+02 2.987000000000000000e+03
2.390000000000000000e+02 3.037000000000000000e+03
2.380000000000000000e+02 3.183000000000000000e+03
2.370000000000000000e+02 3.277000000000000000e+03
2.360000000000000000e+02 3.235000000000000000e+03
2.350000000000000000e+02 3.295000000000000000e+03
2.340000000000000000e+02 3.354000000000000000e+03
2.330000000000000000e+02 3.409000000000000000e+03
2.320000000000000000e+02 3.322000000000000000e+03
2.310000000000000000e+02 3.236000000000000000e+03
2.300000000000000000e+02 3.091000000000000000e+03
2.290000000000000000e+02 3.361000000000000000e+03
2.280000000000000000e+02 3.718000000000000000e+03
2.270000000000000000e+02 4.014000000000000000e+03
2.260000000000000000e+02 4.329000000000000000e+03
2.250000000000000000e+02 4.468000000000000000e+03
2.240000000000000000e+02 4.391000000000000000e+03
2.230000000000000000e+02 4.644000000000000000e+03
2.220000000000000000e+02 4.837000000000000000e+03
2.210000000000000000e+02 5.376000000000000000e+03
2.200000000000000000e+02 5.582000000000000000e+03
2.190000000000000000e+02 5.814000000000000000e+03
2.180000000000000000e+02 5.900000000000000000e+03
2.170000000000000000e+02 6.095000000000000000e+03
2.160000000000000000e+02 6.158000000000000000e+03
2.150000000000000000e+02 6.104000000000000000e+03
2.140000000000000000e+02 6.081000000000000000e+03
2.130000000000000000e+02 5.937000000000000000e+03
2.120000000000000000e+02 -1.000000000000000000e+00
2.110000000000000000e+02 -1.000000000000000000e+00
2.100000000000000000e+02 -1.000000000000000000e+00
2.090000000000000000e+02 -1.000000000000000000e+00
2.080000000000000000e+02 -1.000000000000000000e+00
2.070000000000000000e+02 -1.000000000000000000e+00
2.060000000000000000e+02 -1.000000000000000000e+00
2.050000000000000000e+02 -1.000000000000000000e+00
2.040000000000000000e+02 -1.000000000000000000e+00
2.030000000000000000e+02 -1.000000000000000000e+00
2.020000000000000000e+02 -1.000000000000000000e+00
2.010000000000000000e+02 -1.000000000000000000e+00
2.000000000000000000e+02 -1.000000000000000000e+00
1.990000000000000000e+02 -1.000000000000000000e+00
1.980000000000000000e+02 -1.000000000000000000e+00
1.970000000000000000e+02 -1.000000000000000000e+00
1.960000000000000000e+02 -1.000000000000000000e+00
1.950000000000000000e+02 6.569000000000000000e+03
1.940000000000000000e+02 6.777000000000000000e+03
1.930000000000000000e+02 6.369000000000000000e+03
1.920000000000000000e+02 6.604000000000000000e+03
1.910000000000000000e+02 6.839000000000000000e+03
1.900000000000000000e+02 6.727000000000000000e+03
1.890000000000000000e+02 6.610000000000000000e+03
1.880000000000000000e+02 6.469000000000000000e+03
1.870000000000000000e+02 6.245000000000000000e+03
1.860000000000000000e+02 5.995000000000000000e+03
1.850000000000000000e+02 6.243000000000000000e+03
1.840000000000000000e+02 6.231000000000000000e+03
1.830000000000000000e+02 6.158000000000000000e+03
1.820000000000000000e+02 5.560000000000000000e+03
1.810000000000000000e+02 5.239000000000000000e+03
1.800000000000000000e+02 5.514000000000000000e+03
1.790000000000000000e+02 5.432000000000000000e+03
1.780000000000000000e+02 5.362000000000000000e+03
1.770000000000000000e+02 5.255000000000000000e+03
1.760000000000000000e+02 5.356000000000000000e+03
1.750000000000000000e+02 5.359000000000000000e+03
1.740000000000000000e+02 5.243000000000000000e+03
1.730000000000000000e+02 5.188000000000000000e+03
1.720000000000000000e+02 5.325000000000000000e+03
1.710000000000000000e+02 5.207000000000000000e+03
1.700000000000000000e+02 5.402000000000000000e+03
1.690000000000000000e+02 5.779000000000000000e+03
1.680000000000000000e+02 6.177000000000000000e+03
1.670000000000000000e+02 6.447000000000000000e+03
1.660000000000000000e+02 6.578000000000000000e+03
1.650000000000000000e+02 6.358000000000000000e+03
1.640000000000000000e+02 6.528000000000000000e+03
1.630000000000000000e+02 6.755000000000000000e+03
1.620000000000000000e+02 6.389000000000000000e+03
1.610000000000000000e+02 5.730000000000000000e+03
1.600000000000000000e+02 5.427000000000000000e+03
1.590000000000000000e+02 4.914000000000000000e+03
1.580000000000000000e+02 5.086000000000000000e+03
1.570000000000000000e+02 5.359000000000000000e+03
1.560000000000000000e+02 5.161000000000000000e+03
1.550000000000000000e+02 4.891000000000000000e+03
1.540000000000000000e+02 5.372000000000000000e+03
1.530000000000000000e+02 5.496000000000000000e+03
1.520000000000000000e+02 5.326000000000000000e+03
1.510000000000000000e+02 5.351000000000000000e+03
1.500000000000000000e+02 5.253000000000000000e+03
1.490000000000000000e+02 5.467000000000000000e+03
1.480000000000000000e+02 5.231000000000000000e+03
1.470000000000000000e+02 4.880000000000000000e+03
1.460000000000000000e+02 5.457000000000000000e+03
1.450000000000000000e+02 5.935000000000000000e+03
1.440000000000000000e+02 5.236000000000000000e+03
1.430000000000000000e+02 4.991000000000000000e+03
1.420000000000000000e+02 4.704000000000000000e+03
1.410000000000000000e+02 4.667000000000000000e+03
1.400000000000000000e+02 4.605000000000000000e+03
1.390000000000000000e+02 4.283000000000000000e+03
1.380000000000000000e+02 4.347000000000000000e+03
1.370000000000000000e+02 4.020000000000000000e+03
1.360000000000000000e+02 4.100000000000000000e+03
1.350000000000000000e+02 3.796000000000000000e+03
1.340000000000000000e+02 3.800000000000000000e+03
1.330000000000000000e+02 3.890000000000000000e+03
1.320000000000000000e+02 4.113000000000000000e+03
1.310000000000000000e+02 3.883000000000000000e+03
1.300000000000000000e+02 3.797000000000000000e+03
1.290000000000000000e+02 3.575000000000000000e+03
1.280000000000000000e+02 3.639000000000000000e+03
1.270000000000000000e+02 3.376000000000000000e+03
1.260000000000000000e+02 3.095000000000000000e+03
1.250000000000000000e+02 3.329000000000000000e+03
1.240000000000000000e+02 3.221000000000000000e+03
1.230000000000000000e+02 3.222000000000000000e+03
1.220000000000000000e+02 3.389000000000000000e+03
1.210000000000000000e+02 3.969000000000000000e+03
1.200000000000000000e+02 3.737000000000000000e+03
1.190000000000000000e+02 3.348000000000000000e+03
1.180000000000000000e+02 3.444000000000000000e+03
1.170000000000000000e+02 2.911000000000000000e+03
1.160000000000000000e+02 3.342000000000000000e+03
1.150000000000000000e+02 2.868000000000000000e+03
1.140000000000000000e+02 2.935000000000000000e+03
1.130000000000000000e+02 2.791000000000000000e+03
1.120000000000000000e+02 2.658000000000000000e+03
1.110000000000000000e+02 2.270000000000000000e+03
1.100000000000000000e+02 2.243000000000000000e+03
1.090000000000000000e+02 1.853000000000000000e+03
1.080000000000000000e+02 1.418000000000000000e+03
1.070000000000000000e+02 1.373000000000000000e+03
1.060000000000000000e+02 1.429000000000000000e+03
1.050000000000000000e+02 1.491000000000000000e+03
1.040000000000000000e+02 1.625000000000000000e+03
1.030000000000000000e+02 1.672000000000000000e+03
1.020000000000000000e+02 1.330000000000000000e+03
1.010000000000000000e+02 1.259000000000000000e+03
1.000000000000000000e+02 1.169000000000000000e+03
9.900000000000000000e+01 1.302000000000000000e+03
9.800000000000000000e+01 6.500000000000000000e+02
9.700000000000000000e+01 0.000000000000000000e+00
9.600000000000000000e+01 1.959000000000000000e+03
9.500000000000000000e+01 1.733000000000000000e+03
9.400000000000000000e+01 1.402000000000000000e+03
9.300000000000000000e+01 1.257000000000000000e+03
9.200000000000000000e+01 1.143000000000000000e+03
9.100000000000000000e+01 1.185000000000000000e+03
9.000000000000000000e+01 1.260000000000000000e+03
8.900000000000000000e+01 1.254000000000000000e+03
8.800000000000000000e+01 1.556000000000000000e+03
8.700000000000000000e+01 1.645000000000000000e+03
8.600000000000000000e+01 2.078000000000000000e+03
8.500000000000000000e+01 2.019000000000000000e+03
8.400000000000000000e+01 1.862000000000000000e+03
8.300000000000000000e+01 1.863000000000000000e+03
8.200000000000000000e+01 2.107000000000000000e+03
8.100000000000000000e+01 1.550000000000000000e+03
8.000000000000000000e+01 1.414000000000000000e+03
7.900000000000000000e+01 1.014000000000000000e+03
7.800000000000000000e+01 8.180000000000000000e+02
7.700000000000000000e+01 8.240000000000000000e+02
7.600000000000000000e+01 7.770000000000000000e+02
7.500000000000000000e+01 9.420000000000000000e+02
7.400000000000000000e+01 1.262000000000000000e+03
7.300000000000000000e+01 2.090000000000000000e+03
7.200000000000000000e+01 2.309000000000000000e+03
7.100000000000000000e+01 1.914000000000000000e+03
7.000000000000000000e+01 1.345000000000000000e+03
6.900000000000000000e+01 9.150000000000000000e+02
6.800000000000000000e+01 9.830000000000000000e+02
6.700000000000000000e+01 7.230000000000000000e+02
6.600000000000000000e+01 7.190000000000000000e+02
6.500000000000000000e+01 7.020000000000000000e+02
6.400000000000000000e+01 6.950000000000000000e+02
6.300000000000000000e+01 6.340000000000000000e+02
6.200000000000000000e+01 7.120000000000000000e+02
6.100000000000000000e+01 9.880000000000000000e+02
6.000000000000000000e+01 1.303000000000000000e+03
5.900000000000000000e+01 1.808000000000000000e+03
5.800000000000000000e+01 1.833000000000000000e+03
5.700000000000000000e+01 1.443000000000000000e+03
5.600000000000000000e+01 8.930000000000000000e+02
5.500000000000000000e+01 6.030000000000000000e+02
5.400000000000000000e+01 5.060000000000000000e+02
5.300000000000000000e+01 6.170000000000000000e+02
5.200000000000000000e+01 6.340000000000000000e+02
5.100000000000000000e+01 4.970000000000000000e+02
5.000000000000000000e+01 4.470000000000000000e+02
4.900000000000000000e+01 4.270000000000000000e+02
4.800000000000000000e+01 4.710000000000000000e+02
4.700000000000000000e+01 7.380000000000000000e+02
4.600000000000000000e+01 5.900000000000000000e+02
4.500000000000000000e+01 5.860000000000000000e+02
4.400000000000000000e+01 5.180000000000000000e+02
4.300000000000000000e+01 6.220000000000000000e+02
4.200000000000000000e+01 5.890000000000000000e+02
4.100000000000000000e+01 6.050000000000000000e+02
4.000000000000000000e+01 9.680000000000000000e+02
3.900000000000000000e+01 1.224000000000000000e+03
3.800000000000000000e+01 1.289000000000000000e+03
3.700000000000000000e+01 1.217000000000000000e+03
3.600000000000000000e+01 1.093000000000000000e+03
3.500000000000000000e+01 1.392000000000000000e+03
3.400000000000000000e+01 1.194000000000000000e+03
3.300000000000000000e+01 1.094000000000000000e+03
3.200000000000000000e+01 6.420000000000000000e+02
3.100000000000000000e+01 4.910000000000000000e+02
3.000000000000000000e+01 0.000000000000000000e+00
2.900000000000000000e+01 4.300000000000000000e+02
2.800000000000000000e+01 4.070000000000000000e+02
2.700000000000000000e+01 3.990000000000000000e+02
2.600000000000000000e+01 3.550000000000000000e+02
2.500000000000000000e+01 3.750000000000000000e+02
2.400000000000000000e+01 3.490000000000000000e+02
2.300000000000000000e+01 4.430000000000000000e+02
2.200000000000000000e+01 6.810000000000000000e+02
2.100000000000000000e+01 7.230000000000000000e+02
2.000000000000000000e+01 7.610000000000000000e+02
1.900000000000000000e+01 9.930000000000000000e+02
1.800000000000000000e+01 8.690000000000000000e+02
1.700000000000000000e+01 7.770000000000000000e+02
1.600000000000000000e+01 7.510000000000000000e+02
1.500000000000000000e+01 7.410000000000000000e+02
1.400000000000000000e+01 5.530000000000000000e+02
1.300000000000000000e+01 5.960000000000000000e+02
1.200000000000000000e+01 8.090000000000000000e+02
1.100000000000000000e+01 6.600000000000000000e+02
1.000000000000000000e+01 5.240000000000000000e+02
9.000000000000000000e+00 4.990000000000000000e+02
8.000000000000000000e+00 4.320000000000000000e+02
7.000000000000000000e+00 3.340000000000000000e+02
6.000000000000000000e+00 3.810000000000000000e+02
5.000000000000000000e+00 3.640000000000000000e+02
4.000000000000000000e+00 2.670000000000000000e+02
3.000000000000000000e+00 2.580000000000000000e+02
2.000000000000000000e+00 2.550000000000000000e+02
1.000000000000000000e+00 2.680000000000000000e+02
