0.11042000000000002 0.1
0.109904 0.1
0.10956000000000002 0.1
0.10870000000000002 0.1
0.10835600000000001 0.2
0.108184 0.1
0.10680800000000001 0.1
0.097692 0.1
0.09631600000000001 0.1
0.09614400000000001 0.1
0.0958 0.2
0.09545600000000001 0.2
0.09528400000000001 0.1
0.095112 0.1
0.09476800000000002 0.1
0.09459600000000001 0.1
0.09442400000000001 0.1
0.094252 0.3
0.09390800000000002 0.1
0.09373600000000001 0.1
0.09356400000000001 0.2
0.09322 0.2
0.09287600000000001 0.1
0.092532 0.1
0.09218800000000002 0.2
0.09201600000000001 0.1
0.091672 0.1
0.09098400000000001 0.1
0.09064 0.2
0.09046800000000002 0.2
0.09029600000000002 0.1
0.089952 0.2
0.08840400000000001 0.1
0.083932 38.1
0.08376 39.6
0.083588 41.9
0.08341600000000002 48.6
0.08324400000000001 50.4
0.08307200000000001 56.1
0.0829 54.1
0.082728 60.6
0.08255600000000002 59.0
0.08238400000000001 67.0
0.08221200000000001 60.5
0.08204 67.4
0.081868 73.3
0.08169600000000002 71.7
0.08152400000000001 74.0
0.08135200000000001 86.0
0.08118 81.3
0.081008 87.9
0.08083600000000002 90.8
0.08066400000000001 87.9
0.08049200000000001 85.8
0.08032 89.4
0.080148 91.2
0.07997600000000002 93.6
0.07980400000000001 99.1
0.07963200000000001 89.3
0.07946 92.3
0.079288 90.8
0.07911600000000002 90.8
0.07894400000000001 89.7
0.07877200000000001 82.5
0.0786 80.7
0.078428 96.3
0.07825600000000002 88.2
0.07808400000000001 96.6
0.07791200000000001 98.0
0.07774 87.8
0.077568 91.5
0.07739600000000002 86.8
0.07722400000000001 91.1
0.07705200000000001 84.6
0.07688 79.5
0.076708 80.1
0.07653600000000002 80.8
0.07636400000000002 80.3
0.07619200000000001 81.2
0.07602 70.5
0.075848 65.0
0.07567600000000002 66.5
0.07550400000000002 59.1
0.07533200000000001 56.0
0.07516 54.2
0.074988 46.9
0.07481600000000002 48.4
0.07464400000000002 43.6
0.07447200000000001 43.0
0.0743 39.4
0.074128 36.2
0.07395600000000002 30.2
0.07378400000000002 31.6
0.07361200000000001 29.1
0.07344 24.4
0.073268 29.6
0.073096 27.1
0.07292400000000002 23.8
0.07275200000000001 21.6
0.07258 23.3
0.072408 21.4
0.072236 18.6
0.07206400000000002 21.8
0.07189200000000001 20.9
0.07172 22.9
0.071548 25.4
0.071376 25.4
0.07120400000000002 27.8
0.07103200000000001 28.9
0.07086 31.6
0.070688 34.4
0.070516 36.6
0.07034400000000002 44.1
0.07017200000000001 42.3
0.07 42.1
0.069828 47.0
0.069656 53.0
0.06948400000000002 55.5
0.06931200000000001 60.3
0.06914000000000001 67.6
0.068968 70.3
0.068796 77.5
0.06862400000000002 83.0
0.06845200000000001 89.5
0.06828000000000001 86.6
0.068108 93.7
0.067936 94.8
0.06776400000000002 109.0
0.06759200000000001 110.5
0.06742000000000001 114.5
0.067248 118.9
0.067076 122.7
0.06690400000000002 137.6
0.06673200000000001 148.7
0.06656000000000001 147.3
0.066388 158.9
0.066216 149.9
0.06604400000000002 159.0
0.06587200000000001 158.0
0.06570000000000001 148.9
0.065528 148.2
0.06535600000000001 149.3
0.065184 148.8
0.06501200000000001 159.9
0.06484000000000001 164.9
0.064668 173.6
0.06449600000000001 171.8
0.064324 173.7
0.06415200000000001 170.6
0.06398000000000001 180.8
0.063808 184.1
0.06363600000000001 184.2
0.063464 173.3
0.063292 171.2
0.06312000000000001 152.6
0.062948 152.3
0.06277600000000001 145.1
0.062604 144.2
0.062432 138.5
0.06226000000000001 128.1
0.062088000000000004 122.5
0.06191600000000001 116.1
0.06174400000000001 107.9
0.061572 109.1
0.06140000000000001 106.7
0.061228000000000005 101.6
0.06105600000000001 89.1
0.06088400000000001 91.1
0.060712 84.6
0.06054000000000001 75.0
0.060368000000000005 74.4
0.06019600000000001 68.9
0.06002400000000001 65.9
0.059852 61.5
0.05968000000000001 57.3
0.059508000000000005 55.2
0.059336000000000014 54.3
0.05916400000000001 49.5
0.058992 49.3
0.05882000000000001 41.8
0.058648000000000006 40.7
0.058476000000000014 37.7
0.05830400000000001 40.7
0.058132 34.3
0.05796000000000001 32.4
0.057788000000000006 31.9
0.057616000000000014 34.1
0.05744400000000001 33.1
0.057272 32.8
0.05710000000000001 33.1
0.056928000000000006 34.2
0.056756 37.0
0.05658400000000001 36.4
0.056412000000000004 39.8
0.05624000000000001 42.1
0.05606800000000001 45.1
0.055896 52.3
0.05572400000000001 53.6
0.055552000000000004 60.1
0.05538000000000001 52.8
0.05520800000000001 62.6
0.055036 68.5
0.05486400000000001 73.2
0.054692000000000005 77.0
0.05452000000000001 80.7
0.05434800000000001 104.6
0.054176 108.9
0.05400400000000001 120.9
0.053832000000000005 152.0
0.05366000000000001 181.0
0.05348800000000001 205.0
0.053316 226.0
0.05314400000000001 231.3
0.052972000000000005 238.7
0.052800000000000014 261.6
0.05262800000000001 272.6
0.052456 273.6
0.05228400000000001 283.4
0.052112000000000006 288.1
0.051940000000000014 289.3
0.05176800000000001 287.4
0.051596 252.8
0.05142400000000001 242.9
0.051252000000000006 230.6
0.051080000000000014 218.9
0.05090800000000001 225.4
0.050736 230.7
0.05056400000000001 231.7
0.04746800000000001 193.9
0.047296000000000005 194.8
0.04712400000000001 191.6
0.04695200000000001 190.4
0.04678 183.9
0.04660800000000001 185.8
0.046436000000000005 164.5
0.04626400000000001 164.2
0.04609200000000001 152.9
0.04592 139.2
0.04574800000000001 128.2
0.045576000000000005 128.8
0.045404000000000014 124.5
0.04523200000000001 121.0
0.04506 115.1
0.04488800000000001 119.2
0.044716000000000006 110.9
0.044544 107.2
0.04437200000000001 98.2
0.0442 106.4
0.04402800000000001 112.5
0.043856000000000006 102.0
0.043684 86.4
0.04351200000000001 90.6
0.043340000000000004 88.6
0.04316800000000001 90.9
0.042996000000000006 79.7
0.042824 88.5
0.04265200000000001 82.1
0.042480000000000004 80.3
0.04230800000000001 79.5
0.04213600000000001 73.4
0.041964 72.5
0.04179200000000001 74.3
0.041620000000000004 73.7
0.04144800000000001 72.6
0.04127600000000001 67.5
0.041104 76.7
0.04093200000000001 77.7
0.040760000000000005 79.9
0.04058800000000001 75.0
0.04041600000000001 88.3
0.040244 84.8
0.04007200000000001 93.3
0.039900000000000005 94.4
0.03972800000000001 96.2
0.03955600000000001 104.2
0.039384 108.6
0.03921200000000001 109.7
0.039040000000000005 116.1
0.038868000000000014 123.2
0.03869600000000001 131.7
0.038524 148.5
0.03835200000000001 165.8
0.038180000000000006 175.1
0.038008 183.2
0.03783600000000001 196.0
0.037664 229.1
0.03749200000000001 233.6
0.037320000000000006 247.9
0.037148 280.8
0.03697600000000001 305.2
0.036804 327.4
0.03663200000000001 341.8
0.036460000000000006 353.9
0.036288 364.2
0.03611600000000001 386.6
0.035944000000000004 396.4
0.03577200000000001 402.8
0.03560000000000001 412.4
0.035428 440.5
0.03525600000000001 433.2
0.035084000000000004 486.3
0.03491200000000001 518.5
0.03474000000000001 564.9
0.034568 610.4
0.03439600000000001 632.0
0.034224000000000004 676.6
0.03405200000000001 721.0
0.03388000000000001 730.7
0.033708 780.3
0.03353600000000001 804.8
0.033364000000000005 826.9
0.03319200000000001 849.8
0.03302000000000001 862.4
0.032848 880.9
0.03267600000000001 892.5
0.032504000000000005 907.3
0.032332000000000014 901.6
0.03216000000000001 918.7
0.031988 935.8
0.03181600000000001 931.9
0.031644000000000005 1008.1
0.031472 1059.5
0.03130000000000001 1128.6
0.031128000000000003 1203.8
0.03095600000000001 1189.7
0.030784000000000006 1228.6
0.030612 1265.2
0.03044000000000001 1401.9
0.030268000000000003 1460.8
0.03009600000000001 1530.7
0.029924000000000006 1524.7
0.029752 1543.0
0.02958000000000001 1559.9
0.029408000000000004 1578.7
0.029236000000000012 1619.4
0.029064000000000006 1557.5
0.028892 1433.8
0.02872000000000001 1325.4
0.028548000000000004 1209.6
0.028376000000000012 1112.2
0.028204000000000007 1055.9
0.028032 966.9
0.02786000000000001 874.5
0.027688000000000004 807.4
0.027516000000000013 779.9
0.027344000000000007 756.5
0.027172 709.1
0.02700000000000001 701.9
0.026828000000000005 646.3
0.026656000000000013 602.8
0.026484000000000008 526.4
0.026312000000000002 523.5
0.02614000000000001 530.1
0.025968000000000005 524.3
0.025796 515.2
0.025624000000000008 510.7
0.025452000000000002 534.1
0.02528000000000001 571.1
0.025108000000000005 599.1
0.024936 614.5
0.024764000000000008 601.8
0.024592000000000003 603.8
0.02442000000000001 639.4
0.024248000000000006 628.0
0.024076 617.9
0.02390400000000001 555.8
0.023732000000000003 511.6
0.02356000000000001 448.0
0.023388000000000006 419.7
0.023216 386.0
0.02304400000000001 369.2
0.022872000000000003 355.6
0.022700000000000012 370.9
0.022528000000000006 394.7
0.022356 416.1
0.02218400000000001 504.3
0.022012000000000004 594.8
0.021840000000000012 660.4
0.021668000000000007 721.7
0.021496 778.5
0.02132400000000001 848.6
0.021152000000000004 885.2
0.020980000000000013 913.1
0.020808000000000007 935.7
0.020636 954.4
0.02046400000000001 958.9
0.020292000000000004 966.7
0.020120000000000013 995.1
0.019948000000000007 1004.3
0.019776000000000002 989.2
0.01960400000000001 1027.2
0.019432000000000005 1010.8
0.01926 1047.7
0.019088000000000008 996.6
0.018916000000000002 1005.0
0.01874400000000001 1060.4
0.018572000000000005 1136.3
0.0184 1247.7
0.018228000000000008 1370.6
0.018056000000000003 1470.5
0.01788400000000001 1582.9
0.017712000000000006 1688.3
0.01754 1782.1
0.01736800000000001 1785.4
0.017196000000000003 1728.8
0.01702400000000001 1560.7
0.016852000000000006 1366.3
0.01668 1223.9
0.01650800000000001 1101.5
0.016336000000000003 984.5
0.01616400000000001 805.9
0.015992000000000006 610.7
0.01582 441.8
0.01564800000000001 347.0
0.015476000000000004 294.4
0.015304000000000012 306.7
0.015132000000000007 345.9
0.014960000000000001 465.0
0.01478800000000001 708.3
0.014616000000000004 1111.4
0.014444000000000012 1637.0
0.014272000000000007 2213.2
0.014100000000000001 2605.8
0.011004 3109.6
0.010832000000000008 3434.8
0.010660000000000003 3833.0
0.010488000000000011 4441.2
0.010316000000000006 4729.3
0.010144 4933.3
0.009972000000000009 5135.0
0.009800000000000003 5218.8
0.009628000000000012 5148.9
0.009456000000000006 4963.5
0.009284 4764.0
0.009112000000000009 4660.1
0.008940000000000003 4480.6
0.008768000000000012 4378.9
0.008596000000000006 4275.3
0.008424000000000001 4082.6
0.00825200000000001 3785.2
0.008080000000000004 3611.2
0.007908000000000012 3150.1
0.007736000000000007 2788.1
0.007564000000000001 2653.0
0.00739200000000001 2631.7
0.007220000000000004 2672.7
0.007047999999999999 2749.5
0.006876000000000007 2868.6
0.006704000000000002 2957.8
0.00653200000000001 3026.0
0.0063600000000000045 3151.9
0.006187999999999999 3252.4
0.0060160000000000075 3410.0
0.005844000000000002 3538.4
0.00567200000000001 3669.3
0.005500000000000005 3785.8
0.005327999999999999 4000.3
0.005156000000000008 4285.3
0.004984000000000002 4636.4
0.004812000000000011 4902.9
0.004640000000000005 5121.3
0.004468 5154.1
0.004296000000000008 4968.8
0.004124000000000003 4524.5
0.003952000000000011 4088.2
0.0037800000000000056 3650.2
0.003608 3175.7
0.0034360000000000085 2774.9
0.003264000000000003 2489.7
0.0030920000000000045 2210.0
0.002920000000000006 2033.9
0.0027480000000000074 1964.1
0.002576000000000009 2030.0
0.0024040000000000034 2179.4
0.002232000000000005 2487.3
0.0020600000000000063 2924.8
0.0018880000000000077 3422.9
0.0017160000000000022 4018.2
0.0015440000000000037 4571.7
0.0013720000000000052 4914.0
0.0012000000000000066 5125.9
0.001028000000000008 5232.3
0.0008560000000000026 5125.1
0.000684000000000004 4858.9
0.0005120000000000055 4578.7
0.00034000000000000696 4283.9
0.00016800000000000842 4074.8
-3.9999999999970615e-06 3870.3
-0.0001759999999999956 3706.1
-0.00034799999999999415 3600.6
-0.0005199999999999927 3444.1
-0.0006919999999999912 3358.5
-0.0008639999999999967 3307.3
-0.0010359999999999953 3260.6
-0.0012079999999999938 3169.1
-0.0013799999999999923 3078.5
-0.0015519999999999978 3007.4
-0.0017239999999999964 2950.0
-0.001895999999999995 2888.7
-0.0020679999999999935 2819.5
-0.002239999999999992 2733.0
-0.0024119999999999975 2700.9
-0.002583999999999996 2585.9
-0.0027559999999999946 2510.3
-0.002927999999999993 2455.7
-0.0030999999999999917 2367.7
-0.003271999999999997 2345.2
-0.0034439999999999957 2264.7
-0.0036159999999999942 2204.8
-0.0037879999999999928 2133.2
-0.003959999999999991 2080.8
-0.004131999999999997 1991.9
-0.004303999999999995 1963.7
-0.004475999999999994 1867.1
-0.004647999999999992 1778.6
-0.004819999999999998 1748.1
-0.0049919999999999964 1661.8
-0.005163999999999995 1637.7
-0.0053359999999999935 1559.9
-0.005507999999999992 1270.5
-0.0056799999999999976 1237.2
-0.005851999999999996 1205.5
-0.006023999999999995 1324.6
-0.006195999999999993 1246.5
-0.006367999999999992 1185.9
-0.006539999999999997 1139.8
-0.006711999999999996 1079.6
-0.006883999999999994 1025.5
-0.007055999999999993 978.1
-0.007227999999999998 954.3
-0.007399999999999997 880.5
-0.007571999999999995 816.1
-0.007743999999999994 738.9
-0.007915999999999992 643.4
-0.008087999999999998 578.4
-0.008259999999999997 504.3
-0.008431999999999995 437.7
-0.008603999999999994 368.5
-0.008775999999999992 312.9
-0.008947999999999998 262.5
-0.009119999999999996 216.6
-0.009291999999999995 184.1
-0.009463999999999993 149.8
-0.009635999999999992 125.1
-0.009807999999999997 104.9
-0.009979999999999996 82.8
-0.010151999999999994 69.7
-0.010323999999999993 55.0
-0.010495999999999998 48.9
-0.010667999999999997 41.6
-0.010839999999999995 31.3
-0.011011999999999994 31.2
-0.011183999999999993 29.9
-0.011355999999999998 28.4
-0.011527999999999997 30.9
-0.011699999999999995 32.1
-0.011871999999999994 33.2
-0.012043999999999992 33.5
-0.012215999999999998 40.0
-0.012387999999999996 37.1
-0.012559999999999995 40.0
-0.012731999999999993 42.5
-0.012903999999999992 44.1
-0.013075999999999997 46.9
-0.013247999999999996 50.9
-0.013419999999999994 54.7
-0.013591999999999993 53.7
-0.013763999999999998 58.9
-0.013935999999999997 69.0
-0.014107999999999996 60.1
-0.014279999999999994 71.4
-0.014451999999999993 73.9
-0.014623999999999998 70.9
-0.014795999999999997 78.3
-0.014967999999999995 79.5
-0.015139999999999994 84.4
-0.015311999999999992 88.2
-0.015483999999999998 91.2
-0.015655999999999996 97.3
-0.015827999999999995 102.0
-0.015999999999999993 97.8
-0.016171999999999992 105.3
-0.016343999999999997 100.4
-0.016515999999999996 105.5
-0.016687999999999995 110.7
-0.016859999999999993 103.3
-0.017032 116.7
-0.017203999999999997 112.9
-0.017375999999999996 115.5
-0.017547999999999994 122.6
-0.017719999999999993 130.6
-0.017891999999999998 127.6
-0.018063999999999997 130.7
-0.018235999999999995 137.1
-0.018407999999999994 141.7
-0.018579999999999992 148.3
-0.018751999999999998 154.7
-0.018923999999999996 169.2
-0.019095999999999995 170.8
-0.019267999999999993 170.3
-0.019439999999999992 185.9
-0.019611999999999997 191.4
-0.019783999999999996 194.5
-0.019955999999999995 202.0
-0.020127999999999993 206.3
-0.0203 205.7
-0.020471999999999997 207.4
-0.020643999999999996 211.8
-0.020815999999999994 215.5
-0.020987999999999993 218.7
-0.021159999999999998 227.7
-0.021331999999999997 233.1
-0.021503999999999995 240.3
-0.021675999999999994 246.2
-0.021847999999999992 259.4
-0.022019999999999998 255.9
-0.022191999999999996 259.4
-0.022363999999999995 243.5
-0.025459999999999997 214.3
-0.025631999999999995 225.2
-0.025803999999999994 232.5
-0.025976 244.2
-0.026147999999999998 256.9
-0.026319999999999996 266.4
-0.026491999999999995 268.9
-0.026663999999999993 287.0
-0.026836 293.1
-0.027007999999999997 297.2
-0.027179999999999996 305.2
-0.027351999999999994 294.5
-0.027523999999999993 281.1
-0.027696 284.3
-0.027867999999999997 264.2
-0.028039999999999995 262.7
-0.028211999999999994 258.3
-0.028383999999999996 249.9
-0.028555999999999995 251.3
-0.028727999999999997 253.4
-0.028899999999999995 245.9
-0.029071999999999997 237.6
-0.029243999999999996 232.5
-0.029415999999999994 226.4
-0.029587999999999996 231.3
-0.029759999999999995 239.8
-0.029931999999999997 248.4
-0.030103999999999995 257.0
-0.030275999999999997 249.9
-0.030447999999999996 255.5
-0.030619999999999994 259.4
-0.030791999999999996 249.6
-0.030963999999999995 258.4
-0.031135999999999997 260.7
-0.031307999999999996 263.1
-0.031479999999999994 288.1
-0.031652 327.5
-0.03182399999999999 357.1
-0.031996 385.4
-0.032167999999999995 398.3
-0.032339999999999994 402.1
-0.032512 387.7
-0.03268399999999999 387.5
-0.032855999999999996 384.9
-0.033027999999999995 425.4
-0.03319999999999999 458.2
-0.033372 504.1
-0.033544 508.5
-0.033715999999999996 503.5
-0.033887999999999995 477.7
-0.03405999999999999 455.8
-0.034232 426.2
-0.034404 411.7
-0.034575999999999996 395.5
-0.034748 382.6
-0.03491999999999999 384.3
-0.035092 359.6
-0.035264 326.5
-0.035435999999999995 299.8
-0.035608 276.4
-0.03577999999999999 260.2
-0.035952 241.3
-0.036123999999999996 236.4
-0.036295999999999995 226.9
-0.036468 206.9
-0.03663999999999999 213.7
-0.036812 219.2
-0.036983999999999996 221.2
-0.037155999999999995 228.7
-0.037328 212.4
-0.03749999999999999 201.4
-0.037672 196.7
-0.037843999999999996 194.9
-0.038015999999999994 194.7
-0.038188 201.9
-0.03835999999999999 178.6
-0.038532 167.6
-0.038703999999999995 152.7
-0.038875999999999994 154.6
-0.039048 148.3
-0.03921999999999999 136.0
-0.039391999999999996 138.7
-0.039563999999999995 137.9
-0.039735999999999994 148.4
-0.039908 147.2
-0.04008 132.9
-0.040251999999999996 129.8
-0.040423999999999995 121.4
-0.04059599999999999 120.6
-0.040768 121.3
-0.04094 107.9
-0.041111999999999996 108.1
-0.041284 99.0
-0.04145599999999999 105.9
-0.041628 124.2
-0.0418 128.3
-0.041971999999999995 127.7
-0.042144 122.0
-0.04231599999999999 115.8
-0.042488 115.9
-0.04266 120.8
-0.042831999999999995 125.6
-0.043004 110.5
-0.04317599999999999 103.0
-0.043348 102.0
-0.043519999999999996 107.9
-0.043691999999999995 108.6
-0.043864 91.8
-0.044036 83.8
-0.044208 68.5
-0.044379999999999996 65.4
-0.044551999999999994 63.1
-0.044724 57.4
-0.044896 56.0
-0.045068 54.0
-0.045239999999999995 45.8
-0.045411999999999994 47.9
-0.045584 53.4
-0.045756 56.5
-0.045928 57.9
-0.046099999999999995 56.5
-0.046271999999999994 53.7
-0.046444 55.5
-0.046616 54.1
-0.046787999999999996 56.9
-0.046959999999999995 55.5
-0.04713199999999999 57.4
-0.047304 52.6
-0.047476 46.9
-0.047647999999999996 34.9
-0.047819999999999994 33.8
-0.04799199999999999 33.1
-0.048164 34.9
-0.048336 30.1
-0.048507999999999996 27.8
-0.048679999999999994 23.5
-0.04885199999999999 26.4
-0.049024 21.4
-0.049196 24.7
-0.049367999999999995 23.6
-0.04954 23.6
-0.04971199999999999 18.8
-0.049884 17.0
-0.050055999999999996 19.1
-0.050227999999999995 18.6
-0.0504 18.1
-0.050572 16.4
-0.050744 13.9
-0.050915999999999996 14.4
-0.051087999999999995 13.7
-0.05126 12.2
-0.051432 13.8
-0.051604 12.9
-0.051775999999999996 12.8
-0.051947999999999994 13.4
-0.05212 12.1
-0.052292 10.9
-0.052464 12.1
-0.052635999999999995 11.7
-0.052807999999999994 11.9
-0.05298 9.6
-0.053152 10.1
-0.053323999999999996 9.2
-0.053495999999999995 7.4
-0.053667999999999993 9.7
-0.05384 7.7
-0.054012 9.0
-0.054183999999999996 8.5
-0.054355999999999995 7.8
-0.05452799999999999 6.9
-0.0547 7.8
-0.054872 7.9
-0.055043999999999996 8.2
-0.055215999999999994 8.8
-0.055388 7.6
-0.05556 7.9
-0.055732 7.7
-0.055903999999999995 9.6
-0.056075999999999994 7.2
-0.056248 9.0
-0.05642 8.0
-0.056591999999999996 6.9
-0.056763999999999995 11.5
-0.056936 7.7
-0.057108 9.8
-0.05728 8.1
-0.057451999999999996 8.7
-0.057623999999999995 8.3
-0.057796 7.5
-0.057968 7.5
-0.05814 9.1
-0.058311999999999996 8.9
-0.058483999999999994 9.8
-0.058656 9.4
-0.058828 10.7
