1.203960000000000030e-01 0.000000000000000000e+00
1.202239999999999975e-01 0.000000000000000000e+00
1.200520000000000198e-01 0.000000000000000000e+00
1.198800000000000143e-01 0.000000000000000000e+00
1.197080000000000088e-01 0.000000000000000000e+00
1.195360000000000034e-01 0.000000000000000000e+00
1.193639999999999979e-01 0.000000000000000000e+00
1.191920000000000202e-01 0.000000000000000000e+00
1.190200000000000147e-01 0.000000000000000000e+00
1.188480000000000092e-01 0.000000000000000000e+00
1.186760000000000037e-01 0.000000000000000000e+00
1.185039999999999982e-01 0.000000000000000000e+00
1.183320000000000205e-01 0.000000000000000000e+00
1.181600000000000150e-01 0.000000000000000000e+00
1.179880000000000095e-01 0.000000000000000000e+00
1.178160000000000041e-01 0.000000000000000000e+00
1.176439999999999986e-01 0.000000000000000000e+00
1.174720000000000208e-01 0.000000000000000000e+00
1.173000000000000154e-01 0.000000000000000000e+00
1.171280000000000099e-01 0.000000000000000000e+00
1.169560000000000044e-01 0.000000000000000000e+00
1.167839999999999989e-01 0.000000000000000000e+00
1.166120000000000212e-01 0.000000000000000000e+00
1.164400000000000157e-01 0.000000000000000000e+00
1.162680000000000102e-01 0.000000000000000000e+00
1.160960000000000047e-01 0.000000000000000000e+00
1.159239999999999993e-01 0.000000000000000000e+00
1.157520000000000215e-01 0.000000000000000000e+00
1.155800000000000161e-01 0.000000000000000000e+00
1.154080000000000106e-01 0.000000000000000000e+00
1.152360000000000051e-01 0.000000000000000000e+00
1.150639999999999996e-01 0.000000000000000000e+00
1.148920000000000219e-01 0.000000000000000000e+00
1.147200000000000164e-01 0.000000000000000000e+00
1.145480000000000109e-01 0.000000000000000000e+00
1.143760000000000054e-01 0.000000000000000000e+00
1.142040000000000000e-01 0.000000000000000000e+00
1.140320000000000222e-01 0.000000000000000000e+00
1.138600000000000168e-01 0.000000000000000000e+00
1.136880000000000113e-01 0.000000000000000000e+00
1.135160000000000058e-01 0.000000000000000000e+00
1.133440000000000003e-01 0.000000000000000000e+00
1.131720000000000226e-01 0.000000000000000000e+00
1.130000000000000171e-01 0.000000000000000000e+00
1.128280000000000116e-01 0.000000000000000000e+00
1.126560000000000061e-01 0.000000000000000000e+00
1.124840000000000007e-01 0.000000000000000000e+00
1.123120000000000229e-01 0.000000000000000000e+00
1.121400000000000174e-01 0.000000000000000000e+00
1.119680000000000120e-01 0.000000000000000000e+00
1.117960000000000065e-01 0.000000000000000000e+00
1.116240000000000010e-01 0.000000000000000000e+00
1.114520000000000233e-01 0.000000000000000000e+00
1.112800000000000178e-01 0.000000000000000000e+00
1.111080000000000123e-01 0.000000000000000000e+00
1.109360000000000068e-01 0.000000000000000000e+00
1.107640000000000013e-01 0.000000000000000000e+00
1.105919999999999959e-01 0.000000000000000000e+00
1.104200000000000181e-01 0.000000000000000000e+00
1.102480000000000127e-01 0.000000000000000000e+00
1.100760000000000072e-01 0.000000000000000000e+00
1.099040000000000017e-01 0.000000000000000000e+00
1.097319999999999962e-01 0.000000000000000000e+00
1.095600000000000185e-01 0.000000000000000000e+00
1.093880000000000130e-01 0.000000000000000000e+00
1.092160000000000075e-01 0.000000000000000000e+00
1.090440000000000020e-01 2.999999999999999889e-01
1.088719999999999966e-01 1.100000000000000089e+00
1.087000000000000188e-01 2.799999999999999822e+00
1.085280000000000133e-01 1.090000000000000036e+01
1.083560000000000079e-01 3.089999999999999858e+01
1.081840000000000024e-01 2.416999999999999886e+02
1.080119999999999969e-01 1.841599999999999909e+03
1.078400000000000192e-01 1.323200000000000045e+03
1.076680000000000137e-01 8.412999999999999545e+02
1.074960000000000082e-01 4.275000000000000000e+02
1.073240000000000027e-01 1.554000000000000057e+02
1.071519999999999972e-01 5.929999999999999716e+01
1.069800000000000195e-01 5.920000000000000284e+01
1.068080000000000140e-01 4.250000000000000000e+01
1.066360000000000086e-01 3.820000000000000284e+01
1.064640000000000031e-01 3.900000000000000000e+01
1.062919999999999976e-01 2.989999999999999858e+01
1.061200000000000199e-01 2.780000000000000071e+01
1.059480000000000144e-01 2.330000000000000071e+01
1.057760000000000089e-01 2.530000000000000071e+01
1.056040000000000034e-01 2.019999999999999929e+01
1.054319999999999979e-01 1.800000000000000000e+01
1.052600000000000202e-01 1.530000000000000071e+01
1.050880000000000147e-01 1.419999999999999929e+01
1.049160000000000093e-01 8.599999999999999645e+00
1.047440000000000038e-01 1.150000000000000000e+01
1.045719999999999983e-01 8.400000000000000355e+00
1.044000000000000206e-01 5.700000000000000178e+00
1.042280000000000151e-01 5.700000000000000178e+00
1.040560000000000096e-01 6.500000000000000000e+00
1.038840000000000041e-01 6.099999999999999645e+00
1.037119999999999986e-01 5.099999999999999645e+00
1.035400000000000209e-01 3.899999999999999911e+00
1.033680000000000154e-01 1.600000000000000089e+00
1.031960000000000099e-01 1.800000000000000044e+00
1.030240000000000045e-01 1.100000000000000089e+00
1.028519999999999990e-01 1.100000000000000089e+00
1.026800000000000213e-01 6.999999999999999556e-01
1.025080000000000158e-01 5.999999999999999778e-01
1.023360000000000103e-01 2.999999999999999889e-01
1.021640000000000048e-01 2.000000000000000111e-01
1.019919999999999993e-01 0.000000000000000000e+00
1.018200000000000216e-01 2.000000000000000111e-01
1.016480000000000161e-01 1.000000000000000056e-01
1.014760000000000106e-01 1.000000000000000056e-01
1.013040000000000052e-01 1.000000000000000056e-01
1.011319999999999997e-01 4.000000000000000222e-01
1.009600000000000219e-01 9.000000000000000222e-01
1.007880000000000165e-01 8.000000000000000444e-01
1.006160000000000110e-01 1.699999999999999956e+00
1.004440000000000055e-01 1.399999999999999911e+00
1.002720000000000000e-01 4.200000000000000178e+00
1.001000000000000223e-01 4.000000000000000000e+00
9.992800000000001681e-02 5.799999999999999822e+00
9.975600000000001133e-02 9.800000000000000711e+00
9.958400000000000585e-02 1.050000000000000000e+01
9.941200000000000037e-02 1.209999999999999964e+01
9.924000000000002264e-02 1.789999999999999858e+01
9.906800000000001716e-02 2.050000000000000000e+01
9.889600000000001168e-02 2.510000000000000142e+01
9.872400000000000619e-02 3.510000000000000142e+01
9.855200000000000071e-02 3.489999999999999858e+01
9.838000000000002299e-02 3.920000000000000284e+01
9.820800000000001750e-02 5.350000000000000000e+01
9.803600000000001202e-02 6.620000000000000284e+01
9.786400000000000654e-02 6.740000000000000568e+01
9.769200000000000106e-02 8.009999999999999432e+01
9.751999999999999558e-02 7.790000000000000568e+01
9.734800000000001785e-02 1.115999999999999943e+02
9.717600000000001237e-02 1.285999999999999943e+02
9.700400000000000689e-02 1.328000000000000114e+02
9.683200000000000141e-02 1.405000000000000000e+02
9.665999999999999592e-02 1.518000000000000114e+02
9.648800000000001820e-02 1.816999999999999886e+02
9.631600000000001272e-02 1.859000000000000057e+02
9.614400000000000723e-02 2.118000000000000114e+02
9.597200000000000175e-02 2.503000000000000114e+02
9.579999999999999627e-02 2.509000000000000057e+02
9.562800000000001854e-02 2.498000000000000114e+02
9.545600000000001306e-02 2.733000000000000114e+02
9.528400000000000758e-02 3.085000000000000000e+02
9.511200000000000210e-02 2.881000000000000227e+02
9.493999999999999662e-02 3.421000000000000227e+02
9.476800000000001889e-02 2.690000000000000000e+02
9.459600000000001341e-02 2.726999999999999886e+02
9.442400000000000793e-02 2.950000000000000000e+02
9.425200000000000244e-02 3.103999999999999773e+02
9.407999999999999696e-02 2.803999999999999773e+02
9.390800000000001924e-02 2.738000000000000114e+02
9.373600000000001375e-02 2.615000000000000000e+02
9.356400000000000827e-02 2.991999999999999886e+02
9.339200000000000279e-02 2.936999999999999886e+02
9.321999999999999731e-02 2.950000000000000000e+02
9.304800000000001958e-02 2.419000000000000057e+02
9.287600000000001410e-02 2.319000000000000057e+02
9.270400000000000862e-02 1.993000000000000114e+02
9.253200000000000314e-02 2.269000000000000057e+02
9.235999999999999766e-02 2.059000000000000057e+02
9.218800000000001993e-02 1.638000000000000114e+02
9.201600000000001445e-02 1.480999999999999943e+02
9.184400000000000897e-02 1.708000000000000114e+02
9.167200000000000348e-02 1.207999999999999972e+02
9.149999999999999800e-02 1.165000000000000000e+02
9.132800000000002028e-02 1.049000000000000057e+02
9.115600000000001479e-02 1.089000000000000057e+02
9.098400000000000931e-02 8.450000000000000000e+01
9.081200000000000383e-02 6.979999999999999716e+01
9.063999999999999835e-02 5.450000000000000000e+01
9.046800000000002062e-02 3.579999999999999716e+01
9.029600000000001514e-02 3.450000000000000000e+01
9.012400000000000966e-02 3.429999999999999716e+01
8.995200000000000418e-02 2.169999999999999929e+01
8.977999999999999869e-02 1.290000000000000036e+01
8.960800000000002097e-02 1.300000000000000000e+01
8.943600000000001549e-02 8.000000000000000000e+00
8.926400000000001000e-02 7.700000000000000178e+00
8.909200000000000452e-02 4.599999999999999645e+00
8.891999999999999904e-02 3.399999999999999911e+00
8.874800000000002131e-02 3.100000000000000089e+00
8.857600000000001583e-02 1.600000000000000089e+00
8.840400000000001035e-02 8.000000000000000444e-01
8.823200000000000487e-02 8.000000000000000444e-01
8.805999999999999939e-02 5.000000000000000000e-01
8.788800000000002166e-02 5.999999999999999778e-01
8.771600000000001618e-02 9.000000000000000222e-01
8.754400000000001070e-02 2.500000000000000000e+00
8.737200000000000522e-02 3.600000000000000089e+00
8.719999999999999973e-02 3.100000000000000089e+00
8.702800000000002201e-02 7.200000000000000178e+00
8.685600000000001653e-02 -5.999999999999999778e-01
8.668400000000001104e-02 -5.999999999999999778e-01
8.651200000000000556e-02 -5.999999999999999778e-01
8.634000000000000008e-02 -5.999999999999999778e-01
8.616800000000002235e-02 -5.999999999999999778e-01
8.599600000000001687e-02 -5.999999999999999778e-01
8.582400000000001139e-02 -5.999999999999999778e-01
8.565200000000000591e-02 -5.999999999999999778e-01
8.548000000000000043e-02 -5.999999999999999778e-01
8.530799999999999494e-02 -5.999999999999999778e-01
8.513600000000001722e-02 -5.999999999999999778e-01
8.496400000000001174e-02 -5.999999999999999778e-01
8.479200000000000625e-02 -5.999999999999999778e-01
8.462000000000000077e-02 -5.999999999999999778e-01
8.444799999999999529e-02 -5.999999999999999778e-01
8.427600000000001756e-02 -5.999999999999999778e-01
8.410400000000001208e-02 -5.999999999999999778e-01
8.393200000000000660e-02 9.569299999999999272e+03
8.376000000000000112e-02 1.027960000000000036e+04
8.358799999999999564e-02 1.119960000000000036e+04
8.341600000000001791e-02 1.198039999999999964e+04
8.324400000000001243e-02 1.179870000000000073e+04
8.307200000000000695e-02 1.201370000000000073e+04
8.290000000000000147e-02 1.291029999999999927e+04
8.272799999999999598e-02 1.397389999999999964e+04
8.255600000000001826e-02 1.420760000000000036e+04
8.238400000000001278e-02 1.431520000000000073e+04
8.221200000000000729e-02 1.471050000000000000e+04
8.204000000000000181e-02 1.497579999999999927e+04
8.186799999999999633e-02 1.529639999999999964e+04
8.169600000000001860e-02 1.582700000000000000e+04
8.152400000000001312e-02 1.579789999999999964e+04
8.135200000000000764e-02 1.569179999999999927e+04
8.118000000000000216e-02 1.565100000000000000e+04
8.100799999999999668e-02 1.638650000000000000e+04
8.083600000000001895e-02 1.713309999999999854e+04
8.066400000000001347e-02 1.680079999999999927e+04
8.049200000000000799e-02 1.638270000000000073e+04
8.032000000000000250e-02 1.615589999999999964e+04
8.014799999999999702e-02 1.658129999999999927e+04
7.997600000000001930e-02 1.633970000000000073e+04
7.980400000000001381e-02 1.640050000000000000e+04
7.963200000000000833e-02 1.560950000000000000e+04
7.946000000000000285e-02 1.498450000000000000e+04
7.928799999999999737e-02 1.517520000000000073e+04
7.911600000000001964e-02 1.521220000000000073e+04
7.894400000000001416e-02 1.441350000000000000e+04
7.877200000000000868e-02 1.314689999999999964e+04
7.860000000000000320e-02 1.283870000000000073e+04
7.842799999999999772e-02 1.306879999999999927e+04
7.825600000000001999e-02 1.295610000000000036e+04
7.808400000000001451e-02 1.191520000000000073e+04
7.791200000000000903e-02 1.090750000000000000e+04
7.774000000000000354e-02 1.018360000000000036e+04
7.756799999999999806e-02 9.577799999999999272e+03
7.739600000000002034e-02 9.248500000000000000e+03
7.722400000000001485e-02 8.785600000000000364e+03
7.705200000000000937e-02 7.876600000000000364e+03
7.688000000000000389e-02 6.783800000000000182e+03
7.670799999999999841e-02 5.964600000000000364e+03
7.653600000000002068e-02 5.640899999999999636e+03
7.636400000000001520e-02 5.195000000000000000e+03
7.619200000000000972e-02 4.567000000000000000e+03
7.602000000000000424e-02 3.881000000000000000e+03
7.584799999999999875e-02 3.265400000000000091e+03
7.567600000000002103e-02 2.649800000000000182e+03
7.550400000000001555e-02 2.245599999999999909e+03
7.533200000000001006e-02 1.850900000000000091e+03
7.516000000000000458e-02 1.483599999999999909e+03
7.498799999999999910e-02 1.097299999999999955e+03
7.481600000000002137e-02 8.431000000000000227e+02
7.464400000000001589e-02 7.011000000000000227e+02
7.447200000000001041e-02 5.652000000000000455e+02
7.430000000000000493e-02 5.562999999999999545e+02
7.412799999999999945e-02 5.972999999999999545e+02
7.395600000000002172e-02 7.065000000000000000e+02
7.378400000000001624e-02 9.107999999999999545e+02
7.361200000000001076e-02 1.252000000000000000e+03
7.344000000000000528e-02 1.625200000000000045e+03
7.326799999999999979e-02 2.077000000000000000e+03
7.309599999999999431e-02 2.540800000000000182e+03
7.292400000000001659e-02 3.155099999999999909e+03
7.275200000000001110e-02 3.774300000000000182e+03
7.258000000000000562e-02 4.696300000000000182e+03
7.240800000000000014e-02 5.700399999999999636e+03
7.223599999999999466e-02 6.366199999999999818e+03
7.206400000000001693e-02 6.897100000000000364e+03
7.189200000000001145e-02 7.715000000000000000e+03
7.172000000000000597e-02 8.956700000000000728e+03
7.154800000000000049e-02 1.028920000000000073e+04
7.137599999999999500e-02 1.124179999999999927e+04
7.120400000000001728e-02 1.229350000000000000e+04
7.103200000000001180e-02 1.335300000000000000e+04
7.086000000000000631e-02 1.473700000000000000e+04
7.068800000000000083e-02 1.532460000000000036e+04
7.051599999999999535e-02 1.674920000000000073e+04
7.034400000000001763e-02 1.766590000000000146e+04
7.017200000000001214e-02 1.949300000000000000e+04
7.000000000000000666e-02 1.981600000000000000e+04
6.982800000000000118e-02 2.096270000000000073e+04
6.965599999999999570e-02 2.165429999999999927e+04
6.948400000000001797e-02 2.237959999999999854e+04
6.931200000000001249e-02 2.313190000000000146e+04
6.914000000000000701e-02 2.465540000000000146e+04
6.896800000000000153e-02 2.515550000000000000e+04
6.879599999999999604e-02 2.569129999999999927e+04
6.862400000000001832e-02 2.692540000000000146e+04
6.845200000000001284e-02 2.732009999999999854e+04
6.828000000000000735e-02 2.723009999999999854e+04
6.810800000000000187e-02 2.824070000000000073e+04
6.793599999999999639e-02 2.833850000000000000e+04
6.776400000000001866e-02 2.836059999999999854e+04
6.759200000000001318e-02 2.946879999999999927e+04
6.742000000000000770e-02 2.717100000000000000e+04
6.724800000000000222e-02 2.682059999999999854e+04
6.707599999999999674e-02 2.644479999999999927e+04
6.690400000000001901e-02 2.830200000000000000e+04
6.673200000000001353e-02 2.868629999999999927e+04
6.656000000000000805e-02 2.936509999999999854e+04
6.638800000000000257e-02 2.848850000000000000e+04
6.621599999999999708e-02 2.895090000000000146e+04
6.604400000000001936e-02 2.855629999999999927e+04
6.587200000000001388e-02 2.714770000000000073e+04
6.570000000000000839e-02 2.607179999999999927e+04
6.552800000000000291e-02 2.672890000000000146e+04
6.535600000000001131e-02 2.597470000000000073e+04
6.518400000000000583e-02 2.534340000000000146e+04
6.501200000000001422e-02 2.434279999999999927e+04
6.484000000000000874e-02 2.319809999999999854e+04
6.466800000000000326e-02 2.235990000000000146e+04
6.449600000000001165e-02 2.168909999999999854e+04
6.432400000000000617e-02 2.026370000000000073e+04
6.415200000000001457e-02 1.959559999999999854e+04
6.398000000000000909e-02 1.891540000000000146e+04
6.380800000000000360e-02 1.804259999999999854e+04
6.363600000000001200e-02 1.656800000000000000e+04
6.346400000000000652e-02 1.495289999999999964e+04
6.329200000000000104e-02 1.336329999999999927e+04
6.312000000000000943e-02 1.259070000000000073e+04
6.294800000000000395e-02 1.194020000000000073e+04
6.277600000000001235e-02 1.016310000000000036e+04
6.260400000000000686e-02 8.897799999999999272e+03
6.243200000000000138e-02 7.851600000000000364e+03
6.226000000000000978e-02 6.849300000000000182e+03
6.208800000000000430e-02 5.721399999999999636e+03
6.191600000000001269e-02 4.813199999999999818e+03
6.174400000000000721e-02 3.917699999999999818e+03
6.157200000000000173e-02 3.023000000000000000e+03
6.140000000000001013e-02 2.217500000000000000e+03
6.122800000000000464e-02 1.625900000000000091e+03
6.105600000000001304e-02 1.162200000000000045e+03
6.088400000000000756e-02 9.197999999999999545e+02
6.071200000000000208e-02 7.195000000000000000e+02
6.054000000000001047e-02 6.206000000000000227e+02
6.036800000000000499e-02 6.970000000000000000e+02
6.019600000000001339e-02 9.262000000000000455e+02
6.002400000000000790e-02 1.279700000000000045e+03
5.985200000000000242e-02 1.963700000000000045e+03
5.968000000000001082e-02 2.782699999999999818e+03
5.950800000000000534e-02 3.548800000000000182e+03
5.933600000000001373e-02 4.436300000000000182e+03
5.916400000000000825e-02 5.598800000000000182e+03
5.899200000000000277e-02 6.604399999999999636e+03
5.882000000000001116e-02 7.872699999999999818e+03
5.864800000000000568e-02 9.537700000000000728e+03
5.847600000000001408e-02 1.096650000000000000e+04
5.830400000000000860e-02 1.300229999999999927e+04
5.813200000000000311e-02 1.434750000000000000e+04
5.796000000000001151e-02 1.574010000000000036e+04
5.778800000000000603e-02 1.679520000000000073e+04
5.761600000000001442e-02 1.774929999999999927e+04
5.744400000000000894e-02 2.042409999999999854e+04
5.727200000000000346e-02 2.260220000000000073e+04
5.710000000000001186e-02 2.376100000000000000e+04
5.692800000000000638e-02 2.490820000000000073e+04
5.675600000000000089e-02 2.539009999999999854e+04
5.658400000000000929e-02 2.705709999999999854e+04
5.641200000000000381e-02 2.836820000000000073e+04
5.624000000000001220e-02 3.036720000000000073e+04
5.606800000000000672e-02 3.221829999999999927e+04
5.589600000000000124e-02 3.341869999999999709e+04
5.572400000000000964e-02 3.390959999999999854e+04
5.555200000000000415e-02 3.383030000000000291e+04
5.538000000000001255e-02 3.352600000000000000e+04
5.520800000000000707e-02 3.527709999999999854e+04
5.503600000000000159e-02 3.722590000000000146e+04
5.486400000000000998e-02 3.775259999999999854e+04
5.469200000000000450e-02 3.905740000000000146e+04
5.452000000000001290e-02 3.847459999999999854e+04
5.434800000000000741e-02 3.722859999999999854e+04
5.417600000000000193e-02 3.701440000000000146e+04
5.400400000000001033e-02 3.773040000000000146e+04
5.383200000000000485e-02 3.946690000000000146e+04
5.366000000000001324e-02 4.049769999999999709e+04
5.348800000000000776e-02 4.023490000000000146e+04
5.331600000000000228e-02 4.063559999999999854e+04
5.314400000000001068e-02 3.938400000000000000e+04
5.297200000000000519e-02 3.832980000000000291e+04
5.280000000000001359e-02 3.837809999999999854e+04
5.262800000000000811e-02 3.884040000000000146e+04
5.245600000000000263e-02 3.885630000000000291e+04
5.228400000000001102e-02 3.929930000000000291e+04
5.211200000000000554e-02 3.861090000000000146e+04
5.194000000000001394e-02 3.730390000000000146e+04
5.176800000000000845e-02 3.600890000000000146e+04
5.159600000000000297e-02 3.472719999999999709e+04
5.142400000000001137e-02 3.464550000000000000e+04
5.125200000000000589e-02 3.466550000000000000e+04
5.108000000000001428e-02 3.366430000000000291e+04
5.090800000000000880e-02 3.289400000000000000e+04
5.073600000000000332e-02 3.038050000000000000e+04
5.056400000000001171e-02 2.731940000000000146e+04
5.039200000000000623e-02 -5.999999999999999778e-01
5.022000000000000075e-02 -5.999999999999999778e-01
5.004800000000000915e-02 -5.999999999999999778e-01
4.987600000000000366e-02 -5.999999999999999778e-01
4.970400000000001206e-02 -5.999999999999999778e-01
4.953200000000000658e-02 -5.999999999999999778e-01
4.936000000000000110e-02 -5.999999999999999778e-01
4.918800000000000949e-02 -5.999999999999999778e-01
4.901600000000000401e-02 -5.999999999999999778e-01
4.884400000000001241e-02 -5.999999999999999778e-01
4.867200000000000693e-02 -5.999999999999999778e-01
4.850000000000000144e-02 -5.999999999999999778e-01
4.832800000000000984e-02 -5.999999999999999778e-01
4.815600000000000436e-02 -5.999999999999999778e-01
4.798400000000001275e-02 -5.999999999999999778e-01
4.781200000000000727e-02 -5.999999999999999778e-01
4.764000000000000179e-02 -5.999999999999999778e-01
4.746800000000001019e-02 2.293400000000000091e+03
4.729600000000000470e-02 1.548599999999999909e+03
4.712400000000001310e-02 1.051000000000000000e+03
4.695200000000000762e-02 7.413999999999999773e+02
4.678000000000000214e-02 6.687999999999999545e+02
4.660800000000001053e-02 8.427999999999999545e+02
4.643600000000000505e-02 1.300900000000000091e+03
4.626400000000001345e-02 1.982000000000000000e+03
4.609200000000000796e-02 2.884400000000000091e+03
4.592000000000000248e-02 4.171899999999999636e+03
4.574800000000001088e-02 5.776000000000000000e+03
4.557600000000000540e-02 7.716000000000000000e+03
4.540400000000001379e-02 9.517000000000000000e+03
4.523200000000000831e-02 1.089060000000000036e+04
4.506000000000000283e-02 1.264510000000000036e+04
4.488800000000001122e-02 1.458950000000000000e+04
4.471600000000000574e-02 1.718520000000000073e+04
4.454400000000000026e-02 1.878690000000000146e+04
4.437200000000000866e-02 2.158259999999999854e+04
4.420000000000000318e-02 2.396929999999999927e+04
4.402800000000001157e-02 2.525250000000000000e+04
4.385600000000000609e-02 2.703650000000000000e+04
4.368400000000000061e-02 2.923059999999999854e+04
4.351200000000000900e-02 3.073300000000000000e+04
4.334000000000000352e-02 3.171279999999999927e+04
4.316800000000001192e-02 3.417069999999999709e+04
4.299600000000000644e-02 3.608219999999999709e+04
4.282400000000000095e-02 3.821959999999999854e+04
4.265200000000000935e-02 3.946809999999999854e+04
4.248000000000000387e-02 3.965300000000000000e+04
4.230800000000001226e-02 4.049119999999999709e+04
4.213600000000000678e-02 4.032519999999999709e+04
4.196400000000000130e-02 4.130469999999999709e+04
4.179200000000000970e-02 4.348340000000000146e+04
4.162000000000000421e-02 4.476419999999999709e+04
4.144800000000001261e-02 4.462740000000000146e+04
4.127600000000000713e-02 4.528309999999999854e+04
4.110400000000000165e-02 4.589069999999999709e+04
4.093200000000001004e-02 4.484419999999999709e+04
4.076000000000000456e-02 4.531650000000000000e+04
4.058800000000001296e-02 4.599919999999999709e+04
4.041600000000000747e-02 4.558609999999999854e+04
4.024400000000000199e-02 4.663850000000000000e+04
4.007200000000001039e-02 4.701630000000000291e+04
3.990000000000000491e-02 4.638569999999999709e+04
3.972800000000001330e-02 4.699050000000000000e+04
3.955600000000000782e-02 4.764880000000000291e+04
3.938400000000000234e-02 4.581100000000000000e+04
3.921200000000001074e-02 4.499819999999999709e+04
3.904000000000000525e-02 4.473169999999999709e+04
3.886800000000001365e-02 4.397819999999999709e+04
3.869600000000000817e-02 4.363559999999999854e+04
3.852400000000000269e-02 4.413330000000000291e+04
3.835200000000001108e-02 4.286069999999999709e+04
3.818000000000000560e-02 4.343919999999999709e+04
3.800800000000000012e-02 4.345280000000000291e+04
3.783600000000000851e-02 4.062630000000000291e+04
3.766400000000000303e-02 4.099709999999999854e+04
3.749200000000001143e-02 3.952490000000000146e+04
3.732000000000000595e-02 3.629769999999999709e+04
3.714800000000000046e-02 3.668100000000000000e+04
3.697600000000000886e-02 3.589140000000000146e+04
3.680400000000000338e-02 3.376430000000000291e+04
3.663200000000001177e-02 3.347919999999999709e+04
3.646000000000000629e-02 3.254620000000000073e+04
3.628800000000000081e-02 3.087870000000000073e+04
3.611600000000000921e-02 2.867890000000000146e+04
3.594400000000000373e-02 2.756250000000000000e+04
3.577200000000001212e-02 2.598320000000000073e+04
3.560000000000000664e-02 2.289900000000000000e+04
3.542800000000000116e-02 2.122120000000000073e+04
3.525600000000000955e-02 1.930700000000000000e+04
3.508400000000000407e-02 1.672590000000000146e+04
3.491200000000001247e-02 1.529400000000000000e+04
3.474000000000000699e-02 1.413129999999999927e+04
3.456800000000000150e-02 1.145120000000000073e+04
3.439600000000000990e-02 9.297799999999999272e+03
3.422400000000000442e-02 7.440100000000000364e+03
3.405200000000001281e-02 5.193699999999999818e+03
3.388000000000000733e-02 3.486300000000000182e+03
3.370800000000000185e-02 2.346199999999999818e+03
3.353600000000001025e-02 1.318099999999999909e+03
3.336400000000000476e-02 7.502000000000000455e+02
3.319200000000001316e-02 5.305000000000000000e+02
3.302000000000000768e-02 7.276000000000000227e+02
3.284800000000000220e-02 1.409500000000000000e+03
3.267600000000001059e-02 2.497400000000000091e+03
3.250400000000000511e-02 3.864199999999999818e+03
3.233200000000001351e-02 5.811399999999999636e+03
3.216000000000000802e-02 7.545899999999999636e+03
3.198800000000000254e-02 9.722000000000000000e+03
3.181600000000001094e-02 1.248170000000000073e+04
3.164400000000000546e-02 1.491389999999999964e+04
3.147199999999999998e-02 1.722400000000000000e+04
3.130000000000000837e-02 2.009470000000000073e+04
3.112800000000000289e-02 2.289750000000000000e+04
3.095600000000001129e-02 2.238040000000000146e+04
3.078400000000000580e-02 2.333350000000000000e+04
3.061200000000000032e-02 2.429990000000000146e+04
3.044000000000000872e-02 3.101809999999999854e+04
3.026800000000000324e-02 3.149890000000000146e+04
3.009600000000001163e-02 3.280940000000000146e+04
2.992400000000000615e-02 3.347430000000000291e+04
2.975200000000000067e-02 3.595659999999999854e+04
2.958000000000000906e-02 3.743769999999999709e+04
2.940800000000000358e-02 3.946330000000000291e+04
2.923600000000001198e-02 4.138090000000000146e+04
2.906400000000000650e-02 4.261200000000000000e+04
2.889200000000000101e-02 4.373450000000000000e+04
2.872000000000000941e-02 4.426759999999999854e+04
2.854800000000000393e-02 4.460530000000000291e+04
2.837600000000001232e-02 4.421380000000000291e+04
2.820400000000000684e-02 4.436750000000000000e+04
2.803200000000000136e-02 4.576500000000000000e+04
2.786000000000000976e-02 4.709359999999999854e+04
2.768800000000000427e-02 4.706730000000000291e+04
2.751600000000001267e-02 4.813130000000000291e+04
2.734400000000000719e-02 4.952850000000000000e+04
2.717200000000000171e-02 5.002900000000000000e+04
2.700000000000001010e-02 4.980569999999999709e+04
2.682800000000000462e-02 4.972919999999999709e+04
2.665600000000001302e-02 4.936969999999999709e+04
2.648400000000000754e-02 4.870740000000000146e+04
2.631200000000000205e-02 4.792459999999999854e+04
2.614000000000001045e-02 4.741909999999999854e+04
2.596800000000000497e-02 4.664750000000000000e+04
2.579599999999999949e-02 4.588440000000000146e+04
2.562400000000000788e-02 4.506169999999999709e+04
2.545200000000000240e-02 4.451109999999999854e+04
2.528000000000001080e-02 4.516309999999999854e+04
2.510800000000000531e-02 4.477609999999999854e+04
2.493599999999999983e-02 4.422900000000000000e+04
2.476400000000000823e-02 4.322780000000000291e+04
2.459200000000000275e-02 4.332980000000000291e+04
2.442000000000001114e-02 4.294780000000000291e+04
2.424800000000000566e-02 4.154780000000000291e+04
2.407600000000000018e-02 4.055440000000000146e+04
2.390400000000000857e-02 4.128140000000000146e+04
2.373200000000000309e-02 4.102030000000000291e+04
2.356000000000001149e-02 4.018169999999999709e+04
2.338800000000000601e-02 3.925730000000000291e+04
2.321600000000000052e-02 4.014800000000000000e+04
2.304400000000000892e-02 4.074959999999999854e+04
2.287200000000000344e-02 4.162919999999999709e+04
2.270000000000001183e-02 4.113930000000000291e+04
2.252800000000000635e-02 4.152800000000000000e+04
2.235600000000000087e-02 4.263809999999999854e+04
2.218400000000000927e-02 4.329759999999999854e+04
2.201200000000000379e-02 4.274019999999999709e+04
2.184000000000001218e-02 4.230730000000000291e+04
2.166800000000000670e-02 4.149940000000000146e+04
2.149600000000000122e-02 4.255450000000000000e+04
2.132400000000000961e-02 4.296450000000000000e+04
2.115200000000000413e-02 4.202190000000000146e+04
2.098000000000001253e-02 4.146609999999999854e+04
2.080800000000000705e-02 4.079159999999999854e+04
2.063600000000000156e-02 4.096900000000000000e+04
2.046400000000000996e-02 4.087430000000000291e+04
2.029200000000000448e-02 3.934240000000000146e+04
2.012000000000001287e-02 3.953930000000000291e+04
1.994800000000000739e-02 3.960809999999999854e+04
1.977600000000000191e-02 3.874969999999999709e+04
1.960400000000001031e-02 3.691940000000000146e+04
1.943200000000000482e-02 3.438200000000000000e+04
1.925999999999999934e-02 3.270959999999999854e+04
1.908800000000000774e-02 3.154370000000000073e+04
1.891600000000000226e-02 3.135600000000000000e+04
1.874400000000001065e-02 2.904790000000000146e+04
1.857200000000000517e-02 2.778329999999999927e+04
1.839999999999999969e-02 2.776850000000000000e+04
1.822800000000000809e-02 2.655150000000000000e+04
1.805600000000000260e-02 2.560550000000000000e+04
1.788400000000001100e-02 2.307300000000000000e+04
1.771200000000000552e-02 2.034129999999999927e+04
1.754000000000000004e-02 1.898420000000000073e+04
1.736800000000000843e-02 1.764909999999999854e+04
1.719600000000000295e-02 1.602339999999999964e+04
1.702400000000001135e-02 1.411910000000000036e+04
1.685200000000000586e-02 1.088470000000000073e+04
1.668000000000000038e-02 7.480000000000000000e+03
1.650800000000000878e-02 5.519800000000000182e+03
1.633600000000000330e-02 5.887399999999999636e+03
1.616400000000001169e-02 7.796500000000000000e+03
1.599200000000000621e-02 7.923300000000000182e+03
1.582000000000000073e-02 6.919100000000000364e+03
1.564800000000000912e-02 8.904399999999999636e+03
1.547600000000000364e-02 1.330539999999999964e+04
1.530400000000001204e-02 1.990079999999999927e+04
1.513200000000000656e-02 2.611990000000000146e+04
1.496000000000000107e-02 3.178290000000000146e+04
1.478800000000000947e-02 3.640969999999999709e+04
1.461600000000000399e-02 3.982809999999999854e+04
1.444400000000001238e-02 4.382200000000000000e+04
1.427200000000000690e-02 4.635440000000000146e+04
1.410000000000000142e-02 4.540180000000000291e+04
1.392800000000000982e-02 -5.999999999999999778e-01
1.375600000000000434e-02 -5.999999999999999778e-01
1.358400000000001273e-02 -5.999999999999999778e-01
1.341200000000000725e-02 -5.999999999999999778e-01
1.324000000000000177e-02 -5.999999999999999778e-01
1.306800000000001016e-02 -5.999999999999999778e-01
1.289600000000000468e-02 -5.999999999999999778e-01
1.272399999999999920e-02 -5.999999999999999778e-01
1.255200000000000760e-02 -5.999999999999999778e-01
1.238000000000000211e-02 -5.999999999999999778e-01
1.220800000000001051e-02 -5.999999999999999778e-01
1.203600000000000503e-02 -5.999999999999999778e-01
1.186399999999999955e-02 -5.999999999999999778e-01
1.169200000000000794e-02 -5.999999999999999778e-01
1.152000000000000246e-02 -5.999999999999999778e-01
1.134800000000001086e-02 -5.999999999999999778e-01
1.117600000000000537e-02 -5.999999999999999778e-01
1.100399999999999989e-02 3.837800000000000000e+04
1.083200000000000829e-02 3.937359999999999854e+04
1.066000000000000281e-02 3.819430000000000291e+04
1.048800000000001120e-02 3.634800000000000000e+04
1.031600000000000572e-02 3.420780000000000291e+04
1.014400000000000024e-02 3.213509999999999854e+04
9.972000000000008635e-03 2.981209999999999854e+04
9.800000000000003153e-03 2.686400000000000000e+04
9.628000000000011549e-03 2.450750000000000000e+04
9.456000000000006067e-03 2.186950000000000000e+04
9.284000000000000585e-03 1.823250000000000000e+04
9.112000000000008981e-03 1.498960000000000036e+04
8.940000000000003499e-03 1.266439999999999964e+04
8.768000000000011895e-03 1.076420000000000073e+04
8.596000000000006414e-03 1.035039999999999964e+04
8.424000000000000932e-03 1.126889999999999964e+04
8.252000000000009328e-03 1.339189999999999964e+04
8.080000000000003846e-03 1.522689999999999964e+04
7.908000000000012242e-03 1.719820000000000073e+04
7.736000000000006760e-03 1.869109999999999854e+04
7.564000000000001278e-03 2.119109999999999854e+04
7.392000000000009674e-03 2.319940000000000146e+04
7.220000000000004192e-03 2.564109999999999854e+04
7.047999999999998710e-03 2.757590000000000146e+04
6.876000000000007106e-03 2.912329999999999927e+04
6.704000000000001624e-03 3.051340000000000146e+04
6.532000000000010020e-03 3.176840000000000146e+04
6.360000000000004539e-03 3.243320000000000073e+04
6.187999999999999057e-03 3.409490000000000146e+04
6.016000000000007453e-03 3.524880000000000291e+04
5.844000000000001971e-03 3.716080000000000291e+04
5.672000000000010367e-03 3.875390000000000146e+04
5.500000000000004885e-03 4.079550000000000000e+04
5.327999999999999403e-03 4.456940000000000146e+04
5.156000000000007799e-03 4.883280000000000291e+04
4.984000000000002317e-03 5.169569999999999709e+04
4.812000000000010713e-03 5.416190000000000146e+04
4.640000000000005231e-03 5.865809999999999854e+04
4.467999999999999750e-03 6.218009999999999854e+04
4.296000000000008145e-03 6.686169999999999709e+04
4.124000000000002664e-03 6.771350000000000000e+04
3.952000000000011060e-03 6.937239999999999418e+04
3.780000000000005578e-03 7.064869999999999709e+04
3.608000000000000096e-03 7.121269999999999709e+04
3.436000000000008492e-03 7.115619999999999709e+04
3.264000000000003010e-03 7.100700000000000000e+04
3.092000000000004467e-03 7.171100000000000000e+04
2.920000000000005924e-03 7.133319999999999709e+04
2.748000000000007381e-03 6.998200000000000000e+04
2.576000000000008838e-03 7.038230000000000291e+04
2.404000000000003356e-03 6.963330000000000291e+04
2.232000000000004813e-03 6.947539999999999418e+04
2.060000000000006271e-03 6.724630000000000291e+04
1.888000000000007728e-03 6.459469999999999709e+04
1.716000000000002246e-03 6.233709999999999854e+04
1.544000000000003703e-03 5.975290000000000146e+04
1.372000000000005160e-03 5.788200000000000000e+04
1.200000000000006617e-03 5.200280000000000291e+04
1.028000000000008074e-03 4.973080000000000291e+04
8.560000000000025921e-04 4.553309999999999854e+04
6.840000000000040492e-04 4.369790000000000146e+04
5.120000000000055063e-04 4.430530000000000291e+04
3.400000000000069633e-04 4.604900000000000000e+04
1.680000000000084204e-04 4.692280000000000291e+04
-3.999999999997061462e-06 4.704340000000000146e+04
-1.759999999999956044e-04 4.724180000000000291e+04
-3.479999999999941473e-04 4.776480000000000291e+04
-5.199999999999926903e-04 4.871780000000000291e+04
-6.919999999999912332e-04 4.740659999999999854e+04
-8.639999999999967151e-04 4.715269999999999709e+04
-1.035999999999995258e-03 4.646700000000000000e+04
-1.207999999999993801e-03 4.599669999999999709e+04
-1.379999999999992344e-03 4.569209999999999854e+04
-1.551999999999997826e-03 4.564830000000000291e+04
-1.723999999999996369e-03 4.437019999999999709e+04
-1.895999999999994912e-03 4.415290000000000146e+04
-2.067999999999993455e-03 4.312180000000000291e+04
-2.239999999999991998e-03 4.421909999999999854e+04
-2.411999999999997479e-03 4.241509999999999854e+04
-2.583999999999996022e-03 4.133909999999999854e+04
-2.755999999999994565e-03 4.049209999999999854e+04
-2.927999999999993108e-03 3.990430000000000291e+04
-3.099999999999991651e-03 3.927050000000000000e+04
-3.271999999999997133e-03 3.852190000000000146e+04
-3.443999999999995676e-03 3.778409999999999854e+04
-3.615999999999994219e-03 3.711659999999999854e+04
-3.787999999999992762e-03 3.618390000000000146e+04
-3.959999999999991305e-03 3.515440000000000146e+04
-4.131999999999996787e-03 3.413230000000000291e+04
-4.303999999999995330e-03 3.335090000000000146e+04
-4.475999999999993872e-03 3.263079999999999927e+04
-4.647999999999992415e-03 3.194959999999999854e+04
-4.819999999999997897e-03 3.109829999999999927e+04
-4.991999999999996440e-03 3.089720000000000073e+04
-5.163999999999994983e-03 3.021470000000000073e+04
-5.335999999999993526e-03 2.940259999999999854e+04
-5.507999999999992069e-03 2.202570000000000073e+04
-5.679999999999997551e-03 2.157040000000000146e+04
-5.851999999999996094e-03 2.113709999999999854e+04
-6.023999999999994637e-03 2.644559999999999854e+04
-6.195999999999993180e-03 2.564770000000000073e+04
-6.367999999999991723e-03 2.482870000000000073e+04
-6.539999999999997204e-03 2.405509999999999854e+04
-6.711999999999995747e-03 2.317070000000000073e+04
-6.883999999999994290e-03 2.255029999999999927e+04
-7.055999999999992833e-03 2.170540000000000146e+04
-7.227999999999998315e-03 2.092140000000000146e+04
-7.399999999999996858e-03 2.008670000000000073e+04
-7.571999999999995401e-03 1.930050000000000000e+04
-7.743999999999993944e-03 1.841940000000000146e+04
-7.915999999999992487e-03 1.770640000000000146e+04
-8.087999999999997969e-03 1.685000000000000000e+04
-8.259999999999996512e-03 1.591639999999999964e+04
-8.431999999999995055e-03 1.475460000000000036e+04
-8.603999999999993598e-03 1.375529999999999927e+04
-8.775999999999992141e-03 1.291220000000000073e+04
-8.947999999999997622e-03 1.157570000000000073e+04
-9.119999999999996165e-03 1.056479999999999927e+04
-9.291999999999994708e-03 9.438000000000000000e+03
-9.463999999999993251e-03 8.283100000000000364e+03
-9.635999999999991794e-03 7.164300000000000182e+03
-9.807999999999997276e-03 6.158600000000000364e+03
-9.979999999999995819e-03 4.933600000000000364e+03
-1.015199999999999436e-02 4.026400000000000091e+03
-1.032399999999999290e-02 3.139300000000000182e+03
-1.049599999999999839e-02 2.103099999999999909e+03
-1.066799999999999693e-02 1.247799999999999955e+03
-1.083999999999999547e-02 7.625000000000000000e+02
-1.101199999999999402e-02 5.481000000000000227e+02
-1.118399999999999256e-02 4.736999999999999886e+02
-1.135599999999999804e-02 4.420000000000000000e+02
-1.152799999999999658e-02 4.535000000000000000e+02
-1.169999999999999513e-02 4.420000000000000000e+02
-1.187199999999999367e-02 4.556000000000000227e+02
-1.204399999999999221e-02 4.668000000000000114e+02
-1.221599999999999769e-02 4.918000000000000114e+02
-1.238799999999999624e-02 5.081000000000000227e+02
-1.255999999999999478e-02 5.127000000000000455e+02
-1.273199999999999332e-02 5.142999999999999545e+02
-1.290399999999999187e-02 5.480000000000000000e+02
-1.307599999999999735e-02 5.362999999999999545e+02
-1.324799999999999589e-02 5.643999999999999773e+02
-1.341999999999999443e-02 5.661000000000000227e+02
-1.359199999999999298e-02 5.680000000000000000e+02
-1.376399999999999846e-02 5.647000000000000455e+02
-1.393599999999999700e-02 5.638999999999999773e+02
-1.410799999999999554e-02 5.605000000000000000e+02
-1.427999999999999409e-02 5.427000000000000455e+02
-1.445199999999999263e-02 5.512999999999999545e+02
-1.462399999999999811e-02 5.311000000000000227e+02
-1.479599999999999665e-02 5.480000000000000000e+02
-1.496799999999999520e-02 5.362000000000000455e+02
-1.513999999999999374e-02 5.068999999999999773e+02
-1.531199999999999228e-02 4.901000000000000227e+02
-1.548399999999999777e-02 4.586000000000000227e+02
-1.565599999999999631e-02 4.473000000000000114e+02
-1.582799999999999485e-02 4.290000000000000000e+02
-1.599999999999999339e-02 4.123999999999999773e+02
-1.617199999999999194e-02 3.911000000000000227e+02
-1.634399999999999742e-02 3.623999999999999773e+02
-1.651599999999999596e-02 3.493000000000000114e+02
-1.668799999999999450e-02 3.343000000000000114e+02
-1.685999999999999305e-02 3.258000000000000114e+02
-1.703199999999999853e-02 3.078999999999999773e+02
-1.720399999999999707e-02 3.195000000000000000e+02
-1.737599999999999562e-02 3.110000000000000000e+02
-1.754799999999999416e-02 3.213999999999999773e+02
-1.771999999999999270e-02 3.271999999999999886e+02
-1.789199999999999818e-02 3.421000000000000227e+02
-1.806399999999999673e-02 3.706999999999999886e+02
-1.823599999999999527e-02 3.831999999999999886e+02
-1.840799999999999381e-02 4.273000000000000114e+02
-1.857999999999999236e-02 4.798000000000000114e+02
-1.875199999999999784e-02 5.368999999999999773e+02
-1.892399999999999638e-02 6.265000000000000000e+02
-1.909599999999999492e-02 7.462000000000000455e+02
-1.926799999999999347e-02 8.600000000000000000e+02
-1.943999999999999201e-02 8.932999999999999545e+02
-1.961199999999999749e-02 9.883999999999999773e+02
-1.978399999999999603e-02 1.157700000000000045e+03
-1.995599999999999458e-02 1.325799999999999955e+03
-2.012799999999999312e-02 1.397200000000000045e+03
-2.029999999999999860e-02 1.473299999999999955e+03
-2.047199999999999714e-02 1.692299999999999955e+03
-2.064399999999999569e-02 1.939000000000000000e+03
-2.081599999999999423e-02 2.076900000000000091e+03
-2.098799999999999277e-02 2.318000000000000000e+03
-2.115999999999999825e-02 2.675099999999999909e+03
-2.133199999999999680e-02 2.955199999999999818e+03
-2.150399999999999534e-02 3.295000000000000000e+03
-2.167599999999999388e-02 3.772599999999999909e+03
-2.184799999999999243e-02 4.242500000000000000e+03
-2.201999999999999791e-02 4.440500000000000000e+03
-2.219199999999999645e-02 4.580199999999999818e+03
-2.236399999999999499e-02 4.894000000000000000e+03
-2.253599999999999354e-02 -5.999999999999999778e-01
-2.270799999999999208e-02 -5.999999999999999778e-01
-2.287999999999999756e-02 -5.999999999999999778e-01
-2.305199999999999610e-02 -5.999999999999999778e-01
-2.322399999999999465e-02 -5.999999999999999778e-01
-2.339599999999999319e-02 -5.999999999999999778e-01
-2.356799999999999867e-02 -5.999999999999999778e-01
-2.373999999999999722e-02 -5.999999999999999778e-01
-2.391199999999999576e-02 -5.999999999999999778e-01
-2.408399999999999430e-02 -5.999999999999999778e-01
-2.425599999999999284e-02 -5.999999999999999778e-01
-2.442799999999999833e-02 -5.999999999999999778e-01
-2.459999999999999687e-02 -5.999999999999999778e-01
-2.477199999999999541e-02 -5.999999999999999778e-01
-2.494399999999999396e-02 -5.999999999999999778e-01
-2.511599999999999250e-02 -5.999999999999999778e-01
-2.528799999999999798e-02 -5.999999999999999778e-01
-2.545999999999999652e-02 9.037500000000000000e+03
-2.563199999999999507e-02 9.511000000000000000e+03
-2.580399999999999361e-02 9.996600000000000364e+03
-2.597599999999999909e-02 1.049470000000000073e+04
-2.614799999999999763e-02 1.077020000000000073e+04
-2.631999999999999618e-02 1.155439999999999964e+04
-2.649199999999999472e-02 1.173429999999999927e+04
-2.666399999999999326e-02 1.184550000000000000e+04
-2.683599999999999874e-02 1.179889999999999964e+04
-2.700799999999999729e-02 1.181970000000000073e+04
-2.717999999999999583e-02 1.169529999999999927e+04
-2.735199999999999437e-02 1.156429999999999927e+04
-2.752399999999999292e-02 1.188160000000000036e+04
-2.769599999999999840e-02 1.222000000000000000e+04
-2.786799999999999694e-02 1.232979999999999927e+04
-2.803999999999999548e-02 1.279589999999999964e+04
-2.821199999999999403e-02 1.322610000000000036e+04
-2.838399999999999604e-02 1.352620000000000073e+04
-2.855599999999999458e-02 1.292350000000000000e+04
-2.872799999999999659e-02 1.334710000000000036e+04
-2.889999999999999514e-02 1.337520000000000073e+04
-2.907199999999999715e-02 1.375120000000000073e+04
-2.924399999999999569e-02 1.411489999999999964e+04
-2.941599999999999424e-02 1.444979999999999927e+04
-2.958799999999999625e-02 1.467360000000000036e+04
-2.975999999999999479e-02 1.490779999999999927e+04
-2.993199999999999680e-02 1.479000000000000000e+04
-3.010399999999999535e-02 1.481610000000000036e+04
-3.027599999999999736e-02 1.459839999999999964e+04
-3.044799999999999590e-02 1.484689999999999964e+04
-3.061999999999999444e-02 1.489079999999999927e+04
-3.079199999999999646e-02 1.507839999999999964e+04
-3.096399999999999500e-02 1.529220000000000073e+04
-3.113599999999999701e-02 1.553000000000000000e+04
-3.130799999999999556e-02 1.516400000000000000e+04
-3.147999999999999410e-02 1.494370000000000073e+04
-3.165199999999999958e-02 1.504479999999999927e+04
-3.182399999999999118e-02 1.562960000000000036e+04
-3.199599999999999667e-02 1.623120000000000073e+04
-3.216799999999999521e-02 1.695200000000000000e+04
-3.233999999999999375e-02 1.722740000000000146e+04
-3.251199999999999923e-02 1.757350000000000000e+04
-3.268399999999999084e-02 1.816620000000000073e+04
-3.285599999999999632e-02 1.849140000000000146e+04
-3.302799999999999486e-02 1.879229999999999927e+04
-3.319999999999999341e-02 1.904540000000000146e+04
-3.337199999999999889e-02 1.921429999999999927e+04
-3.354399999999999743e-02 1.956600000000000000e+04
-3.371599999999999597e-02 2.008429999999999927e+04
-3.388799999999999452e-02 2.035909999999999854e+04
-3.405999999999999306e-02 2.077609999999999854e+04
-3.423199999999999854e-02 2.117440000000000146e+04
-3.440399999999999708e-02 2.178920000000000073e+04
-3.457599999999999563e-02 2.325790000000000146e+04
-3.474800000000000111e-02 2.425150000000000000e+04
-3.491999999999999271e-02 2.362600000000000000e+04
-3.509199999999999819e-02 2.287679999999999927e+04
-3.526399999999999674e-02 2.296609999999999854e+04
-3.543599999999999528e-02 2.351229999999999927e+04
-3.560800000000000076e-02 2.382979999999999927e+04
-3.577999999999999237e-02 2.440690000000000146e+04
-3.595199999999999785e-02 2.447279999999999927e+04
-3.612399999999999639e-02 2.461220000000000073e+04
-3.629599999999999493e-02 2.508729999999999927e+04
-3.646800000000000042e-02 2.562620000000000073e+04
-3.663999999999999202e-02 2.597300000000000000e+04
-3.681199999999999750e-02 2.613500000000000000e+04
-3.698399999999999604e-02 2.583259999999999854e+04
-3.715599999999999459e-02 2.571809999999999854e+04
-3.732800000000000007e-02 2.544659999999999854e+04
-3.749999999999999167e-02 2.579240000000000146e+04
-3.767199999999999716e-02 2.565609999999999854e+04
-3.784399999999999570e-02 2.519709999999999854e+04
-3.801599999999999424e-02 2.500840000000000146e+04
-3.818799999999999972e-02 2.425229999999999927e+04
-3.835999999999999133e-02 2.393150000000000000e+04
-3.853199999999999681e-02 2.330759999999999854e+04
-3.870399999999999535e-02 2.316579999999999927e+04
-3.887599999999999389e-02 2.287140000000000146e+04
-3.904799999999999938e-02 2.293540000000000146e+04
-3.921999999999999098e-02 2.220450000000000000e+04
-3.939199999999999646e-02 2.137059999999999854e+04
-3.956399999999999501e-02 2.074470000000000073e+04
-3.973599999999999355e-02 2.022979999999999927e+04
-3.990799999999999903e-02 1.975520000000000073e+04
-4.007999999999999757e-02 1.900559999999999854e+04
-4.025199999999999612e-02 1.809429999999999927e+04
-4.042399999999999466e-02 1.790520000000000073e+04
-4.059599999999999320e-02 1.726500000000000000e+04
-4.076799999999999868e-02 1.660970000000000073e+04
-4.093999999999999723e-02 1.622350000000000000e+04
-4.111199999999999577e-02 1.577850000000000000e+04
-4.128400000000000125e-02 1.569960000000000036e+04
-4.145599999999999286e-02 1.492239999999999964e+04
-4.162799999999999834e-02 1.501139999999999964e+04
-4.179999999999999688e-02 1.499429999999999927e+04
-4.197199999999999542e-02 1.292850000000000000e+04
-4.214400000000000091e-02 1.266960000000000036e+04
-4.231599999999999251e-02 1.242420000000000073e+04
-4.248799999999999799e-02 1.450529999999999927e+04
-4.265999999999999653e-02 1.446820000000000073e+04
-4.283199999999999508e-02 1.401660000000000036e+04
-4.300400000000000056e-02 1.313129999999999927e+04
-4.317599999999999216e-02 1.268550000000000000e+04
-4.334799999999999764e-02 1.199020000000000073e+04
-4.351999999999999619e-02 1.150500000000000000e+04
-4.369199999999999473e-02 1.106789999999999964e+04
-4.386400000000000021e-02 1.071179999999999927e+04
-4.403599999999999876e-02 1.048300000000000000e+04
-4.420799999999999730e-02 1.107600000000000000e+04
-4.437999999999999584e-02 1.141679999999999927e+04
-4.455199999999999438e-02 1.133950000000000000e+04
-4.472399999999999987e-02 1.108150000000000000e+04
-4.489599999999999841e-02 1.083150000000000000e+04
-4.506799999999999695e-02 1.041150000000000000e+04
-4.523999999999999549e-02 9.607100000000000364e+03
-4.541199999999999404e-02 8.623700000000000728e+03
-4.558399999999999952e-02 7.598699999999999818e+03
-4.575599999999999806e-02 7.380300000000000182e+03
-4.592799999999999661e-02 7.284899999999999636e+03
-4.609999999999999515e-02 7.218699999999999818e+03
-4.627199999999999369e-02 6.726300000000000182e+03
-4.644399999999999917e-02 5.750800000000000182e+03
-4.661599999999999772e-02 4.665100000000000364e+03
-4.678799999999999626e-02 4.803800000000000182e+03
-4.695999999999999480e-02 5.203600000000000364e+03
-4.713199999999999334e-02 5.079000000000000000e+03
-4.730399999999999883e-02 4.689000000000000000e+03
-4.747599999999999737e-02 4.255199999999999818e+03
-4.764799999999999591e-02 3.481500000000000000e+03
-4.781999999999999446e-02 2.860099999999999909e+03
-4.799199999999999300e-02 2.566199999999999818e+03
-4.816399999999999848e-02 2.094500000000000000e+03
-4.833599999999999702e-02 1.609099999999999909e+03
-4.850799999999999557e-02 1.271099999999999909e+03
-4.867999999999999411e-02 1.114700000000000045e+03
-4.885199999999999265e-02 8.580000000000000000e+02
-4.902399999999999813e-02 6.521000000000000227e+02
-4.919599999999999668e-02 5.715000000000000000e+02
-4.936799999999999522e-02 5.576000000000000227e+02
-4.954000000000000070e-02 4.283000000000000114e+02
-4.971199999999999231e-02 2.791999999999999886e+02
-4.988399999999999779e-02 1.591999999999999886e+02
-5.005599999999999633e-02 9.870000000000000284e+01
-5.022799999999999487e-02 7.500000000000000000e+01
-5.040000000000000036e-02 7.370000000000000284e+01
-5.057199999999999890e-02 9.809999999999999432e+01
-5.074399999999999744e-02 1.284000000000000057e+02
-5.091599999999999598e-02 1.799000000000000057e+02
-5.108799999999999453e-02 2.330000000000000000e+02
-5.126000000000000001e-02 2.566999999999999886e+02
-5.143199999999999855e-02 3.496000000000000227e+02
-5.160399999999999709e-02 5.298999999999999773e+02
-5.177599999999999564e-02 6.708999999999999773e+02
-5.194799999999999418e-02 8.187000000000000455e+02
-5.211999999999999966e-02 1.105299999999999955e+03
-5.229199999999999821e-02 1.033299999999999955e+03
-5.246399999999999675e-02 1.032700000000000045e+03
-5.263599999999999529e-02 1.238700000000000045e+03
-5.280799999999999383e-02 1.229500000000000000e+03
-5.297999999999999932e-02 1.305099999999999909e+03
-5.315199999999999786e-02 1.568700000000000045e+03
-5.332399999999999640e-02 1.927200000000000045e+03
-5.349599999999999494e-02 2.078099999999999909e+03
-5.366799999999999349e-02 2.379800000000000182e+03
-5.383999999999999897e-02 2.468400000000000091e+03
-5.401199999999999751e-02 2.482900000000000091e+03
-5.418399999999999606e-02 2.544500000000000000e+03
-5.435599999999999460e-02 2.179000000000000000e+03
-5.452799999999999314e-02 2.074400000000000091e+03
-5.469999999999999862e-02 2.671300000000000182e+03
-5.487199999999999717e-02 2.877199999999999818e+03
-5.504399999999999571e-02 2.650699999999999818e+03
-5.521599999999999425e-02 3.073800000000000182e+03
-5.538799999999999973e-02 2.817099999999999909e+03
-5.555999999999999828e-02 2.344099999999999909e+03
-5.573199999999999682e-02 2.615099999999999909e+03
-5.590399999999999536e-02 3.218199999999999818e+03
-5.607599999999999391e-02 3.623400000000000091e+03
-5.624799999999999939e-02 2.675099999999999909e+03
-5.641999999999999793e-02 2.174000000000000000e+03
-5.659199999999999647e-02 2.583199999999999818e+03
-5.676399999999999502e-02 3.037400000000000091e+03
-5.693600000000000050e-02 2.987000000000000000e+03
-5.710799999999999904e-02 2.797099999999999909e+03
-5.727999999999999758e-02 3.044099999999999909e+03
-5.745199999999999613e-02 3.338599999999999909e+03
-5.762399999999999467e-02 3.106599999999999909e+03
-5.779600000000000015e-02 2.015500000000000000e+03
-5.796799999999999869e-02 1.780000000000000000e+03
-5.813999999999999724e-02 2.469699999999999818e+03
-5.831199999999999578e-02 2.210300000000000182e+03
-5.848399999999999432e-02 2.241400000000000091e+03
-5.865599999999999981e-02 2.602699999999999818e+03
-5.882799999999999835e-02 2.598000000000000000e+03
