0.0829 16.1
0.082728 13.4
0.08255600000000002 17.0
0.08238400000000001 17.0
0.08221200000000001 16.4
0.08204 16.6
0.081868 16.0
0.08169600000000002 17.4
0.08152400000000001 17.1
0.08135200000000001 14.7
0.08118 17.6
0.081008 17.1
0.08083600000000002 21.6
0.08066400000000001 18.3
0.08049200000000001 17.9
0.08032 20.2
0.080148 17.4
0.07997600000000002 18.8
0.07980400000000001 20.9
0.07963200000000001 17.9
0.07946 18.6
0.079288 23.3
0.07911600000000002 20.8
0.07894400000000001 23.2
0.07877200000000001 23.5
0.0786 20.4
0.078428 24.4
0.07825600000000002 23.3
0.07808400000000001 22.9
0.07791200000000001 25.4
0.07774 26.0
0.077568 28.0
0.07739600000000002 24.7
0.07722400000000001 23.1
0.07705200000000001 28.6
0.07688 27.0
0.076708 28.7
0.07653600000000002 24.0
0.07636400000000002 27.3
0.07619200000000001 29.3
0.07602 28.4
0.075848 26.0
0.07567600000000002 27.5
0.07550400000000002 27.4
0.07533200000000001 26.9
0.07516 27.5
0.074988 31.8
0.07481600000000002 27.5
0.07464400000000002 26.9
0.07447200000000001 28.3
0.0743 29.1
0.074128 28.3
0.07395600000000002 29.8
0.07378400000000002 30.2
0.07361200000000001 28.6
0.07344 29.0
0.073268 29.2
0.073096 27.9
0.07292400000000002 28.9
0.07275200000000001 27.8
0.07258 33.6
0.072408 27.5
0.072236 29.3
0.07206400000000002 28.5
0.07189200000000001 25.3
0.07172 27.1
0.071548 27.4
0.071376 24.8
0.07120400000000002 24.6
0.07103200000000001 27.4
0.07086 26.0
0.070688 22.0
0.070516 27.3
0.07034400000000002 23.0
0.07017200000000001 24.1
0.07 22.2
0.069828 21.7
0.069656 20.6
0.06948400000000002 19.0
0.06931200000000001 19.5
0.06914000000000001 22.4
0.068968 19.9
0.068796 22.2
0.06862400000000002 21.6
0.06845200000000001 21.2
0.06828000000000001 23.0
0.068108 22.8
0.067936 24.4
0.06776400000000002 24.3
0.06759200000000001 26.6
0.06742000000000001 27.9
0.067248 29.1
0.067076 29.7
0.06690400000000002 34.5
0.06673200000000001 32.7
0.06656000000000001 32.2
0.066388 35.4
0.066216 31.9
0.06604400000000002 33.6
0.06587200000000001 37.4
0.06570000000000001 36.6
0.065528 35.4
0.06535600000000001 35.5
0.065184 38.2
0.06501200000000001 36.1
0.06484000000000001 36.0
0.064668 35.1
0.06449600000000001 36.6
0.064324 41.1
0.06415200000000001 35.8
0.06398000000000001 33.6
0.063808 30.3
0.06363600000000001 29.9
0.063464 28.5
0.063292 27.0
0.06312000000000001 27.7
0.062948 26.3
0.06277600000000001 25.2
0.062604 22.8
0.062432 23.2
0.06226000000000001 23.4
0.062088000000000004 22.6
0.06191600000000001 25.3
0.06174400000000001 25.6
0.061572 22.8
0.06140000000000001 21.0
0.061228000000000005 21.9
0.06105600000000001 24.2
0.06088400000000001 24.4
0.060712 22.3
0.06054000000000001 25.5
0.060368000000000005 26.7
0.06019600000000001 22.2
0.06002400000000001 24.1
0.059852 24.6
0.05968000000000001 25.7
0.059508000000000005 23.7
0.059336000000000014 24.6
0.05916400000000001 23.6
0.058992 21.9
0.05882000000000001 26.0
0.058648000000000006 23.6
0.058476000000000014 22.8
0.05830400000000001 21.4
0.058132 20.8
0.05796000000000001 21.8
0.057788000000000006 20.4
0.057616000000000014 21.8
0.05744400000000001 23.1
0.057272 21.1
0.05710000000000001 20.0
0.056928000000000006 21.8
0.056756 20.5
0.05658400000000001 22.5
0.056412000000000004 21.0
0.05624000000000001 18.7
0.05606800000000001 21.1
0.055896 21.2
0.05572400000000001 17.7
0.055552000000000004 21.5
0.05538000000000001 20.5
0.05520800000000001 18.5
0.055036 19.2
0.05486400000000001 23.1
0.054692000000000005 16.2
0.05452000000000001 19.5
0.05434800000000001 19.3
0.054176 18.8
0.05400400000000001 18.8
0.053832000000000005 16.1
0.05366000000000001 20.3
0.05348800000000001 15.7
0.053316 17.5
0.05314400000000001 18.2
0.052972000000000005 18.2
0.052800000000000014 18.1
0.05262800000000001 17.4
0.052456 16.8
0.05228400000000001 18.1
0.052112000000000006 20.7
0.051940000000000014 20.9
0.05176800000000001 20.5
0.051596 20.4
0.05142400000000001 21.0
0.051252000000000006 21.9
0.051080000000000014 21.6
0.05090800000000001 23.8
0.050736 24.5
0.05056400000000001 23.1
0.04746800000000001 38.3
0.047296000000000005 38.8
0.04712400000000001 36.8
0.04695200000000001 41.0
0.04678 43.5
0.04660800000000001 43.0
0.046436000000000005 42.4
0.04626400000000001 43.7
0.04609200000000001 41.3
0.04592 40.4
0.04574800000000001 46.0
0.045576000000000005 44.3
0.045404000000000014 46.4
0.04523200000000001 48.3
0.04506 47.9
0.04488800000000001 43.8
0.044716000000000006 45.2
0.044544 42.1
0.04437200000000001 45.6
0.0442 45.4
0.04402800000000001 44.6
0.043856000000000006 50.9
0.043684 44.0
0.04351200000000001 44.5
0.043340000000000004 44.5
0.04316800000000001 40.9
0.042996000000000006 40.8
0.042824 43.5
0.04265200000000001 39.5
0.042480000000000004 41.9
0.04230800000000001 39.3
0.04213600000000001 40.6
0.041964 38.1
0.04179200000000001 38.0
0.041620000000000004 38.2
0.04144800000000001 38.1
0.04127600000000001 39.0
0.041104 35.7
0.04093200000000001 36.7
0.040760000000000005 36.1
0.04058800000000001 34.3
0.04041600000000001 34.3
0.040244 35.1
0.04007200000000001 32.3
0.039900000000000005 31.6
0.03972800000000001 32.6
0.03955600000000001 30.6
0.039384 28.1
0.03921200000000001 28.9
0.039040000000000005 29.3
0.038868000000000014 28.0
0.03869600000000001 28.8
0.038524 28.2
0.03835200000000001 25.6
0.038180000000000006 27.8
0.038008 29.1
0.03783600000000001 27.7
0.037664 26.5
0.03749200000000001 28.9
0.037320000000000006 27.1
0.037148 27.5
0.03697600000000001 32.2
0.036804 28.6
0.03663200000000001 28.7
0.036460000000000006 32.8
0.036288 29.9
0.03611600000000001 31.7
0.035944000000000004 35.7
0.03577200000000001 36.4
0.03560000000000001 35.2
0.035428 36.4
0.03525600000000001 38.6
0.035084000000000004 38.1
0.03491200000000001 40.5
0.03474000000000001 43.6
0.034568 44.5
0.03439600000000001 45.6
0.034224000000000004 51.8
0.03405200000000001 45.4
0.03388000000000001 46.9
0.033708 48.2
0.03353600000000001 48.6
0.033364000000000005 52.2
0.03319200000000001 55.6
0.03302000000000001 56.4
0.032848 57.6
0.03267600000000001 57.3
0.032504000000000005 62.2
0.032332000000000014 58.1
0.03216000000000001 64.9
0.031988 67.2
0.03181600000000001 74.0
0.031644000000000005 72.9
0.031472 76.1
0.03130000000000001 73.7
0.031128000000000003 74.3
0.03095600000000001 74.2
0.030784000000000006 73.8
0.030612 73.9
0.03044000000000001 77.8
0.030268000000000003 81.3
0.03009600000000001 78.4
0.029924000000000006 81.2
0.029752 82.2
0.02958000000000001 90.7
0.029408000000000004 91.2
0.029236000000000012 91.0
0.029064000000000006 89.9
0.028892 86.7
0.02872000000000001 92.0
0.028548000000000004 92.9
0.028376000000000012 98.6
0.028204000000000007 93.2
0.028032 92.2
0.02786000000000001 103.3
0.027688000000000004 97.1
0.027516000000000013 110.3
0.027344000000000007 109.6
0.027172 114.9
0.02700000000000001 118.2
0.026828000000000005 118.3
0.026656000000000013 125.3
0.026484000000000008 124.2
0.026312000000000002 122.2
0.02614000000000001 126.1
0.025968000000000005 124.3
0.025796 126.5
0.025624000000000008 116.2
0.025452000000000002 115.3
0.02528000000000001 111.9
0.025108000000000005 111.9
0.024936 111.9
0.024764000000000008 109.6
0.024592000000000003 102.2
0.02442000000000001 99.6
0.024248000000000006 105.1
0.024076 103.6
0.02390400000000001 99.2
0.023732000000000003 94.2
0.02356000000000001 98.5
0.023388000000000006 90.2
0.023216 85.5
0.02304400000000001 76.6
0.022872000000000003 64.3
0.022700000000000012 59.1
0.022528000000000006 55.4
0.022356 55.2
0.02218400000000001 55.1
0.022012000000000004 64.1
0.021840000000000012 65.3
0.021668000000000007 70.8
0.021496 66.0
0.02132400000000001 69.6
0.021152000000000004 69.4
0.020980000000000013 73.6
0.020808000000000007 71.3
0.020636 76.6
0.02046400000000001 82.6
0.020292000000000004 86.8
0.020120000000000013 85.2
0.019948000000000007 93.3
0.019776000000000002 100.1
0.01960400000000001 105.2
0.019432000000000005 112.7
0.01926 114.8
0.019088000000000008 112.7
0.018916000000000002 117.8
0.01874400000000001 115.2
0.018572000000000005 116.7
0.0184 127.9
0.018228000000000008 129.4
0.018056000000000003 103.7
0.01788400000000001 88.1
0.017712000000000006 78.4
0.01754 75.4
0.01736800000000001 85.8
0.017196000000000003 82.2
0.01702400000000001 90.2
0.016852000000000006 95.0
0.01668 104.6
0.01650800000000001 111.0
0.016336000000000003 110.5
0.01616400000000001 120.1
0.015992000000000006 130.4
0.01582 134.9
0.01564800000000001 142.9
0.015476000000000004 167.1
0.015304000000000012 183.1
0.015132000000000007 185.8
0.014960000000000001 207.7
0.01478800000000001 227.9
0.014616000000000004 241.8
0.014444000000000012 251.4
0.014272000000000007 254.4
0.014100000000000001 263.4
0.011004 224.5
0.010832000000000008 231.1
0.010660000000000003 225.1
0.010488000000000011 210.4
0.010316000000000006 176.6
0.010144 147.0
0.009972000000000009 119.4
0.009800000000000003 118.3
0.009628000000000012 110.4
0.009456000000000006 107.6
0.009284 114.2
0.009112000000000009 120.9
0.008940000000000003 123.6
0.008768000000000012 124.1
0.008596000000000006 136.7
0.008424000000000001 132.7
0.00825200000000001 153.5
0.008080000000000004 161.6
0.007908000000000012 162.6
0.007736000000000007 181.5
0.007564000000000001 189.8
0.00739200000000001 198.6
0.007220000000000004 214.6
0.007047999999999999 212.4
0.006876000000000007 223.9
0.006704000000000002 231.2
0.00653200000000001 252.5
0.0063600000000000045 251.5
0.006187999999999999 261.9
0.0060160000000000075 267.5
0.005844000000000002 256.1
0.00567200000000001 267.3
0.005500000000000005 274.8
0.005327999999999999 279.1
0.005156000000000008 297.7
0.004984000000000002 347.3
0.004812000000000011 419.2
0.004640000000000005 514.3
0.004468 627.5
0.004296000000000008 624.4
0.004124000000000003 590.5
0.003952000000000011 519.1
0.0037800000000000056 462.9
0.003608 419.6
0.0034360000000000085 373.9
0.003264000000000003 344.8
0.0030920000000000045 334.9
0.002920000000000006 322.9
0.0027480000000000074 320.6
0.002576000000000009 326.2
0.0024040000000000034 316.3
0.002232000000000005 339.1
0.0020600000000000063 383.6
0.0018880000000000077 422.7
0.0017160000000000022 487.6
0.0015440000000000037 588.4
0.0013720000000000052 665.8
0.0012000000000000066 739.8
0.001028000000000008 792.9
0.0008560000000000026 780.4
0.000684000000000004 716.5
0.0005120000000000055 618.9
0.00034000000000000696 536.5
0.00016800000000000842 465.2
