0.0829 11.2
0.082728 13.6
0.08255600000000002 14.0
0.08238400000000001 14.0
0.08221200000000001 11.8
0.08204 12.6
0.081868 17.4
0.08169600000000002 12.3
0.08152400000000001 14.0
0.08135200000000001 13.4
0.08118 15.0
0.081008 13.8
0.08083600000000002 15.8
0.08066400000000001 14.7
0.08049200000000001 15.9
0.08032 15.2
0.080148 14.2
0.07997600000000002 13.7
0.07980400000000001 15.8
0.07963200000000001 14.7
0.07946 14.6
0.079288 17.4
0.07911600000000002 15.7
0.07894400000000001 17.9
0.07877200000000001 15.8
0.0786 16.7
0.078428 17.3
0.07825600000000002 16.2
0.07808400000000001 16.3
0.07791200000000001 12.9
0.07774 16.4
0.077568 17.3
0.07739600000000002 17.0
0.07722400000000001 18.6
0.07705200000000001 16.6
0.07688 16.1
0.076708 15.3
0.07653600000000002 18.9
0.07636400000000002 15.4
0.07619200000000001 18.8
0.07602 17.6
0.075848 16.6
0.07567600000000002 15.5
0.07550400000000002 18.1
0.07533200000000001 19.2
0.07516 16.9
0.074988 18.8
0.07481600000000002 21.0
0.07464400000000002 18.6
0.07447200000000001 17.8
0.0743 19.9
0.074128 19.8
0.07395600000000002 20.0
0.07378400000000002 18.6
0.07361200000000001 17.6
0.07344 18.9
0.073268 16.1
0.073096 18.0
0.07292400000000002 15.7
0.07275200000000001 16.3
0.07258 15.8
0.072408 17.0
0.072236 17.4
0.07206400000000002 15.3
0.07189200000000001 16.8
0.07172 15.8
0.071548 18.5
0.071376 17.0
0.07120400000000002 16.1
0.07103200000000001 17.4
0.07086 17.8
0.070688 17.5
0.070516 17.4
0.07034400000000002 17.0
0.07017200000000001 14.7
0.07 15.8
0.069828 17.1
0.069656 15.5
0.06948400000000002 16.1
0.06931200000000001 17.4
0.06914000000000001 15.4
0.068968 16.4
0.068796 17.6
0.06862400000000002 18.2
0.06845200000000001 18.6
0.06828000000000001 18.4
0.068108 18.9
0.067936 21.8
0.06776400000000002 21.1
0.06759200000000001 23.8
0.06742000000000001 23.0
0.067248 21.8
0.067076 20.5
0.06690400000000002 20.4
0.06673200000000001 23.2
0.06656000000000001 22.0
0.066388 23.2
0.066216 22.8
0.06604400000000002 22.9
0.06587200000000001 24.3
0.06570000000000001 24.3
0.065528 25.6
0.06535600000000001 22.7
0.065184 25.2
0.06501200000000001 20.1
0.06484000000000001 21.8
0.064668 23.3
0.06449600000000001 23.5
0.064324 22.7
0.06415200000000001 20.1
0.06398000000000001 22.5
0.063808 20.0
0.06363600000000001 20.6
0.063464 17.9
0.063292 18.0
0.06312000000000001 15.5
0.062948 15.0
0.06277600000000001 16.0
0.062604 14.3
0.062432 16.1
0.06226000000000001 15.5
0.062088000000000004 17.0
0.06191600000000001 15.2
0.06174400000000001 16.5
0.061572 16.0
0.06140000000000001 16.7
0.061228000000000005 14.2
0.06105600000000001 18.2
0.06088400000000001 16.5
0.060712 17.2
0.06054000000000001 15.3
0.060368000000000005 15.7
0.06019600000000001 16.2
0.06002400000000001 16.3
0.059852 15.7
0.05968000000000001 13.8
0.059508000000000005 14.0
0.059336000000000014 16.1
0.05916400000000001 16.2
0.058992 17.5
0.05882000000000001 15.9
0.058648000000000006 14.5
0.058476000000000014 15.9
0.05830400000000001 13.8
0.058132 15.8
0.05796000000000001 14.7
0.057788000000000006 14.2
0.057616000000000014 16.0
0.05744400000000001 13.5
0.057272 15.4
0.05710000000000001 13.8
0.056928000000000006 14.6
0.056756 13.6
0.05658400000000001 13.0
0.056412000000000004 15.2
0.05624000000000001 12.2
0.05606800000000001 15.6
0.055896 14.7
0.05572400000000001 12.6
0.055552000000000004 13.1
0.05538000000000001 13.0
0.05520800000000001 12.1
0.055036 13.8
0.05486400000000001 14.2
0.054692000000000005 12.2
0.05452000000000001 13.4
0.05434800000000001 16.2
0.054176 12.8
0.05400400000000001 13.6
0.053832000000000005 13.3
0.05366000000000001 14.0
0.05348800000000001 15.1
0.053316 12.6
0.05314400000000001 13.4
0.052972000000000005 15.4
0.052800000000000014 14.4
0.05262800000000001 16.6
0.052456 15.9
0.05228400000000001 16.7
0.052112000000000006 18.3
0.051940000000000014 17.3
0.05176800000000001 17.9
0.051596 17.2
0.05142400000000001 18.6
0.051252000000000006 17.4
0.051080000000000014 21.1
0.05090800000000001 18.7
0.050736 20.0
0.05056400000000001 18.5
0.04746800000000001 29.2
0.047296000000000005 26.2
0.04712400000000001 28.1
0.04695200000000001 28.5
0.04678 29.6
0.04660800000000001 27.3
0.046436000000000005 29.6
0.04626400000000001 28.5
0.04609200000000001 28.5
0.04592 27.9
0.04574800000000001 31.4
0.045576000000000005 29.0
0.045404000000000014 32.7
0.04523200000000001 28.4
0.04506 29.1
0.04488800000000001 29.3
0.044716000000000006 26.9
0.044544 29.6
0.04437200000000001 25.9
0.0442 28.2
0.04402800000000001 29.6
0.043856000000000006 27.9
0.043684 28.0
0.04351200000000001 23.5
0.043340000000000004 26.4
0.04316800000000001 27.2
0.042996000000000006 27.2
0.042824 25.3
0.04265200000000001 25.0
0.042480000000000004 24.9
0.04230800000000001 25.7
0.04213600000000001 23.3
0.041964 24.3
0.04179200000000001 25.0
0.041620000000000004 27.0
0.04144800000000001 26.5
0.04127600000000001 24.4
0.041104 24.8
0.04093200000000001 23.4
0.040760000000000005 23.2
0.04058800000000001 25.0
0.04041600000000001 26.6
0.040244 23.6
0.04007200000000001 22.7
0.039900000000000005 24.1
0.03972800000000001 24.1
0.03955600000000001 24.2
0.039384 25.0
0.03921200000000001 26.1
0.039040000000000005 26.5
0.038868000000000014 23.1
0.03869600000000001 22.2
0.038524 22.4
0.03835200000000001 23.4
0.038180000000000006 22.3
0.038008 23.7
0.03783600000000001 24.8
0.037664 25.6
0.03749200000000001 23.8
0.037320000000000006 26.7
0.037148 30.1
0.03697600000000001 30.9
0.036804 27.7
0.03663200000000001 28.7
0.036460000000000006 25.2
0.036288 30.3
0.03611600000000001 29.9
0.035944000000000004 30.9
0.03577200000000001 32.9
0.03560000000000001 33.7
0.035428 31.2
0.03525600000000001 34.6
0.035084000000000004 33.5
0.03491200000000001 34.4
0.03474000000000001 32.9
0.034568 37.6
0.03439600000000001 37.2
0.034224000000000004 39.7
0.03405200000000001 43.6
0.03388000000000001 42.2
0.033708 46.0
0.03353600000000001 42.3
0.033364000000000005 43.3
0.03319200000000001 47.8
0.03302000000000001 48.7
0.032848 53.6
0.03267600000000001 53.6
0.032504000000000005 54.8
0.032332000000000014 52.8
0.03216000000000001 55.8
0.031988 52.9
0.03181600000000001 52.6
0.031644000000000005 51.3
0.031472 52.0
0.03130000000000001 55.6
0.031128000000000003 52.6
0.03095600000000001 55.8
0.030784000000000006 52.3
0.030612 48.6
0.03044000000000001 51.1
0.030268000000000003 51.8
0.03009600000000001 55.3
0.029924000000000006 56.6
0.029752 57.3
0.02958000000000001 56.6
0.029408000000000004 57.3
0.029236000000000012 60.1
0.029064000000000006 54.8
0.028892 57.0
0.02872000000000001 52.8
0.028548000000000004 55.9
0.028376000000000012 62.5
0.028204000000000007 61.9
0.028032 58.2
0.02786000000000001 65.6
0.027688000000000004 63.9
0.027516000000000013 71.8
0.027344000000000007 76.6
0.027172 69.8
0.02700000000000001 77.3
0.026828000000000005 77.3
0.026656000000000013 79.9
0.026484000000000008 77.7
0.026312000000000002 82.9
0.02614000000000001 77.4
0.025968000000000005 76.3
0.025796 79.7
0.025624000000000008 75.5
0.025452000000000002 73.2
0.02528000000000001 75.9
0.025108000000000005 71.6
0.024936 74.9
0.024764000000000008 71.4
0.024592000000000003 74.6
0.02442000000000001 65.9
0.024248000000000006 66.3
0.024076 59.0
0.02390400000000001 56.1
0.023732000000000003 51.9
0.02356000000000001 48.6
0.023388000000000006 46.5
0.023216 48.0
0.02304400000000001 49.4
0.022872000000000003 45.7
0.022700000000000012 42.1
0.022528000000000006 41.6
0.022356 39.5
0.02218400000000001 40.0
0.022012000000000004 42.7
0.021840000000000012 41.2
0.021668000000000007 37.2
0.021496 35.4
0.02132400000000001 39.8
0.021152000000000004 37.9
0.020980000000000013 37.9
0.020808000000000007 40.3
0.020636 41.5
0.02046400000000001 45.1
0.020292000000000004 51.7
0.020120000000000013 59.1
0.019948000000000007 68.5
0.019776000000000002 72.9
0.01960400000000001 75.1
0.019432000000000005 76.9
0.01926 91.4
0.019088000000000008 106.4
0.018916000000000002 108.5
0.01874400000000001 110.7
0.018572000000000005 103.7
0.0184 87.9
0.018228000000000008 84.9
0.018056000000000003 82.2
0.01788400000000001 79.4
0.017712000000000006 95.9
0.01754 90.8
0.01736800000000001 92.1
0.017196000000000003 86.6
0.01702400000000001 94.3
0.016852000000000006 85.9
0.01668 92.0
0.01650800000000001 91.9
0.016336000000000003 92.9
0.01616400000000001 91.0
0.015992000000000006 95.5
0.01582 96.3
0.01564800000000001 104.8
0.015476000000000004 97.1
0.015304000000000012 101.4
0.015132000000000007 96.3
0.014960000000000001 96.2
0.01478800000000001 98.8
0.014616000000000004 94.4
0.014444000000000012 91.6
0.014272000000000007 82.5
0.014100000000000001 80.8
0.011004 81.7
0.010832000000000008 85.4
0.010660000000000003 82.5
0.010488000000000011 73.7
0.010316000000000006 76.1
0.010144 68.3
0.009972000000000009 60.1
0.009800000000000003 55.8
0.009628000000000012 54.6
0.009456000000000006 52.1
0.009284 48.7
0.009112000000000009 46.5
0.008940000000000003 42.7
0.008768000000000012 42.0
0.008596000000000006 43.8
0.008424000000000001 46.1
0.00825200000000001 50.8
0.008080000000000004 47.9
0.007908000000000012 55.4
0.007736000000000007 62.2
0.007564000000000001 62.3
0.00739200000000001 69.7
0.007220000000000004 85.8
0.007047999999999999 87.0
0.006876000000000007 94.6
0.006704000000000002 108.0
0.00653200000000001 105.5
0.0063600000000000045 110.6
0.006187999999999999 120.4
0.0060160000000000075 131.8
0.005844000000000002 130.8
0.00567200000000001 140.6
0.005500000000000005 148.5
0.005327999999999999 163.5
0.005156000000000008 178.4
0.004984000000000002 203.7
0.004812000000000011 249.2
0.004640000000000005 331.0
0.004468 388.8
0.004296000000000008 412.2
0.004124000000000003 406.2
0.003952000000000011 370.1
0.0037800000000000056 318.1
0.003608 287.8
0.0034360000000000085 272.0
0.003264000000000003 245.0
0.0030920000000000045 229.7
0.002920000000000006 228.6
0.0027480000000000074 236.1
0.002576000000000009 241.2
0.0024040000000000034 260.6
0.002232000000000005 290.2
0.0020600000000000063 322.4
0.0018880000000000077 362.2
0.0017160000000000022 432.5
0.0015440000000000037 513.5
0.0013720000000000052 571.5
0.0012000000000000066 630.4
0.001028000000000008 680.5
0.0008560000000000026 639.3
0.000684000000000004 565.5
0.0005120000000000055 474.7
0.00034000000000000696 377.3
0.00016800000000000842 304.7
