0.0829 17.2
0.082728 15.8
0.08255600000000002 22.0
0.08238400000000001 18.9
0.08221200000000001 18.6
0.08204 21.6
0.081868 19.9
0.08169600000000002 20.9
0.08152400000000001 17.7
0.08135200000000001 18.8
0.08118 20.6
0.081008 19.5
0.08083600000000002 20.3
0.08066400000000001 20.3
0.08049200000000001 18.3
0.08032 19.0
0.080148 20.6
0.07997600000000002 19.8
0.07980400000000001 22.4
0.07963200000000001 19.2
0.07946 16.9
0.079288 19.5
0.07911600000000002 16.9
0.07894400000000001 16.5
0.07877200000000001 18.4
0.0786 18.5
0.078428 18.3
0.07825600000000002 16.1
0.07808400000000001 19.6
0.07791200000000001 17.6
0.07774 19.2
0.077568 19.4
0.07739600000000002 17.3
0.07722400000000001 18.4
0.07705200000000001 17.1
0.07688 17.9
0.076708 16.7
0.07653600000000002 16.3
0.07636400000000002 16.2
0.07619200000000001 16.3
0.07602 18.6
0.075848 15.8
0.07567600000000002 15.6
0.07550400000000002 18.0
0.07533200000000001 15.2
0.07516 16.3
0.074988 15.8
0.07481600000000002 17.1
0.07464400000000002 17.6
0.07447200000000001 17.8
0.0743 15.5
0.074128 15.6
0.07395600000000002 15.3
0.07378400000000002 15.8
0.07361200000000001 15.9
0.07344 13.8
0.073268 16.3
0.073096 16.4
0.07292400000000002 16.5
0.07275200000000001 18.1
0.07258 15.3
0.072408 16.3
0.072236 16.8
0.07206400000000002 16.3
0.07189200000000001 17.2
0.07172 21.4
0.071548 20.4
0.071376 20.3
0.07120400000000002 21.5
0.07103200000000001 20.9
0.07086 20.8
0.070688 18.8
0.070516 20.0
0.07034400000000002 18.7
0.07017200000000001 20.8
0.07 23.3
0.069828 22.5
0.069656 21.2
0.06948400000000002 22.1
0.06931200000000001 20.5
0.06914000000000001 23.0
0.068968 23.1
0.068796 22.5
0.06862400000000002 25.0
0.06845200000000001 25.6
0.06828000000000001 25.3
0.068108 26.8
0.067936 26.8
0.06776400000000002 27.7
0.06759200000000001 24.7
0.06742000000000001 25.5
0.067248 25.0
0.067076 24.6
0.06690400000000002 26.9
0.06673200000000001 25.2
0.06656000000000001 23.8
0.066388 23.6
0.066216 23.0
0.06604400000000002 24.8
0.06587200000000001 24.2
0.06570000000000001 25.1
0.065528 28.1
0.06535600000000001 24.8
0.065184 25.4
0.06501200000000001 26.7
0.06484000000000001 23.1
0.064668 22.6
0.06449600000000001 25.3
0.064324 22.2
0.06415200000000001 24.0
0.06398000000000001 25.8
0.063808 23.3
0.06363600000000001 25.9
0.063464 22.9
0.063292 26.1
0.06312000000000001 26.8
0.062948 23.0
0.06277600000000001 23.1
0.062604 21.2
0.062432 26.4
0.06226000000000001 23.5
0.062088000000000004 26.1
0.06191600000000001 24.4
0.06174400000000001 27.0
0.061572 24.5
0.06140000000000001 22.6
0.061228000000000005 23.1
0.06105600000000001 24.9
0.06088400000000001 26.1
0.060712 25.9
0.06054000000000001 29.0
0.060368000000000005 28.7
0.06019600000000001 25.8
0.06002400000000001 24.5
0.059852 24.8
0.05968000000000001 23.2
0.059508000000000005 23.6
0.059336000000000014 28.8
0.05916400000000001 27.0
0.058992 23.4
0.05882000000000001 26.4
0.058648000000000006 23.7
0.058476000000000014 24.4
0.05830400000000001 22.7
0.058132 23.4
0.05796000000000001 20.5
0.057788000000000006 23.1
0.057616000000000014 23.9
0.05744400000000001 24.5
0.057272 27.8
0.05710000000000001 28.0
0.056928000000000006 34.1
0.056756 35.0
0.05658400000000001 40.1
0.056412000000000004 44.7
0.05624000000000001 50.3
0.05606800000000001 47.9
0.055896 57.2
0.05572400000000001 62.5
0.055552000000000004 67.0
0.05538000000000001 77.8
0.05520800000000001 78.4
0.055036 83.1
0.05486400000000001 87.2
0.054692000000000005 90.0
0.05452000000000001 85.6
0.05434800000000001 78.0
0.054176 68.7
0.05400400000000001 61.1
0.053832000000000005 62.6
0.05366000000000001 54.5
0.05348800000000001 53.7
0.053316 52.9
0.05314400000000001 50.4
0.052972000000000005 47.1
0.052800000000000014 44.3
0.05262800000000001 45.8
0.052456 47.8
0.05228400000000001 42.3
0.052112000000000006 45.5
0.051940000000000014 47.4
0.05176800000000001 48.1
0.051596 52.7
0.05142400000000001 50.4
0.051252000000000006 51.5
0.051080000000000014 51.5
0.05090800000000001 49.6
0.050736 51.4
0.05056400000000001 55.5
0.04746800000000001 48.6
0.047296000000000005 51.7
0.04712400000000001 49.2
0.04695200000000001 55.1
0.04678 50.4
0.04660800000000001 50.7
0.046436000000000005 52.9
0.04626400000000001 55.4
0.04609200000000001 62.4
0.04592 57.8
0.04574800000000001 50.8
0.045576000000000005 58.4
0.045404000000000014 55.6
0.04523200000000001 56.7
0.04506 56.7
0.04488800000000001 63.0
0.044716000000000006 58.2
0.044544 60.1
0.04437200000000001 58.2
0.0442 58.4
0.04402800000000001 58.6
0.043856000000000006 56.9
0.043684 53.3
0.04351200000000001 56.6
0.043340000000000004 48.6
0.04316800000000001 57.4
0.042996000000000006 55.7
0.042824 54.7
0.04265200000000001 62.8
0.042480000000000004 59.9
0.04230800000000001 59.6
0.04213600000000001 63.2
0.041964 65.6
0.04179200000000001 63.7
0.041620000000000004 72.3
0.04144800000000001 72.7
0.04127600000000001 74.6
0.041104 77.0
0.04093200000000001 79.1
0.040760000000000005 82.6
0.04058800000000001 80.1
0.04041600000000001 92.1
0.040244 89.9
0.04007200000000001 89.3
0.039900000000000005 89.8
0.03972800000000001 104.0
0.03955600000000001 100.3
0.039384 104.7
0.03921200000000001 112.2
0.039040000000000005 128.5
0.038868000000000014 120.0
0.03869600000000001 129.7
0.038524 136.7
0.03835200000000001 146.9
0.038180000000000006 149.8
0.038008 155.1
0.03783600000000001 155.1
0.037664 160.4
0.03749200000000001 156.8
0.037320000000000006 160.6
0.037148 157.9
0.03697600000000001 171.0
0.036804 154.9
0.03663200000000001 161.0
0.036460000000000006 168.2
0.036288 171.1
0.03611600000000001 167.2
0.035944000000000004 162.8
0.03577200000000001 186.2
0.03560000000000001 203.9
0.035428 205.2
0.03525600000000001 211.5
0.035084000000000004 232.1
0.03491200000000001 217.1
0.03474000000000001 231.9
0.034568 235.7
0.03439600000000001 239.8
0.034224000000000004 235.1
0.03405200000000001 244.3
0.03388000000000001 258.5
0.033708 271.9
0.03353600000000001 268.3
0.033364000000000005 261.4
0.03319200000000001 271.3
0.03302000000000001 273.7
0.032848 274.5
0.03267600000000001 277.5
0.032504000000000005 286.1
0.032332000000000014 293.2
0.03216000000000001 318.8
0.031988 312.7
0.03181600000000001 315.0
0.031644000000000005 324.2
0.031472 330.0
0.03130000000000001 338.1
0.031128000000000003 351.4
0.03095600000000001 344.7
0.030784000000000006 344.3
0.030612 343.5
0.03044000000000001 369.0
0.030268000000000003 384.1
0.03009600000000001 404.0
0.029924000000000006 392.6
0.029752 401.9
0.02958000000000001 398.8
0.029408000000000004 400.2
0.029236000000000012 412.2
0.029064000000000006 402.3
0.028892 369.8
0.02872000000000001 325.0
0.028548000000000004 297.6
0.028376000000000012 261.0
0.028204000000000007 235.6
0.028032 213.0
0.02786000000000001 190.4
0.027688000000000004 166.7
0.027516000000000013 151.3
0.027344000000000007 149.9
0.027172 149.6
0.02700000000000001 144.0
0.026828000000000005 152.6
0.026656000000000013 144.4
0.026484000000000008 158.1
0.026312000000000002 146.0
0.02614000000000001 148.9
0.025968000000000005 165.2
0.025796 178.6
0.025624000000000008 191.4
0.025452000000000002 200.4
0.02528000000000001 215.7
0.025108000000000005 212.3
0.024936 200.1
0.024764000000000008 202.8
0.024592000000000003 202.5
0.02442000000000001 203.6
0.024248000000000006 206.2
0.024076 171.5
0.02390400000000001 172.7
0.023732000000000003 165.6
0.02356000000000001 150.2
0.023388000000000006 134.0
0.023216 135.8
0.02304400000000001 146.9
0.022872000000000003 164.4
0.022700000000000012 191.9
0.022528000000000006 204.6
0.022356 221.5
0.02218400000000001 249.0
0.022012000000000004 264.7
0.021840000000000012 281.1
0.021668000000000007 317.2
0.021496 339.6
0.02132400000000001 369.4
0.021152000000000004 398.9
0.020980000000000013 418.0
0.020808000000000007 449.8
0.020636 459.6
0.02046400000000001 470.1
0.020292000000000004 498.2
0.020120000000000013 493.0
0.019948000000000007 484.3
0.019776000000000002 479.4
0.01960400000000001 489.2
0.019432000000000005 505.6
0.01926 515.3
0.019088000000000008 552.3
0.018916000000000002 586.7
0.01874400000000001 599.3
0.018572000000000005 633.8
0.0184 711.8
0.018228000000000008 737.1
0.018056000000000003 808.7
0.01788400000000001 893.7
0.017712000000000006 957.3
0.01754 994.6
0.01736800000000001 1064.2
0.017196000000000003 1114.7
0.01702400000000001 1137.6
0.016852000000000006 1118.2
0.01668 1030.7
0.01650800000000001 913.0
0.016336000000000003 814.6
0.01616400000000001 726.8
0.015992000000000006 673.6
0.01582 595.2
0.01564800000000001 579.8
0.015476000000000004 573.1
0.015304000000000012 660.7
0.015132000000000007 884.7
0.014960000000000001 1161.5
0.01478800000000001 1478.8
0.014616000000000004 1734.4
0.014444000000000012 1803.8
0.014272000000000007 1674.5
0.014100000000000001 1473.2
0.011004 2231.0
0.010832000000000008 2591.5
0.010660000000000003 2927.3
0.010488000000000011 3192.4
0.010316000000000006 3346.1
0.010144 3423.6
0.009972000000000009 3260.5
0.009800000000000003 3121.5
0.009628000000000012 2935.5
0.009456000000000006 2824.7
0.009284 2755.2
0.009112000000000009 2701.1
0.008940000000000003 2710.1
0.008768000000000012 2712.3
0.008596000000000006 2639.2
0.008424000000000001 2407.3
0.00825200000000001 2067.1
0.008080000000000004 1635.2
0.007908000000000012 1295.3
0.007736000000000007 1209.4
0.007564000000000001 1226.4
0.00739200000000001 1308.4
0.007220000000000004 1405.7
0.007047999999999999 1498.3
0.006876000000000007 1604.4
0.006704000000000002 1717.5
0.00653200000000001 1814.3
0.0063600000000000045 1874.4
0.006187999999999999 1961.6
0.0060160000000000075 2054.6
0.005844000000000002 2084.0
0.00567200000000001 2179.9
0.005500000000000005 2304.8
0.005327999999999999 2484.2
0.005156000000000008 2734.4
0.004984000000000002 3204.2
0.004812000000000011 3627.1
0.004640000000000005 3910.4
0.004468 4149.3
0.004296000000000008 4162.5
0.004124000000000003 4072.3
0.003952000000000011 3826.1
0.0037800000000000056 3552.8
0.003608 3341.4
0.0034360000000000085 3113.0
0.003264000000000003 2975.5
0.0030920000000000045 2835.6
0.002920000000000006 2741.9
0.0027480000000000074 2712.7
0.002576000000000009 2707.7
0.0024040000000000034 2750.5
0.002232000000000005 2905.0
0.0020600000000000063 3152.7
0.0018880000000000077 3338.7
0.0017160000000000022 3607.1
0.0015440000000000037 3771.2
0.0013720000000000052 3929.7
0.0012000000000000066 3906.8
0.001028000000000008 3832.6
0.0008560000000000026 3534.0
0.000684000000000004 3142.9
0.0005120000000000055 2803.1
0.00034000000000000696 2459.6
0.00016800000000000842 2187.2
