0.0829 12910.3
0.082728 13973.9
0.08255600000000002 14207.6
0.08238400000000001 14315.2
0.08221200000000001 14710.5
0.08204 14975.8
0.081868 15296.4
0.08169600000000002 15827.0
0.08152400000000001 15797.9
0.08135200000000001 15691.8
0.08118 15651.0
0.081008 16386.5
0.08083600000000002 17133.1
0.08066400000000001 16800.8
0.08049200000000001 16382.7
0.08032 16155.9
0.080148 16581.3
0.07997600000000002 16339.7
0.07980400000000001 16400.5
0.07963200000000001 15609.5
0.07946 14984.5
0.079288 15175.2
0.07911600000000002 15212.2
0.07894400000000001 14413.5
0.07877200000000001 13146.9
0.0786 12838.7
0.078428 13068.8
0.07825600000000002 12956.1
0.07808400000000001 11915.2
0.07791200000000001 10907.5
0.07774 10183.6
0.077568 9577.8
0.07739600000000002 9248.5
0.07722400000000001 8785.6
0.07705200000000001 7876.6
0.07688 6783.8
0.076708 5964.6
0.07653600000000002 5640.9
0.07636400000000002 5195.0
0.07619200000000001 4567.0
0.07602 3881.0
0.075848 3265.4
0.07567600000000002 2649.8
0.07550400000000002 2245.6
0.07533200000000001 1850.9
0.07516 1483.6
0.074988 1097.3
0.07481600000000002 843.1
0.07464400000000002 701.1
0.07447200000000001 565.2
0.0743 556.3
0.074128 597.3
0.07395600000000002 706.5
0.07378400000000002 910.8
0.07361200000000001 1252.0
0.07344 1625.2
0.073268 2077.0
0.073096 2540.8
0.07292400000000002 3155.1
0.07275200000000001 3774.3
0.07258 4696.3
0.072408 5700.4
0.072236 6366.2
0.07206400000000002 6897.1
0.07189200000000001 7715.0
0.07172 8956.7
0.071548 10289.2
0.071376 11241.8
0.07120400000000002 12293.5
0.07103200000000001 13353.0
0.07086 14737.0
0.070688 15324.6
0.070516 16749.2
0.07034400000000002 17665.9
0.07017200000000001 19493.0
0.07 19816.0
0.069828 20962.7
0.069656 21654.3
0.06948400000000002 22379.6
0.06931200000000001 23131.9
0.06914000000000001 24655.4
0.068968 25155.5
0.068796 25691.3
0.06862400000000002 26925.4
0.06845200000000001 27320.1
0.06828000000000001 27230.1
0.068108 28240.7
0.067936 28338.5
0.06776400000000002 28360.6
0.06759200000000001 29468.8
0.06742000000000001 27171.0
0.067248 26820.6
0.067076 26444.8
0.06690400000000002 28302.0
0.06673200000000001 28686.3
0.06656000000000001 29365.1
0.066388 28488.5
0.066216 28950.9
0.06604400000000002 28556.3
0.06587200000000001 27147.7
0.06570000000000001 26071.8
0.065528 26728.9
0.06535600000000001 25974.7
0.065184 25343.4
0.06501200000000001 24342.8
0.06484000000000001 23198.1
0.064668 22359.9
0.06449600000000001 21689.1
0.064324 20263.7
0.06415200000000001 19595.6
0.06398000000000001 18915.4
0.063808 18042.6
0.06363600000000001 16568.0
0.063464 14952.9
0.063292 13363.3
0.06312000000000001 12590.7
0.062948 11940.2
0.06277600000000001 10163.1
0.062604 8897.8
0.062432 7851.6
0.06226000000000001 6849.3
0.062088000000000004 5721.4
0.06191600000000001 4813.2
0.06174400000000001 3917.7
0.061572 3023.0
0.06140000000000001 2217.5
0.061228000000000005 1625.9
0.06105600000000001 1162.2
0.06088400000000001 919.8
0.060712 719.5
0.06054000000000001 620.6
0.060368000000000005 697.0
0.06019600000000001 926.2
0.06002400000000001 1279.7
0.059852 1963.7
0.05968000000000001 2782.7
0.059508000000000005 3548.8
0.059336000000000014 4436.3
0.05916400000000001 5598.8
0.058992 6604.4
0.05882000000000001 7872.7
0.058648000000000006 9537.7
0.058476000000000014 10966.5
0.05830400000000001 13002.3
0.058132 14347.5
0.05796000000000001 15740.1
0.057788000000000006 16795.2
0.057616000000000014 17749.3
0.05744400000000001 20424.1
0.057272 22602.2
0.05710000000000001 23761.0
0.056928000000000006 24908.2
0.056756 25390.1
0.05658400000000001 27057.1
0.056412000000000004 28368.2
0.05624000000000001 30367.2
0.05606800000000001 32218.3
0.055896 33418.7
0.05572400000000001 33909.6
0.055552000000000004 33830.3
0.05538000000000001 33526.0
0.05520800000000001 35277.1
0.055036 37225.9
0.05486400000000001 37752.6
0.054692000000000005 39057.4
0.05452000000000001 38474.6
0.05434800000000001 37228.6
0.054176 37014.4
0.05400400000000001 37730.4
0.053832000000000005 39466.9
0.05366000000000001 40497.7
0.05348800000000001 40234.9
0.053316 40635.6
0.05314400000000001 39384.0
0.052972000000000005 38329.8
0.052800000000000014 38378.1
0.05262800000000001 38840.4
0.052456 38856.3
0.05228400000000001 39299.3
0.052112000000000006 38610.9
0.051940000000000014 37303.9
0.05176800000000001 36008.9
0.051596 34727.2
0.05142400000000001 34645.5
0.051252000000000006 34665.5
0.051080000000000014 33664.3
0.05090800000000001 32894.0
0.050736 30380.5
0.05056400000000001 27319.4
0.04746800000000001 2293.4
0.047296000000000005 1548.6
0.04712400000000001 1051.0
0.04695200000000001 741.4
0.04678 668.8
0.04660800000000001 842.8
0.046436000000000005 1300.9
0.04626400000000001 1982.0
0.04609200000000001 2884.4
0.04592 4171.9
0.04574800000000001 5776.0
0.045576000000000005 7716.0
0.045404000000000014 9517.0
0.04523200000000001 10890.6
0.04506 12645.1
0.04488800000000001 14589.5
0.044716000000000006 17185.2
0.044544 18786.9
0.04437200000000001 21582.6
0.0442 23969.3
0.04402800000000001 25252.5
0.043856000000000006 27036.5
0.043684 29230.6
0.04351200000000001 30733.0
0.043340000000000004 31712.8
0.04316800000000001 34170.7
0.042996000000000006 36082.2
0.042824 38219.6
0.04265200000000001 39468.1
0.042480000000000004 39653.0
0.04230800000000001 40491.2
0.04213600000000001 40325.2
0.041964 41304.7
0.04179200000000001 43483.4
0.041620000000000004 44764.2
0.04144800000000001 44627.4
0.04127600000000001 45283.1
0.041104 45890.7
0.04093200000000001 44844.2
0.040760000000000005 45316.5
0.04058800000000001 45999.2
0.04041600000000001 45586.1
0.040244 46638.5
0.04007200000000001 47016.3
0.039900000000000005 46385.7
0.03972800000000001 46990.5
0.03955600000000001 47648.8
0.039384 45811.0
0.03921200000000001 44998.2
0.039040000000000005 44731.7
0.038868000000000014 43978.2
0.03869600000000001 43635.6
0.038524 44133.3
0.03835200000000001 42860.7
0.038180000000000006 43439.2
0.038008 43452.8
0.03783600000000001 40626.3
0.037664 40997.1
0.03749200000000001 39524.9
0.037320000000000006 36297.7
0.037148 36681.0
0.03697600000000001 35891.4
0.036804 33764.3
0.03663200000000001 33479.2
0.036460000000000006 32546.2
0.036288 30878.7
0.03611600000000001 28678.9
0.035944000000000004 27562.5
0.03577200000000001 25983.2
0.03560000000000001 22899.0
0.035428 21221.2
0.03525600000000001 19307.0
0.035084000000000004 16725.9
0.03491200000000001 15294.0
0.03474000000000001 14131.3
0.034568 11451.2
0.03439600000000001 9297.8
0.034224000000000004 7440.1
0.03405200000000001 5193.7
0.03388000000000001 3486.3
0.033708 2346.2
0.03353600000000001 1318.1
0.033364000000000005 750.2
0.03319200000000001 530.5
0.03302000000000001 727.6
0.032848 1409.5
0.03267600000000001 2497.4
0.032504000000000005 3864.2
0.032332000000000014 5811.4
0.03216000000000001 7545.9
0.031988 9722.0
0.03181600000000001 12481.7
0.031644000000000005 14913.9
0.031472 17224.0
0.03130000000000001 20094.7
0.031128000000000003 22897.5
0.03095600000000001 22380.4
0.030784000000000006 23333.5
0.030612 24299.9
0.03044000000000001 31018.1
0.030268000000000003 31498.9
0.03009600000000001 32809.4
0.029924000000000006 33474.3
0.029752 35956.6
0.02958000000000001 37437.7
0.029408000000000004 39463.3
0.029236000000000012 41380.9
0.029064000000000006 42612.0
0.028892 43734.5
0.02872000000000001 44267.6
0.028548000000000004 44605.3
0.028376000000000012 44213.8
0.028204000000000007 44367.5
0.028032 45765.0
0.02786000000000001 47093.6
0.027688000000000004 47067.3
0.027516000000000013 48131.3
0.027344000000000007 49528.5
0.027172 50029.0
0.02700000000000001 49805.7
0.026828000000000005 49729.2
0.026656000000000013 49369.7
0.026484000000000008 48707.4
0.026312000000000002 47924.6
0.02614000000000001 47419.1
0.025968000000000005 46647.5
0.025796 45884.4
0.025624000000000008 45061.7
0.025452000000000002 44511.1
0.02528000000000001 45163.1
0.025108000000000005 44776.1
0.024936 44229.0
0.024764000000000008 43227.8
0.024592000000000003 43329.8
0.02442000000000001 42947.8
0.024248000000000006 41547.8
0.024076 40554.4
0.02390400000000001 41281.4
0.023732000000000003 41020.3
0.02356000000000001 40181.7
0.023388000000000006 39257.3
0.023216 40148.0
0.02304400000000001 40749.6
0.022872000000000003 41629.2
0.022700000000000012 41139.3
0.022528000000000006 41528.0
0.022356 42638.1
0.02218400000000001 43297.6
0.022012000000000004 42740.2
0.021840000000000012 42307.3
0.021668000000000007 41499.4
0.021496 42554.5
0.02132400000000001 42964.5
0.021152000000000004 42021.9
0.020980000000000013 41466.1
0.020808000000000007 40791.6
0.020636 40969.0
0.02046400000000001 40874.3
0.020292000000000004 39342.4
0.020120000000000013 39539.3
0.019948000000000007 39608.1
0.019776000000000002 38749.7
0.01960400000000001 36919.4
0.019432000000000005 34382.0
0.01926 32709.6
0.019088000000000008 31543.7
0.018916000000000002 31356.0
0.01874400000000001 29047.9
0.018572000000000005 27783.3
0.0184 27768.5
0.018228000000000008 26551.5
0.018056000000000003 25605.5
0.01788400000000001 23073.0
0.017712000000000006 20341.3
0.01754 18984.2
0.01736800000000001 17649.1
0.017196000000000003 16023.4
0.01702400000000001 14119.1
0.016852000000000006 10884.7
0.01668 7480.0
0.01650800000000001 5519.8
0.016336000000000003 5887.4
0.01616400000000001 7796.5
0.015992000000000006 7923.3
0.01582 6919.1
0.01564800000000001 8904.4
0.015476000000000004 13305.4
0.015304000000000012 19900.8
0.015132000000000007 26119.9
0.014960000000000001 31782.9
0.01478800000000001 36409.7
0.014616000000000004 39828.1
0.014444000000000012 43822.0
0.014272000000000007 46354.4
0.014100000000000001 45401.8
0.011004 38378.0
0.010832000000000008 39373.6
0.010660000000000003 38194.3
0.010488000000000011 36348.0
0.010316000000000006 34207.8
0.010144 32135.1
0.009972000000000009 29812.1
0.009800000000000003 26864.0
0.009628000000000012 24507.5
0.009456000000000006 21869.5
0.009284 18232.5
0.009112000000000009 14989.6
0.008940000000000003 12664.4
0.008768000000000012 10764.2
0.008596000000000006 10350.4
0.008424000000000001 11268.9
0.00825200000000001 13391.9
0.008080000000000004 15226.9
0.007908000000000012 17198.2
0.007736000000000007 18691.1
0.007564000000000001 21191.1
0.00739200000000001 23199.4
0.007220000000000004 25641.1
0.007047999999999999 27575.9
0.006876000000000007 29123.3
0.006704000000000002 30513.4
0.00653200000000001 31768.4
0.0063600000000000045 32433.2
0.006187999999999999 34094.9
0.0060160000000000075 35248.8
0.005844000000000002 37160.8
0.00567200000000001 38753.9
0.005500000000000005 40795.5
0.005327999999999999 44569.4
0.005156000000000008 48832.8
0.004984000000000002 51695.7
0.004812000000000011 54161.9
0.004640000000000005 58658.1
0.004468 62180.1
0.004296000000000008 66861.7
0.004124000000000003 67713.5
0.003952000000000011 69372.4
0.0037800000000000056 70648.7
0.003608 71212.7
0.0034360000000000085 71156.2
0.003264000000000003 71007.0
0.0030920000000000045 71711.0
0.002920000000000006 71333.2
0.0027480000000000074 69982.0
0.002576000000000009 70382.3
0.0024040000000000034 69633.3
0.002232000000000005 69475.4
0.0020600000000000063 67246.3
0.0018880000000000077 64594.7
0.0017160000000000022 62337.1
0.0015440000000000037 59752.9
0.0013720000000000052 57882.0
0.0012000000000000066 52002.8
0.001028000000000008 49730.8
0.0008560000000000026 45533.1
0.000684000000000004 43697.9
0.0005120000000000055 44305.3
0.00034000000000000696 46049.0
0.00016800000000000842 46922.8
