0.0829 38.5
0.082728 36.7
0.08255600000000002 35.2
0.08238400000000001 32.8
0.08221200000000001 32.0
0.08204 31.0
0.081868 30.6
0.08169600000000002 31.0
0.08152400000000001 30.1
0.08135200000000001 29.5
0.08118 28.1
0.081008 31.6
0.08083600000000002 32.7
0.08066400000000001 32.4
0.08049200000000001 35.9
0.08032 37.8
0.080148 36.8
0.07997600000000002 38.8
0.07980400000000001 34.3
0.07963200000000001 42.3
0.07946 41.4
0.079288 44.7
0.07911600000000002 43.7
0.07894400000000001 45.5
0.07877200000000001 49.7
0.0786 51.6
0.078428 48.9
0.07825600000000002 54.8
0.07808400000000001 63.2
0.07791200000000001 61.0
0.07774 59.6
0.077568 57.5
0.07739600000000002 63.5
0.07722400000000001 70.6
0.07705200000000001 70.4
0.07688 72.9
0.076708 82.7
0.07653600000000002 94.6
0.07636400000000002 96.7
0.07619200000000001 83.1
0.07602 93.7
0.075848 95.2
0.07567600000000002 93.7
0.07550400000000002 94.1
0.07533200000000001 102.7
0.07516 109.8
0.074988 109.9
0.07481600000000002 101.5
0.07464400000000002 109.7
0.07447200000000001 107.4
0.0743 120.0
0.074128 115.1
0.07395600000000002 109.2
0.07378400000000002 106.6
0.07361200000000001 111.7
0.07344 118.6
0.073268 115.3
0.073096 109.7
0.07292400000000002 111.0
0.07275200000000001 102.5
0.07258 97.1
0.072408 91.2
0.072236 94.6
0.07206400000000002 100.2
0.07189200000000001 97.5
0.07172 105.6
0.071548 99.4
0.071376 94.6
0.07120400000000002 104.4
0.07103200000000001 97.7
0.07086 88.5
0.070688 95.8
0.070516 94.6
0.07034400000000002 96.0
0.07017200000000001 90.4
0.07 83.0
0.069828 76.9
0.069656 74.0
0.06948400000000002 70.9
0.06931200000000001 67.4
0.06914000000000001 66.1
0.068968 64.7
0.068796 58.1
0.06862400000000002 63.2
0.06845200000000001 60.1
0.06828000000000001 52.5
0.068108 49.9
0.067936 50.0
0.06776400000000002 46.9
0.06759200000000001 47.6
0.06742000000000001 46.5
0.067248 46.8
0.067076 46.7
0.06690400000000002 52.5
0.06673200000000001 48.9
0.06656000000000001 56.7
0.066388 53.2
0.066216 56.0
0.06604400000000002 59.9
0.06587200000000001 57.5
0.06570000000000001 55.6
0.065528 63.0
0.06535600000000001 69.5
0.065184 71.3
0.06501200000000001 80.9
0.06484000000000001 80.2
0.064668 83.9
0.06449600000000001 83.3
0.064324 87.0
0.06415200000000001 97.1
0.06398000000000001 94.0
0.063808 94.6
0.06363600000000001 97.1
0.063464 113.3
0.063292 115.7
0.06312000000000001 117.3
0.062948 124.0
0.06277600000000001 124.0
0.062604 130.1
0.062432 133.8
0.06226000000000001 134.2
0.062088000000000004 138.3
0.06191600000000001 153.4
0.06174400000000001 168.4
0.061572 181.1
0.06140000000000001 182.0
0.061228000000000005 193.7
0.06105600000000001 184.5
0.06088400000000001 194.2
0.060712 189.9
0.06054000000000001 192.9
0.060368000000000005 180.3
0.06019600000000001 189.5
0.06002400000000001 198.7
0.059852 205.5
0.05968000000000001 221.8
0.059508000000000005 216.3
0.059336000000000014 221.5
0.05916400000000001 243.3
0.058992 257.0
0.05882000000000001 250.3
0.058648000000000006 241.5
0.058476000000000014 224.3
0.05830400000000001 218.2
0.058132 219.3
0.05796000000000001 219.5
0.057788000000000006 206.4
0.057616000000000014 193.0
0.05744400000000001 185.0
0.057272 179.2
0.05710000000000001 186.4
0.056928000000000006 195.1
0.056756 191.5
0.05658400000000001 176.0
0.056412000000000004 173.2
0.05624000000000001 175.5
0.05606800000000001 167.4
0.055896 172.8
0.05572400000000001 179.5
0.055552000000000004 192.9
0.05538000000000001 193.0
0.05520800000000001 188.8
0.055036 197.2
0.05486400000000001 186.9
0.054692000000000005 188.7
0.05452000000000001 180.4
0.05434800000000001 167.1
0.054176 173.0
0.05400400000000001 176.1
0.053832000000000005 162.0
0.05366000000000001 145.9
0.05348800000000001 131.7
0.053316 122.6
0.05314400000000001 119.8
0.052972000000000005 124.9
0.052800000000000014 112.6
0.05262800000000001 100.9
0.052456 93.8
0.05228400000000001 80.9
0.052112000000000006 86.8
0.051940000000000014 82.8
0.05176800000000001 83.2
0.051596 78.9
0.05142400000000001 77.7
0.051252000000000006 83.5
0.051080000000000014 82.8
0.05090800000000001 97.2
0.050736 116.4
0.05056400000000001 130.4
0.04746800000000001 342.6
0.047296000000000005 375.4
0.04712400000000001 416.1
0.04695200000000001 434.7
0.04678 493.5
0.04660800000000001 510.1
0.046436000000000005 563.2
0.04626400000000001 580.5
0.04609200000000001 561.0
0.04592 554.0
0.04574800000000001 525.6
0.045576000000000005 489.3
0.045404000000000014 471.9
0.04523200000000001 441.9
0.04506 421.0
0.04488800000000001 369.9
0.044716000000000006 317.6
0.044544 301.6
0.04437200000000001 291.4
0.0442 272.8
0.04402800000000001 253.4
0.043856000000000006 254.8
0.043684 228.2
0.04351200000000001 219.0
0.043340000000000004 214.1
0.04316800000000001 211.0
0.042996000000000006 193.6
0.042824 187.4
0.04265200000000001 182.7
0.042480000000000004 184.6
0.04230800000000001 175.7
0.04213600000000001 168.7
0.041964 165.3
0.04179200000000001 161.0
0.041620000000000004 166.0
0.04144800000000001 152.5
0.04127600000000001 146.8
0.041104 143.8
0.04093200000000001 140.0
0.040760000000000005 139.4
0.04058800000000001 138.8
0.04041600000000001 136.9
0.040244 137.6
0.04007200000000001 141.5
0.039900000000000005 128.0
0.03972800000000001 126.1
0.03955600000000001 127.3
0.039384 134.6
0.03921200000000001 136.3
0.039040000000000005 136.1
0.038868000000000014 146.2
0.03869600000000001 152.5
0.038524 157.0
0.03835200000000001 162.3
0.038180000000000006 178.7
0.038008 190.4
0.03783600000000001 193.3
0.037664 195.5
0.03749200000000001 189.9
0.037320000000000006 185.7
0.037148 194.2
0.03697600000000001 204.2
0.036804 220.1
0.03663200000000001 224.7
0.036460000000000006 236.2
0.036288 258.6
0.03611600000000001 284.8
0.035944000000000004 278.9
0.03577200000000001 296.4
0.03560000000000001 306.7
0.035428 322.2
0.03525600000000001 336.7
0.035084000000000004 339.1
0.03491200000000001 331.4
0.03474000000000001 353.0
0.034568 341.9
0.03439600000000001 342.6
0.034224000000000004 379.4
0.03405200000000001 375.6
0.03388000000000001 415.6
0.033708 455.3
0.03353600000000001 490.2
0.033364000000000005 515.9
0.03319200000000001 570.5
0.03302000000000001 587.9
0.032848 594.5
0.03267600000000001 653.1
0.032504000000000005 667.8
0.032332000000000014 702.7
0.03216000000000001 759.6
0.031988 800.1
0.03181600000000001 848.6
0.031644000000000005 868.4
0.031472 882.9
0.03130000000000001 928.7
0.031128000000000003 961.0
0.03095600000000001 1006.1
0.030784000000000006 1040.2
0.030612 1073.8
0.03044000000000001 1179.5
0.030268000000000003 1265.6
0.03009600000000001 1355.4
0.029924000000000006 1400.8
0.029752 1471.1
0.02958000000000001 1536.6
0.029408000000000004 1644.3
0.029236000000000012 1660.2
0.029064000000000006 1698.8
0.028892 1684.8
0.02872000000000001 1641.0
0.028548000000000004 1525.3
0.028376000000000012 1451.5
0.028204000000000007 1320.9
0.028032 1244.6
0.02786000000000001 1198.8
0.027688000000000004 1124.1
0.027516000000000013 1074.2
0.027344000000000007 1118.4
0.027172 1090.4
0.02700000000000001 1086.9
0.026828000000000005 1062.7
0.026656000000000013 1041.1
0.026484000000000008 1091.9
0.026312000000000002 1166.4
0.02614000000000001 1238.8
0.025968000000000005 1266.1
0.025796 1281.7
0.025624000000000008 1356.2
0.025452000000000002 1355.9
0.02528000000000001 1316.5
0.025108000000000005 1236.0
0.024936 1199.2
0.024764000000000008 1038.0
0.024592000000000003 955.6
0.02442000000000001 863.2
0.024248000000000006 791.8
0.024076 727.5
0.02390400000000001 687.6
0.023732000000000003 658.5
0.02356000000000001 619.3
0.023388000000000006 572.2
0.023216 547.6
0.02304400000000001 537.7
0.022872000000000003 490.8
0.022700000000000012 437.2
0.022528000000000006 364.3
0.022356 274.4
0.02218400000000001 202.4
0.022012000000000004 156.7
0.021840000000000012 142.9
0.021668000000000007 158.9
0.021496 178.3
0.02132400000000001 220.4
0.021152000000000004 309.3
0.020980000000000013 379.6
0.020808000000000007 431.6
0.020636 519.4
0.02046400000000001 621.8
0.020292000000000004 623.2
0.020120000000000013 600.2
0.019948000000000007 631.0
0.019776000000000002 614.4
0.01960400000000001 560.3
0.019432000000000005 505.4
0.01926 456.8
0.019088000000000008 383.9
0.018916000000000002 354.0
0.01874400000000001 373.7
0.018572000000000005 408.1
0.0184 442.2
0.018228000000000008 450.0
0.018056000000000003 452.5
0.01788400000000001 543.3
0.017712000000000006 598.0
0.01754 660.2
0.01736800000000001 692.1
0.017196000000000003 775.0
0.01702400000000001 889.2
0.016852000000000006 977.4
0.01668 1072.0
0.01650800000000001 1131.0
0.016336000000000003 1072.2
0.01616400000000001 1023.1
0.015992000000000006 1013.3
0.01582 995.3
0.01564800000000001 1024.5
0.015476000000000004 1023.2
0.015304000000000012 986.7
0.015132000000000007 918.2
0.014960000000000001 966.0
0.01478800000000001 1054.5
0.014616000000000004 1183.1
0.014444000000000012 1418.8
0.014272000000000007 1890.8
0.014100000000000001 2518.2
0.011004 5670.2
0.010832000000000008 6262.4
0.010660000000000003 6543.0
0.010488000000000011 6821.5
0.010316000000000006 6908.3
0.010144 6755.2
0.009972000000000009 6694.0
0.009800000000000003 6576.5
0.009628000000000012 6416.8
0.009456000000000006 6121.4
0.009284 5779.2
0.009112000000000009 5406.9
0.008940000000000003 5109.7
0.008768000000000012 4895.7
0.008596000000000006 4652.6
0.008424000000000001 4434.6
0.00825200000000001 4169.1
0.008080000000000004 3746.9
0.007908000000000012 3115.8
0.007736000000000007 2355.9
0.007564000000000001 1790.3
0.00739200000000001 1578.3
0.007220000000000004 1603.1
0.007047999999999999 1729.1
0.006876000000000007 1881.7
0.006704000000000002 2035.6
0.00653200000000001 2221.0
0.0063600000000000045 2484.4
0.006187999999999999 2762.8
0.0060160000000000075 3097.1
0.005844000000000002 3466.0
0.00567200000000001 3819.5
0.005500000000000005 4245.6
0.005327999999999999 4691.6
0.005156000000000008 5297.0
0.004984000000000002 5831.9
0.004812000000000011 6286.9
0.004640000000000005 6488.9
0.004468 6763.6
0.004296000000000008 6581.2
0.004124000000000003 6340.6
0.003952000000000011 5993.4
0.0037800000000000056 5482.5
0.003608 5101.3
0.0034360000000000085 4695.3
0.003264000000000003 4378.3
0.0030920000000000045 4114.8
0.002920000000000006 4023.8
0.0027480000000000074 3937.6
0.002576000000000009 4049.4
0.0024040000000000034 4159.8
0.002232000000000005 4403.7
0.0020600000000000063 4711.4
0.0018880000000000077 4952.1
0.0017160000000000022 5211.6
0.0015440000000000037 5434.2
0.0013720000000000052 5567.9
0.0012000000000000066 5607.0
0.001028000000000008 5363.6
0.0008560000000000026 5074.5
0.000684000000000004 4530.2
0.0005120000000000055 4019.5
0.00034000000000000696 3608.1
0.00016800000000000842 3140.7
