1.043000000000000000e+03 0.000000000000000000e+00
1.042000000000000000e+03 0.000000000000000000e+00
1.041000000000000000e+03 0.000000000000000000e+00
1.040000000000000000e+03 0.000000000000000000e+00
1.039000000000000000e+03 0.000000000000000000e+00
1.038000000000000000e+03 0.000000000000000000e+00
1.037000000000000000e+03 0.000000000000000000e+00
1.036000000000000000e+03 0.000000000000000000e+00
1.035000000000000000e+03 0.000000000000000000e+00
1.034000000000000000e+03 0.000000000000000000e+00
1.033000000000000000e+03 0.000000000000000000e+00
1.032000000000000000e+03 1.000000000000000000e+00
1.031000000000000000e+03 0.000000000000000000e+00
1.030000000000000000e+03 0.000000000000000000e+00
1.029000000000000000e+03 0.000000000000000000e+00
1.028000000000000000e+03 1.000000000000000000e+00
1.027000000000000000e+03 0.000000000000000000e+00
1.026000000000000000e+03 0.000000000000000000e+00
1.025000000000000000e+03 0.000000000000000000e+00
1.024000000000000000e+03 0.000000000000000000e+00
1.023000000000000000e+03 0.000000000000000000e+00
1.022000000000000000e+03 0.000000000000000000e+00
1.021000000000000000e+03 0.000000000000000000e+00
1.020000000000000000e+03 0.000000000000000000e+00
1.019000000000000000e+03 0.000000000000000000e+00
1.018000000000000000e+03 0.000000000000000000e+00
1.017000000000000000e+03 0.000000000000000000e+00
1.016000000000000000e+03 1.000000000000000000e+00
1.015000000000000000e+03 0.000000000000000000e+00
1.014000000000000000e+03 0.000000000000000000e+00
1.013000000000000000e+03 0.000000000000000000e+00
1.012000000000000000e+03 0.000000000000000000e+00
1.011000000000000000e+03 0.000000000000000000e+00
1.010000000000000000e+03 0.000000000000000000e+00
1.009000000000000000e+03 0.000000000000000000e+00
1.008000000000000000e+03 0.000000000000000000e+00
1.007000000000000000e+03 0.000000000000000000e+00
1.006000000000000000e+03 0.000000000000000000e+00
1.005000000000000000e+03 0.000000000000000000e+00
1.004000000000000000e+03 0.000000000000000000e+00
1.003000000000000000e+03 0.000000000000000000e+00
1.002000000000000000e+03 0.000000000000000000e+00
1.001000000000000000e+03 0.000000000000000000e+00
1.000000000000000000e+03 0.000000000000000000e+00
9.990000000000000000e+02 0.000000000000000000e+00
9.980000000000000000e+02 0.000000000000000000e+00
9.970000000000000000e+02 0.000000000000000000e+00
9.960000000000000000e+02 0.000000000000000000e+00
9.950000000000000000e+02 0.000000000000000000e+00
9.940000000000000000e+02 0.000000000000000000e+00
9.930000000000000000e+02 0.000000000000000000e+00
9.920000000000000000e+02 0.000000000000000000e+00
9.910000000000000000e+02 0.000000000000000000e+00
9.900000000000000000e+02 0.000000000000000000e+00
9.890000000000000000e+02 0.000000000000000000e+00
9.880000000000000000e+02 0.000000000000000000e+00
9.870000000000000000e+02 0.000000000000000000e+00
9.860000000000000000e+02 0.000000000000000000e+00
9.850000000000000000e+02 0.000000000000000000e+00
9.840000000000000000e+02 0.000000000000000000e+00
9.830000000000000000e+02 0.000000000000000000e+00
9.820000000000000000e+02 0.000000000000000000e+00
9.810000000000000000e+02 0.000000000000000000e+00
9.800000000000000000e+02 0.000000000000000000e+00
9.790000000000000000e+02 0.000000000000000000e+00
9.780000000000000000e+02 0.000000000000000000e+00
9.770000000000000000e+02 0.000000000000000000e+00
9.760000000000000000e+02 0.000000000000000000e+00
9.750000000000000000e+02 0.000000000000000000e+00
9.740000000000000000e+02 0.000000000000000000e+00
9.730000000000000000e+02 0.000000000000000000e+00
9.720000000000000000e+02 0.000000000000000000e+00
9.710000000000000000e+02 0.000000000000000000e+00
9.700000000000000000e+02 0.000000000000000000e+00
9.690000000000000000e+02 0.000000000000000000e+00
9.680000000000000000e+02 0.000000000000000000e+00
9.670000000000000000e+02 0.000000000000000000e+00
9.660000000000000000e+02 0.000000000000000000e+00
9.650000000000000000e+02 0.000000000000000000e+00
9.640000000000000000e+02 0.000000000000000000e+00
9.630000000000000000e+02 0.000000000000000000e+00
9.620000000000000000e+02 0.000000000000000000e+00
9.610000000000000000e+02 0.000000000000000000e+00
9.600000000000000000e+02 0.000000000000000000e+00
9.590000000000000000e+02 0.000000000000000000e+00
9.580000000000000000e+02 0.000000000000000000e+00
9.570000000000000000e+02 0.000000000000000000e+00
9.560000000000000000e+02 0.000000000000000000e+00
9.550000000000000000e+02 1.000000000000000000e+00
9.540000000000000000e+02 1.000000000000000000e+00
9.530000000000000000e+02 0.000000000000000000e+00
9.520000000000000000e+02 0.000000000000000000e+00
9.510000000000000000e+02 0.000000000000000000e+00
9.500000000000000000e+02 0.000000000000000000e+00
9.490000000000000000e+02 2.000000000000000000e+00
9.480000000000000000e+02 1.000000000000000000e+00
9.470000000000000000e+02 0.000000000000000000e+00
9.460000000000000000e+02 1.000000000000000000e+00
9.450000000000000000e+02 2.000000000000000000e+00
9.440000000000000000e+02 1.000000000000000000e+00
9.430000000000000000e+02 0.000000000000000000e+00
9.420000000000000000e+02 0.000000000000000000e+00
9.410000000000000000e+02 0.000000000000000000e+00
9.400000000000000000e+02 1.000000000000000000e+00
9.390000000000000000e+02 0.000000000000000000e+00
9.380000000000000000e+02 0.000000000000000000e+00
9.370000000000000000e+02 0.000000000000000000e+00
9.360000000000000000e+02 2.000000000000000000e+00
9.350000000000000000e+02 1.000000000000000000e+00
9.340000000000000000e+02 6.000000000000000000e+00
9.330000000000000000e+02 4.000000000000000000e+00
9.320000000000000000e+02 0.000000000000000000e+00
9.310000000000000000e+02 0.000000000000000000e+00
9.300000000000000000e+02 2.000000000000000000e+00
9.290000000000000000e+02 2.000000000000000000e+00
9.280000000000000000e+02 0.000000000000000000e+00
9.270000000000000000e+02 0.000000000000000000e+00
9.260000000000000000e+02 1.000000000000000000e+00
9.250000000000000000e+02 1.000000000000000000e+00
9.240000000000000000e+02 2.000000000000000000e+00
9.230000000000000000e+02 2.000000000000000000e+00
9.220000000000000000e+02 0.000000000000000000e+00
9.210000000000000000e+02 1.000000000000000000e+00
9.200000000000000000e+02 0.000000000000000000e+00
9.190000000000000000e+02 0.000000000000000000e+00
9.180000000000000000e+02 1.000000000000000000e+00
9.170000000000000000e+02 3.000000000000000000e+00
9.160000000000000000e+02 1.000000000000000000e+00
9.150000000000000000e+02 2.000000000000000000e+00
9.140000000000000000e+02 0.000000000000000000e+00
9.130000000000000000e+02 1.000000000000000000e+00
9.120000000000000000e+02 0.000000000000000000e+00
9.110000000000000000e+02 0.000000000000000000e+00
9.100000000000000000e+02 0.000000000000000000e+00
9.090000000000000000e+02 0.000000000000000000e+00
9.080000000000000000e+02 0.000000000000000000e+00
9.070000000000000000e+02 0.000000000000000000e+00
9.060000000000000000e+02 0.000000000000000000e+00
9.050000000000000000e+02 0.000000000000000000e+00
9.040000000000000000e+02 0.000000000000000000e+00
9.030000000000000000e+02 0.000000000000000000e+00
9.020000000000000000e+02 0.000000000000000000e+00
9.010000000000000000e+02 0.000000000000000000e+00
9.000000000000000000e+02 0.000000000000000000e+00
8.990000000000000000e+02 0.000000000000000000e+00
8.980000000000000000e+02 1.000000000000000000e+00
8.970000000000000000e+02 0.000000000000000000e+00
8.960000000000000000e+02 0.000000000000000000e+00
8.950000000000000000e+02 0.000000000000000000e+00
8.940000000000000000e+02 0.000000000000000000e+00
8.930000000000000000e+02 0.000000000000000000e+00
8.920000000000000000e+02 0.000000000000000000e+00
8.910000000000000000e+02 0.000000000000000000e+00
8.900000000000000000e+02 0.000000000000000000e+00
8.890000000000000000e+02 0.000000000000000000e+00
8.880000000000000000e+02 0.000000000000000000e+00
8.870000000000000000e+02 1.000000000000000000e+00
8.860000000000000000e+02 3.000000000000000000e+00
8.850000000000000000e+02 0.000000000000000000e+00
8.840000000000000000e+02 1.000000000000000000e+00
8.830000000000000000e+02 1.000000000000000000e+00
8.820000000000000000e+02 0.000000000000000000e+00
8.810000000000000000e+02 1.000000000000000000e+00
8.800000000000000000e+02 3.000000000000000000e+00
8.790000000000000000e+02 1.000000000000000000e+00
8.780000000000000000e+02 1.000000000000000000e+00
8.770000000000000000e+02 1.000000000000000000e+00
8.760000000000000000e+02 3.000000000000000000e+00
8.750000000000000000e+02 5.000000000000000000e+00
8.740000000000000000e+02 1.000000000000000000e+00
8.730000000000000000e+02 2.000000000000000000e+00
8.720000000000000000e+02 2.000000000000000000e+00
8.710000000000000000e+02 2.000000000000000000e+00
8.700000000000000000e+02 3.000000000000000000e+00
8.690000000000000000e+02 6.000000000000000000e+00
8.680000000000000000e+02 1.000000000000000000e+01
8.670000000000000000e+02 7.000000000000000000e+00
8.660000000000000000e+02 4.000000000000000000e+00
8.650000000000000000e+02 5.000000000000000000e+00
8.640000000000000000e+02 6.000000000000000000e+00
8.630000000000000000e+02 3.000000000000000000e+00
8.620000000000000000e+02 7.000000000000000000e+00
8.610000000000000000e+02 5.000000000000000000e+00
8.600000000000000000e+02 1.400000000000000000e+01
8.590000000000000000e+02 8.000000000000000000e+00
8.580000000000000000e+02 8.000000000000000000e+00
8.570000000000000000e+02 1.000000000000000000e+01
8.560000000000000000e+02 1.500000000000000000e+01
8.550000000000000000e+02 1.500000000000000000e+01
8.540000000000000000e+02 1.200000000000000000e+01
8.530000000000000000e+02 2.000000000000000000e+00
8.520000000000000000e+02 1.000000000000000000e+00
8.510000000000000000e+02 1.100000000000000000e+01
8.500000000000000000e+02 7.000000000000000000e+00
8.490000000000000000e+02 1.000000000000000000e+01
8.480000000000000000e+02 -1.000000000000000000e+00
8.470000000000000000e+02 -1.000000000000000000e+00
8.460000000000000000e+02 -1.000000000000000000e+00
8.450000000000000000e+02 -1.000000000000000000e+00
8.440000000000000000e+02 -1.000000000000000000e+00
8.430000000000000000e+02 -1.000000000000000000e+00
8.420000000000000000e+02 -1.000000000000000000e+00
8.410000000000000000e+02 -1.000000000000000000e+00
8.400000000000000000e+02 -1.000000000000000000e+00
8.390000000000000000e+02 -1.000000000000000000e+00
8.380000000000000000e+02 -1.000000000000000000e+00
8.370000000000000000e+02 -1.000000000000000000e+00
8.360000000000000000e+02 -1.000000000000000000e+00
8.350000000000000000e+02 -1.000000000000000000e+00
8.340000000000000000e+02 -1.000000000000000000e+00
8.330000000000000000e+02 -1.000000000000000000e+00
8.320000000000000000e+02 -1.000000000000000000e+00
8.310000000000000000e+02 4.980000000000000000e+02
8.300000000000000000e+02 4.600000000000000000e+02
8.290000000000000000e+02 4.340000000000000000e+02
8.280000000000000000e+02 5.090000000000000000e+02
8.270000000000000000e+02 4.620000000000000000e+02
8.260000000000000000e+02 3.410000000000000000e+02
8.250000000000000000e+02 2.830000000000000000e+02
8.240000000000000000e+02 2.600000000000000000e+02
8.230000000000000000e+02 2.590000000000000000e+02
8.220000000000000000e+02 2.240000000000000000e+02
8.210000000000000000e+02 2.830000000000000000e+02
8.200000000000000000e+02 2.770000000000000000e+02
8.190000000000000000e+02 2.500000000000000000e+02
8.180000000000000000e+02 2.770000000000000000e+02
8.170000000000000000e+02 2.590000000000000000e+02
8.160000000000000000e+02 2.330000000000000000e+02
8.150000000000000000e+02 2.260000000000000000e+02
8.140000000000000000e+02 2.470000000000000000e+02
8.130000000000000000e+02 2.580000000000000000e+02
8.120000000000000000e+02 3.280000000000000000e+02
8.110000000000000000e+02 3.500000000000000000e+02
8.100000000000000000e+02 3.530000000000000000e+02
8.090000000000000000e+02 4.260000000000000000e+02
8.080000000000000000e+02 4.490000000000000000e+02
8.070000000000000000e+02 5.110000000000000000e+02
8.060000000000000000e+02 5.730000000000000000e+02
8.050000000000000000e+02 6.230000000000000000e+02
8.040000000000000000e+02 5.920000000000000000e+02
8.030000000000000000e+02 6.600000000000000000e+02
8.020000000000000000e+02 7.490000000000000000e+02
8.010000000000000000e+02 6.580000000000000000e+02
8.000000000000000000e+02 7.110000000000000000e+02
7.990000000000000000e+02 8.220000000000000000e+02
7.980000000000000000e+02 1.080000000000000000e+03
7.970000000000000000e+02 1.103000000000000000e+03
7.960000000000000000e+02 1.088000000000000000e+03
7.950000000000000000e+02 1.149000000000000000e+03
7.940000000000000000e+02 1.393000000000000000e+03
7.930000000000000000e+02 1.266000000000000000e+03
7.920000000000000000e+02 1.401000000000000000e+03
7.910000000000000000e+02 1.454000000000000000e+03
7.900000000000000000e+02 1.732000000000000000e+03
7.890000000000000000e+02 1.824000000000000000e+03
7.880000000000000000e+02 1.598000000000000000e+03
7.870000000000000000e+02 1.523000000000000000e+03
7.860000000000000000e+02 1.521000000000000000e+03
7.850000000000000000e+02 1.587000000000000000e+03
7.840000000000000000e+02 1.686000000000000000e+03
7.830000000000000000e+02 2.051000000000000000e+03
7.820000000000000000e+02 2.504000000000000000e+03
7.810000000000000000e+02 2.360000000000000000e+03
7.800000000000000000e+02 2.098000000000000000e+03
7.790000000000000000e+02 1.859000000000000000e+03
7.780000000000000000e+02 1.993000000000000000e+03
7.770000000000000000e+02 2.140000000000000000e+03
7.760000000000000000e+02 2.155000000000000000e+03
7.750000000000000000e+02 2.013000000000000000e+03
7.740000000000000000e+02 2.050000000000000000e+03
7.730000000000000000e+02 2.210000000000000000e+03
7.720000000000000000e+02 2.331000000000000000e+03
7.710000000000000000e+02 2.401000000000000000e+03
7.700000000000000000e+02 2.319000000000000000e+03
7.690000000000000000e+02 2.380000000000000000e+03
7.680000000000000000e+02 2.310000000000000000e+03
7.670000000000000000e+02 2.208000000000000000e+03
7.660000000000000000e+02 2.123000000000000000e+03
7.650000000000000000e+02 1.928000000000000000e+03
7.640000000000000000e+02 1.671000000000000000e+03
7.630000000000000000e+02 1.577000000000000000e+03
7.620000000000000000e+02 1.673000000000000000e+03
7.610000000000000000e+02 1.817000000000000000e+03
7.600000000000000000e+02 2.019000000000000000e+03
7.590000000000000000e+02 2.083000000000000000e+03
7.580000000000000000e+02 1.983000000000000000e+03
7.570000000000000000e+02 1.613000000000000000e+03
7.560000000000000000e+02 1.287000000000000000e+03
7.550000000000000000e+02 1.072000000000000000e+03
7.540000000000000000e+02 1.116000000000000000e+03
7.530000000000000000e+02 1.143000000000000000e+03
7.520000000000000000e+02 1.237000000000000000e+03
7.510000000000000000e+02 1.107000000000000000e+03
7.500000000000000000e+02 1.168000000000000000e+03
7.490000000000000000e+02 1.218000000000000000e+03
7.480000000000000000e+02 1.237000000000000000e+03
7.470000000000000000e+02 9.260000000000000000e+02
7.460000000000000000e+02 7.900000000000000000e+02
7.450000000000000000e+02 7.800000000000000000e+02
7.440000000000000000e+02 7.720000000000000000e+02
7.430000000000000000e+02 6.790000000000000000e+02
7.420000000000000000e+02 4.890000000000000000e+02
7.410000000000000000e+02 4.330000000000000000e+02
7.400000000000000000e+02 4.590000000000000000e+02
7.390000000000000000e+02 4.920000000000000000e+02
7.380000000000000000e+02 4.970000000000000000e+02
7.370000000000000000e+02 5.170000000000000000e+02
7.360000000000000000e+02 5.890000000000000000e+02
7.350000000000000000e+02 5.410000000000000000e+02
7.340000000000000000e+02 5.250000000000000000e+02
7.330000000000000000e+02 5.090000000000000000e+02
7.320000000000000000e+02 4.450000000000000000e+02
7.310000000000000000e+02 4.270000000000000000e+02
7.300000000000000000e+02 4.530000000000000000e+02
7.290000000000000000e+02 4.850000000000000000e+02
7.280000000000000000e+02 5.480000000000000000e+02
7.270000000000000000e+02 7.010000000000000000e+02
7.260000000000000000e+02 9.300000000000000000e+02
7.250000000000000000e+02 1.061000000000000000e+03
7.240000000000000000e+02 1.002000000000000000e+03
7.230000000000000000e+02 8.490000000000000000e+02
7.220000000000000000e+02 9.820000000000000000e+02
7.210000000000000000e+02 1.277000000000000000e+03
7.200000000000000000e+02 1.446000000000000000e+03
7.190000000000000000e+02 1.358000000000000000e+03
7.180000000000000000e+02 1.385000000000000000e+03
7.170000000000000000e+02 1.448000000000000000e+03
7.160000000000000000e+02 1.665000000000000000e+03
7.150000000000000000e+02 2.032000000000000000e+03
7.140000000000000000e+02 2.233000000000000000e+03
7.130000000000000000e+02 2.077000000000000000e+03
7.120000000000000000e+02 2.170000000000000000e+03
7.110000000000000000e+02 2.353000000000000000e+03
7.100000000000000000e+02 2.617000000000000000e+03
7.090000000000000000e+02 2.689000000000000000e+03
7.080000000000000000e+02 2.688000000000000000e+03
7.070000000000000000e+02 2.710000000000000000e+03
7.060000000000000000e+02 2.535000000000000000e+03
7.050000000000000000e+02 2.746000000000000000e+03
7.040000000000000000e+02 3.213000000000000000e+03
7.030000000000000000e+02 3.549000000000000000e+03
7.020000000000000000e+02 3.583000000000000000e+03
7.010000000000000000e+02 3.686000000000000000e+03
7.000000000000000000e+02 3.716000000000000000e+03
6.990000000000000000e+02 3.688000000000000000e+03
6.980000000000000000e+02 3.554000000000000000e+03
6.970000000000000000e+02 3.770000000000000000e+03
6.960000000000000000e+02 3.275000000000000000e+03
6.950000000000000000e+02 3.187000000000000000e+03
6.940000000000000000e+02 3.186000000000000000e+03
6.930000000000000000e+02 3.572000000000000000e+03
6.920000000000000000e+02 3.813000000000000000e+03
6.910000000000000000e+02 3.875000000000000000e+03
6.900000000000000000e+02 4.030000000000000000e+03
6.890000000000000000e+02 4.073000000000000000e+03
6.880000000000000000e+02 3.793000000000000000e+03
6.870000000000000000e+02 3.477000000000000000e+03
6.860000000000000000e+02 3.273000000000000000e+03
6.850000000000000000e+02 3.169000000000000000e+03
6.840000000000000000e+02 3.322000000000000000e+03
6.830000000000000000e+02 3.446000000000000000e+03
6.820000000000000000e+02 3.410000000000000000e+03
6.810000000000000000e+02 2.835000000000000000e+03
6.800000000000000000e+02 2.500000000000000000e+03
6.790000000000000000e+02 2.369000000000000000e+03
6.780000000000000000e+02 2.406000000000000000e+03
6.770000000000000000e+02 2.450000000000000000e+03
6.760000000000000000e+02 2.351000000000000000e+03
6.750000000000000000e+02 2.110000000000000000e+03
6.740000000000000000e+02 1.978000000000000000e+03
6.730000000000000000e+02 1.810000000000000000e+03
6.720000000000000000e+02 1.794000000000000000e+03
6.710000000000000000e+02 1.738000000000000000e+03
6.700000000000000000e+02 1.731000000000000000e+03
6.690000000000000000e+02 1.437000000000000000e+03
6.680000000000000000e+02 1.294000000000000000e+03
6.670000000000000000e+02 1.178000000000000000e+03
6.660000000000000000e+02 9.970000000000000000e+02
6.650000000000000000e+02 8.640000000000000000e+02
6.640000000000000000e+02 7.320000000000000000e+02
6.630000000000000000e+02 7.130000000000000000e+02
6.620000000000000000e+02 6.160000000000000000e+02
6.610000000000000000e+02 5.720000000000000000e+02
6.600000000000000000e+02 4.810000000000000000e+02
6.590000000000000000e+02 3.340000000000000000e+02
6.580000000000000000e+02 2.940000000000000000e+02
6.570000000000000000e+02 2.920000000000000000e+02
6.560000000000000000e+02 3.260000000000000000e+02
6.550000000000000000e+02 3.420000000000000000e+02
6.540000000000000000e+02 3.760000000000000000e+02
6.530000000000000000e+02 3.310000000000000000e+02
6.520000000000000000e+02 3.730000000000000000e+02
6.510000000000000000e+02 4.960000000000000000e+02
6.500000000000000000e+02 5.520000000000000000e+02
6.490000000000000000e+02 5.860000000000000000e+02
6.480000000000000000e+02 6.380000000000000000e+02
6.470000000000000000e+02 6.530000000000000000e+02
6.460000000000000000e+02 7.660000000000000000e+02
6.450000000000000000e+02 8.040000000000000000e+02
6.440000000000000000e+02 9.830000000000000000e+02
6.430000000000000000e+02 1.126000000000000000e+03
6.420000000000000000e+02 1.323000000000000000e+03
6.410000000000000000e+02 1.344000000000000000e+03
6.400000000000000000e+02 1.464000000000000000e+03
6.390000000000000000e+02 1.757000000000000000e+03
6.380000000000000000e+02 1.966000000000000000e+03
6.370000000000000000e+02 2.121000000000000000e+03
6.360000000000000000e+02 -1.000000000000000000e+00
6.350000000000000000e+02 -1.000000000000000000e+00
6.340000000000000000e+02 -1.000000000000000000e+00
6.330000000000000000e+02 -1.000000000000000000e+00
6.320000000000000000e+02 -1.000000000000000000e+00
6.310000000000000000e+02 -1.000000000000000000e+00
6.300000000000000000e+02 -1.000000000000000000e+00
6.290000000000000000e+02 -1.000000000000000000e+00
6.280000000000000000e+02 -1.000000000000000000e+00
6.270000000000000000e+02 -1.000000000000000000e+00
6.260000000000000000e+02 -1.000000000000000000e+00
6.250000000000000000e+02 -1.000000000000000000e+00
6.240000000000000000e+02 -1.000000000000000000e+00
6.230000000000000000e+02 -1.000000000000000000e+00
6.220000000000000000e+02 -1.000000000000000000e+00
6.210000000000000000e+02 -1.000000000000000000e+00
6.200000000000000000e+02 -1.000000000000000000e+00
6.190000000000000000e+02 6.084000000000000000e+03
6.180000000000000000e+02 6.148000000000000000e+03
6.170000000000000000e+02 5.453000000000000000e+03
6.160000000000000000e+02 5.126000000000000000e+03
6.150000000000000000e+02 4.588000000000000000e+03
6.140000000000000000e+02 4.227000000000000000e+03
6.130000000000000000e+02 4.277000000000000000e+03
6.120000000000000000e+02 4.871000000000000000e+03
6.110000000000000000e+02 5.432000000000000000e+03
6.100000000000000000e+02 6.224000000000000000e+03
6.090000000000000000e+02 6.175000000000000000e+03
6.080000000000000000e+02 5.814000000000000000e+03
6.070000000000000000e+02 5.400000000000000000e+03
6.060000000000000000e+02 5.270000000000000000e+03
6.050000000000000000e+02 5.348000000000000000e+03
6.040000000000000000e+02 5.705000000000000000e+03
6.030000000000000000e+02 5.618000000000000000e+03
6.020000000000000000e+02 5.870000000000000000e+03
6.010000000000000000e+02 4.878000000000000000e+03
6.000000000000000000e+02 4.337000000000000000e+03
5.990000000000000000e+02 4.356000000000000000e+03
5.980000000000000000e+02 3.999000000000000000e+03
5.970000000000000000e+02 4.225000000000000000e+03
5.960000000000000000e+02 4.513000000000000000e+03
5.950000000000000000e+02 4.530000000000000000e+03
5.940000000000000000e+02 4.552000000000000000e+03
5.930000000000000000e+02 4.034000000000000000e+03
5.920000000000000000e+02 3.574000000000000000e+03
5.910000000000000000e+02 3.155000000000000000e+03
5.900000000000000000e+02 2.988000000000000000e+03
5.890000000000000000e+02 2.913000000000000000e+03
5.880000000000000000e+02 2.735000000000000000e+03
5.870000000000000000e+02 2.610000000000000000e+03
5.860000000000000000e+02 2.427000000000000000e+03
5.850000000000000000e+02 2.365000000000000000e+03
5.840000000000000000e+02 2.202000000000000000e+03
5.830000000000000000e+02 2.201000000000000000e+03
5.820000000000000000e+02 1.900000000000000000e+03
5.810000000000000000e+02 1.517000000000000000e+03
5.800000000000000000e+02 1.399000000000000000e+03
5.790000000000000000e+02 1.494000000000000000e+03
5.780000000000000000e+02 1.601000000000000000e+03
5.770000000000000000e+02 1.697000000000000000e+03
5.760000000000000000e+02 1.949000000000000000e+03
5.750000000000000000e+02 2.101000000000000000e+03
5.740000000000000000e+02 2.338000000000000000e+03
5.730000000000000000e+02 2.751000000000000000e+03
5.720000000000000000e+02 2.952000000000000000e+03
5.710000000000000000e+02 3.455000000000000000e+03
5.700000000000000000e+02 4.016000000000000000e+03
5.690000000000000000e+02 4.485000000000000000e+03
5.680000000000000000e+02 4.558000000000000000e+03
5.670000000000000000e+02 4.346000000000000000e+03
5.660000000000000000e+02 3.858000000000000000e+03
5.650000000000000000e+02 3.971000000000000000e+03
5.640000000000000000e+02 4.649000000000000000e+03
5.630000000000000000e+02 5.455000000000000000e+03
5.620000000000000000e+02 6.213000000000000000e+03
5.610000000000000000e+02 6.944000000000000000e+03
5.600000000000000000e+02 8.227000000000000000e+03
5.590000000000000000e+02 8.341000000000000000e+03
5.580000000000000000e+02 9.265000000000000000e+03
5.570000000000000000e+02 1.079400000000000000e+04
5.560000000000000000e+02 9.814000000000000000e+03
5.550000000000000000e+02 8.970000000000000000e+03
5.540000000000000000e+02 9.602000000000000000e+03
5.530000000000000000e+02 9.452000000000000000e+03
5.520000000000000000e+02 8.968000000000000000e+03
5.510000000000000000e+02 9.971000000000000000e+03
5.500000000000000000e+02 9.673000000000000000e+03
5.490000000000000000e+02 9.255000000000000000e+03
5.480000000000000000e+02 9.513000000000000000e+03
5.470000000000000000e+02 1.029200000000000000e+04
5.460000000000000000e+02 1.055100000000000000e+04
5.450000000000000000e+02 1.099100000000000000e+04
5.440000000000000000e+02 1.316100000000000000e+04
5.430000000000000000e+02 1.417200000000000000e+04
5.420000000000000000e+02 1.493500000000000000e+04
5.410000000000000000e+02 1.696500000000000000e+04
5.400000000000000000e+02 1.699100000000000000e+04
5.390000000000000000e+02 1.388700000000000000e+04
5.380000000000000000e+02 1.197800000000000000e+04
5.370000000000000000e+02 1.097500000000000000e+04
5.360000000000000000e+02 1.001700000000000000e+04
5.350000000000000000e+02 1.039500000000000000e+04
5.340000000000000000e+02 1.088000000000000000e+04
5.330000000000000000e+02 1.024700000000000000e+04
5.320000000000000000e+02 1.116200000000000000e+04
5.310000000000000000e+02 1.163300000000000000e+04
5.300000000000000000e+02 1.291700000000000000e+04
5.290000000000000000e+02 1.288700000000000000e+04
5.280000000000000000e+02 1.293000000000000000e+04
5.270000000000000000e+02 1.361300000000000000e+04
5.260000000000000000e+02 1.367400000000000000e+04
5.250000000000000000e+02 1.291000000000000000e+04
5.240000000000000000e+02 1.358900000000000000e+04
5.230000000000000000e+02 1.217800000000000000e+04
5.220000000000000000e+02 1.135500000000000000e+04
5.210000000000000000e+02 1.052100000000000000e+04
5.200000000000000000e+02 1.069000000000000000e+04
5.190000000000000000e+02 1.105300000000000000e+04
5.180000000000000000e+02 1.130300000000000000e+04
5.170000000000000000e+02 1.173200000000000000e+04
5.160000000000000000e+02 1.320100000000000000e+04
5.150000000000000000e+02 1.331600000000000000e+04
5.140000000000000000e+02 1.350700000000000000e+04
5.130000000000000000e+02 1.262400000000000000e+04
5.120000000000000000e+02 1.173600000000000000e+04
5.110000000000000000e+02 1.042800000000000000e+04
5.100000000000000000e+02 9.399000000000000000e+03
5.090000000000000000e+02 8.684000000000000000e+03
5.080000000000000000e+02 8.917000000000000000e+03
5.070000000000000000e+02 8.107000000000000000e+03
5.060000000000000000e+02 7.899000000000000000e+03
5.050000000000000000e+02 8.088000000000000000e+03
5.040000000000000000e+02 8.288000000000000000e+03
5.030000000000000000e+02 7.176000000000000000e+03
5.020000000000000000e+02 6.339000000000000000e+03
5.010000000000000000e+02 5.788000000000000000e+03
5.000000000000000000e+02 5.387000000000000000e+03
4.990000000000000000e+02 5.256000000000000000e+03
4.980000000000000000e+02 6.654000000000000000e+03
4.970000000000000000e+02 8.594000000000000000e+03
4.960000000000000000e+02 1.077400000000000000e+04
4.950000000000000000e+02 1.265000000000000000e+04
4.940000000000000000e+02 1.402200000000000000e+04
4.930000000000000000e+02 1.404000000000000000e+04
4.920000000000000000e+02 1.379600000000000000e+04
4.910000000000000000e+02 1.287700000000000000e+04
4.900000000000000000e+02 1.330400000000000000e+04
4.890000000000000000e+02 1.366300000000000000e+04
4.880000000000000000e+02 1.435900000000000000e+04
4.870000000000000000e+02 1.295600000000000000e+04
4.860000000000000000e+02 1.309000000000000000e+04
4.850000000000000000e+02 1.207700000000000000e+04
4.840000000000000000e+02 1.079000000000000000e+04
4.830000000000000000e+02 8.467000000000000000e+03
4.820000000000000000e+02 7.098000000000000000e+03
4.810000000000000000e+02 6.419000000000000000e+03
4.800000000000000000e+02 6.452000000000000000e+03
4.790000000000000000e+02 7.007000000000000000e+03
4.780000000000000000e+02 6.625000000000000000e+03
4.770000000000000000e+02 7.212000000000000000e+03
4.760000000000000000e+02 6.905000000000000000e+03
4.750000000000000000e+02 6.823000000000000000e+03
4.740000000000000000e+02 5.759000000000000000e+03
4.730000000000000000e+02 5.464000000000000000e+03
4.720000000000000000e+02 4.379000000000000000e+03
4.710000000000000000e+02 3.745000000000000000e+03
4.700000000000000000e+02 2.951000000000000000e+03
4.690000000000000000e+02 1.934000000000000000e+03
4.680000000000000000e+02 1.520000000000000000e+03
4.670000000000000000e+02 1.377000000000000000e+03
4.660000000000000000e+02 1.468000000000000000e+03
4.650000000000000000e+02 1.755000000000000000e+03
4.640000000000000000e+02 2.101000000000000000e+03
4.630000000000000000e+02 2.511000000000000000e+03
4.620000000000000000e+02 3.282000000000000000e+03
4.610000000000000000e+02 4.628000000000000000e+03
4.600000000000000000e+02 4.946000000000000000e+03
4.590000000000000000e+02 5.564000000000000000e+03
4.580000000000000000e+02 5.815000000000000000e+03
4.570000000000000000e+02 6.108000000000000000e+03
4.560000000000000000e+02 6.863000000000000000e+03
4.550000000000000000e+02 7.059000000000000000e+03
4.540000000000000000e+02 7.209000000000000000e+03
4.530000000000000000e+02 7.115000000000000000e+03
4.520000000000000000e+02 7.616000000000000000e+03
4.510000000000000000e+02 7.379000000000000000e+03
4.500000000000000000e+02 6.487000000000000000e+03
4.490000000000000000e+02 6.171000000000000000e+03
4.480000000000000000e+02 5.541000000000000000e+03
4.470000000000000000e+02 4.917000000000000000e+03
4.460000000000000000e+02 5.016000000000000000e+03
4.450000000000000000e+02 4.482000000000000000e+03
4.440000000000000000e+02 5.039000000000000000e+03
4.430000000000000000e+02 6.364000000000000000e+03
4.420000000000000000e+02 8.207000000000000000e+03
4.410000000000000000e+02 1.129100000000000000e+04
4.400000000000000000e+02 1.393500000000000000e+04
4.390000000000000000e+02 1.568500000000000000e+04
4.380000000000000000e+02 1.665500000000000000e+04
4.370000000000000000e+02 1.633100000000000000e+04
4.360000000000000000e+02 1.588300000000000000e+04
4.350000000000000000e+02 1.486700000000000000e+04
4.340000000000000000e+02 1.143800000000000000e+04
4.330000000000000000e+02 7.788000000000000000e+03
4.320000000000000000e+02 5.602000000000000000e+03
4.310000000000000000e+02 5.378000000000000000e+03
4.300000000000000000e+02 6.157000000000000000e+03
4.290000000000000000e+02 8.897000000000000000e+03
4.280000000000000000e+02 1.405200000000000000e+04
4.270000000000000000e+02 1.890500000000000000e+04
4.260000000000000000e+02 2.258200000000000000e+04
4.250000000000000000e+02 2.394400000000000000e+04
4.240000000000000000e+02 -1.000000000000000000e+00
4.230000000000000000e+02 -1.000000000000000000e+00
4.220000000000000000e+02 -1.000000000000000000e+00
4.210000000000000000e+02 -1.000000000000000000e+00
4.200000000000000000e+02 -1.000000000000000000e+00
4.190000000000000000e+02 -1.000000000000000000e+00
4.180000000000000000e+02 -1.000000000000000000e+00
4.170000000000000000e+02 -1.000000000000000000e+00
4.160000000000000000e+02 -1.000000000000000000e+00
4.150000000000000000e+02 -1.000000000000000000e+00
4.140000000000000000e+02 -1.000000000000000000e+00
4.130000000000000000e+02 -1.000000000000000000e+00
4.120000000000000000e+02 -1.000000000000000000e+00
4.110000000000000000e+02 -1.000000000000000000e+00
4.100000000000000000e+02 -1.000000000000000000e+00
4.090000000000000000e+02 -1.000000000000000000e+00
4.080000000000000000e+02 -1.000000000000000000e+00
4.070000000000000000e+02 2.366600000000000000e+04
4.060000000000000000e+02 2.466700000000000000e+04
4.050000000000000000e+02 2.520200000000000000e+04
4.040000000000000000e+02 2.553600000000000000e+04
4.030000000000000000e+02 2.537400000000000000e+04
4.020000000000000000e+02 2.425500000000000000e+04
4.010000000000000000e+02 2.195600000000000000e+04
4.000000000000000000e+02 2.052100000000000000e+04
3.990000000000000000e+02 1.899900000000000000e+04
3.980000000000000000e+02 1.782500000000000000e+04
3.970000000000000000e+02 1.741200000000000000e+04
3.960000000000000000e+02 1.705300000000000000e+04
3.950000000000000000e+02 1.748600000000000000e+04
3.940000000000000000e+02 1.857200000000000000e+04
3.930000000000000000e+02 1.979300000000000000e+04
3.920000000000000000e+02 2.010400000000000000e+04
3.910000000000000000e+02 2.103800000000000000e+04
3.900000000000000000e+02 2.261700000000000000e+04
3.890000000000000000e+02 2.450700000000000000e+04
3.880000000000000000e+02 2.607900000000000000e+04
3.870000000000000000e+02 2.760200000000000000e+04
3.860000000000000000e+02 3.008200000000000000e+04
3.850000000000000000e+02 3.280900000000000000e+04
3.840000000000000000e+02 3.396300000000000000e+04
3.830000000000000000e+02 3.482700000000000000e+04
3.820000000000000000e+02 3.484800000000000000e+04
3.810000000000000000e+02 3.560800000000000000e+04
3.800000000000000000e+02 3.642000000000000000e+04
3.790000000000000000e+02 3.647500000000000000e+04
3.780000000000000000e+02 3.682400000000000000e+04
3.770000000000000000e+02 3.664600000000000000e+04
3.760000000000000000e+02 3.674400000000000000e+04
3.750000000000000000e+02 3.710600000000000000e+04
3.740000000000000000e+02 3.787000000000000000e+04
3.730000000000000000e+02 3.841400000000000000e+04
3.720000000000000000e+02 4.023100000000000000e+04
3.710000000000000000e+02 4.177500000000000000e+04
3.700000000000000000e+02 4.431900000000000000e+04
3.690000000000000000e+02 4.662200000000000000e+04
3.680000000000000000e+02 4.553900000000000000e+04
3.670000000000000000e+02 4.446100000000000000e+04
3.660000000000000000e+02 4.239700000000000000e+04
3.650000000000000000e+02 3.991800000000000000e+04
3.640000000000000000e+02 3.849600000000000000e+04
3.630000000000000000e+02 3.656700000000000000e+04
3.620000000000000000e+02 3.488100000000000000e+04
3.610000000000000000e+02 3.330200000000000000e+04
3.600000000000000000e+02 3.315400000000000000e+04
3.590000000000000000e+02 3.251000000000000000e+04
3.580000000000000000e+02 3.258300000000000000e+04
3.570000000000000000e+02 3.225300000000000000e+04
3.560000000000000000e+02 3.238000000000000000e+04
3.550000000000000000e+02 3.221900000000000000e+04
3.540000000000000000e+02 3.204000000000000000e+04
3.530000000000000000e+02 3.258500000000000000e+04
3.520000000000000000e+02 3.281800000000000000e+04
3.510000000000000000e+02 3.290700000000000000e+04
3.500000000000000000e+02 3.326000000000000000e+04
3.490000000000000000e+02 3.262800000000000000e+04
3.480000000000000000e+02 3.116500000000000000e+04
3.470000000000000000e+02 2.947900000000000000e+04
3.460000000000000000e+02 2.750700000000000000e+04
3.450000000000000000e+02 2.573000000000000000e+04
3.440000000000000000e+02 2.467500000000000000e+04
3.430000000000000000e+02 2.332100000000000000e+04
3.420000000000000000e+02 2.265700000000000000e+04
3.410000000000000000e+02 2.193200000000000000e+04
3.400000000000000000e+02 2.136300000000000000e+04
3.390000000000000000e+02 2.163500000000000000e+04
3.380000000000000000e+02 2.172600000000000000e+04
3.370000000000000000e+02 2.193300000000000000e+04
3.360000000000000000e+02 2.238100000000000000e+04
3.350000000000000000e+02 2.233000000000000000e+04
3.340000000000000000e+02 2.236200000000000000e+04
3.330000000000000000e+02 2.205800000000000000e+04
3.320000000000000000e+02 2.152200000000000000e+04
3.310000000000000000e+02 2.128200000000000000e+04
3.300000000000000000e+02 2.059500000000000000e+04
3.290000000000000000e+02 2.020400000000000000e+04
3.280000000000000000e+02 2.030400000000000000e+04
3.270000000000000000e+02 1.980100000000000000e+04
3.260000000000000000e+02 1.911900000000000000e+04
3.250000000000000000e+02 1.875000000000000000e+04
3.240000000000000000e+02 1.826800000000000000e+04
3.230000000000000000e+02 1.769500000000000000e+04
3.220000000000000000e+02 1.723800000000000000e+04
3.210000000000000000e+02 1.709000000000000000e+04
3.200000000000000000e+02 1.666800000000000000e+04
3.190000000000000000e+02 1.615700000000000000e+04
3.180000000000000000e+02 1.542800000000000000e+04
3.170000000000000000e+02 1.478900000000000000e+04
3.160000000000000000e+02 1.433100000000000000e+04
3.150000000000000000e+02 1.360000000000000000e+04
3.140000000000000000e+02 1.264700000000000000e+04
3.130000000000000000e+02 1.245300000000000000e+04
3.120000000000000000e+02 1.202600000000000000e+04
3.110000000000000000e+02 9.432000000000000000e+03
3.100000000000000000e+02 9.252000000000000000e+03
3.090000000000000000e+02 9.080000000000000000e+03
3.080000000000000000e+02 1.063000000000000000e+04
3.070000000000000000e+02 1.000400000000000000e+04
3.060000000000000000e+02 9.511000000000000000e+03
3.050000000000000000e+02 9.245000000000000000e+03
3.040000000000000000e+02 8.929000000000000000e+03
3.030000000000000000e+02 8.522000000000000000e+03
3.020000000000000000e+02 7.999000000000000000e+03
3.010000000000000000e+02 7.600000000000000000e+03
3.000000000000000000e+02 7.056000000000000000e+03
2.990000000000000000e+02 6.708000000000000000e+03
2.980000000000000000e+02 6.282000000000000000e+03
2.970000000000000000e+02 5.879000000000000000e+03
2.960000000000000000e+02 5.539000000000000000e+03
2.950000000000000000e+02 5.104000000000000000e+03
2.940000000000000000e+02 4.783000000000000000e+03
2.930000000000000000e+02 4.460000000000000000e+03
2.920000000000000000e+02 3.940000000000000000e+03
2.910000000000000000e+02 3.581000000000000000e+03
2.900000000000000000e+02 3.230000000000000000e+03
2.890000000000000000e+02 2.802000000000000000e+03
2.880000000000000000e+02 2.421000000000000000e+03
2.870000000000000000e+02 2.065000000000000000e+03
2.860000000000000000e+02 1.711000000000000000e+03
2.850000000000000000e+02 1.469000000000000000e+03
2.840000000000000000e+02 1.126000000000000000e+03
2.830000000000000000e+02 9.180000000000000000e+02
2.820000000000000000e+02 6.760000000000000000e+02
2.810000000000000000e+02 5.140000000000000000e+02
2.800000000000000000e+02 3.990000000000000000e+02
2.790000000000000000e+02 3.400000000000000000e+02
2.780000000000000000e+02 3.290000000000000000e+02
2.770000000000000000e+02 3.440000000000000000e+02
2.760000000000000000e+02 3.730000000000000000e+02
2.750000000000000000e+02 4.200000000000000000e+02
2.740000000000000000e+02 4.570000000000000000e+02
2.730000000000000000e+02 5.260000000000000000e+02
2.720000000000000000e+02 5.560000000000000000e+02
2.710000000000000000e+02 5.750000000000000000e+02
2.700000000000000000e+02 6.680000000000000000e+02
2.690000000000000000e+02 7.900000000000000000e+02
2.680000000000000000e+02 8.280000000000000000e+02
2.670000000000000000e+02 9.560000000000000000e+02
2.660000000000000000e+02 1.021000000000000000e+03
2.650000000000000000e+02 1.145000000000000000e+03
2.640000000000000000e+02 1.232000000000000000e+03
2.630000000000000000e+02 1.367000000000000000e+03
2.620000000000000000e+02 1.463000000000000000e+03
2.610000000000000000e+02 1.512000000000000000e+03
2.600000000000000000e+02 1.639000000000000000e+03
2.590000000000000000e+02 1.849000000000000000e+03
2.580000000000000000e+02 2.007000000000000000e+03
2.570000000000000000e+02 2.269000000000000000e+03
2.560000000000000000e+02 2.434000000000000000e+03
2.550000000000000000e+02 2.637000000000000000e+03
2.540000000000000000e+02 2.907000000000000000e+03
2.530000000000000000e+02 3.288000000000000000e+03
2.520000000000000000e+02 3.608000000000000000e+03
2.510000000000000000e+02 4.052000000000000000e+03
2.500000000000000000e+02 4.118000000000000000e+03
2.490000000000000000e+02 4.511000000000000000e+03
2.480000000000000000e+02 4.761000000000000000e+03
2.470000000000000000e+02 5.031000000000000000e+03
2.460000000000000000e+02 5.237000000000000000e+03
2.450000000000000000e+02 5.598000000000000000e+03
2.440000000000000000e+02 5.701000000000000000e+03
2.430000000000000000e+02 5.969000000000000000e+03
2.420000000000000000e+02 6.164000000000000000e+03
2.410000000000000000e+02 6.239000000000000000e+03
2.400000000000000000e+02 6.499000000000000000e+03
2.390000000000000000e+02 6.667000000000000000e+03
2.380000000000000000e+02 7.007000000000000000e+03
2.370000000000000000e+02 7.247000000000000000e+03
2.360000000000000000e+02 7.511000000000000000e+03
2.350000000000000000e+02 7.738000000000000000e+03
2.340000000000000000e+02 8.024000000000000000e+03
2.330000000000000000e+02 8.153000000000000000e+03
2.320000000000000000e+02 7.922000000000000000e+03
2.310000000000000000e+02 7.253000000000000000e+03
2.300000000000000000e+02 6.836000000000000000e+03
2.290000000000000000e+02 6.668000000000000000e+03
2.280000000000000000e+02 6.500000000000000000e+03
2.270000000000000000e+02 6.092000000000000000e+03
2.260000000000000000e+02 5.827000000000000000e+03
2.250000000000000000e+02 5.647000000000000000e+03
2.240000000000000000e+02 5.521000000000000000e+03
2.230000000000000000e+02 5.668000000000000000e+03
2.220000000000000000e+02 5.724000000000000000e+03
2.210000000000000000e+02 5.848000000000000000e+03
2.200000000000000000e+02 5.709000000000000000e+03
2.190000000000000000e+02 5.718000000000000000e+03
2.180000000000000000e+02 5.578000000000000000e+03
2.170000000000000000e+02 5.581000000000000000e+03
2.160000000000000000e+02 5.625000000000000000e+03
2.150000000000000000e+02 5.552000000000000000e+03
2.140000000000000000e+02 5.735000000000000000e+03
2.130000000000000000e+02 5.694000000000000000e+03
2.120000000000000000e+02 -1.000000000000000000e+00
2.110000000000000000e+02 -1.000000000000000000e+00
2.100000000000000000e+02 -1.000000000000000000e+00
2.090000000000000000e+02 -1.000000000000000000e+00
2.080000000000000000e+02 -1.000000000000000000e+00
2.070000000000000000e+02 -1.000000000000000000e+00
2.060000000000000000e+02 -1.000000000000000000e+00
2.050000000000000000e+02 -1.000000000000000000e+00
2.040000000000000000e+02 -1.000000000000000000e+00
2.030000000000000000e+02 -1.000000000000000000e+00
2.020000000000000000e+02 -1.000000000000000000e+00
2.010000000000000000e+02 -1.000000000000000000e+00
2.000000000000000000e+02 -1.000000000000000000e+00
1.990000000000000000e+02 -1.000000000000000000e+00
1.980000000000000000e+02 -1.000000000000000000e+00
1.970000000000000000e+02 -1.000000000000000000e+00
1.960000000000000000e+02 -1.000000000000000000e+00
1.950000000000000000e+02 1.033200000000000000e+04
1.940000000000000000e+02 9.485000000000000000e+03
1.930000000000000000e+02 8.517000000000000000e+03
1.920000000000000000e+02 7.656000000000000000e+03
1.910000000000000000e+02 6.930000000000000000e+03
1.900000000000000000e+02 6.613000000000000000e+03
1.890000000000000000e+02 6.010000000000000000e+03
1.880000000000000000e+02 5.740000000000000000e+03
1.870000000000000000e+02 5.415000000000000000e+03
1.860000000000000000e+02 5.244000000000000000e+03
1.850000000000000000e+02 5.489000000000000000e+03
1.840000000000000000e+02 5.582000000000000000e+03
1.830000000000000000e+02 5.916000000000000000e+03
1.820000000000000000e+02 5.927000000000000000e+03
1.810000000000000000e+02 6.238000000000000000e+03
1.800000000000000000e+02 6.444000000000000000e+03
1.790000000000000000e+02 6.893000000000000000e+03
1.780000000000000000e+02 7.570000000000000000e+03
1.770000000000000000e+02 7.841000000000000000e+03
1.760000000000000000e+02 8.252000000000000000e+03
1.750000000000000000e+02 8.256000000000000000e+03
1.740000000000000000e+02 8.088000000000000000e+03
1.730000000000000000e+02 7.875000000000000000e+03
1.720000000000000000e+02 7.947000000000000000e+03
1.710000000000000000e+02 8.021000000000000000e+03
1.700000000000000000e+02 8.024000000000000000e+03
1.690000000000000000e+02 8.198000000000000000e+03
1.680000000000000000e+02 7.972000000000000000e+03
1.670000000000000000e+02 7.750000000000000000e+03
1.660000000000000000e+02 7.562000000000000000e+03
1.650000000000000000e+02 7.667000000000000000e+03
1.640000000000000000e+02 7.638000000000000000e+03
1.630000000000000000e+02 7.092000000000000000e+03
1.620000000000000000e+02 7.180000000000000000e+03
1.610000000000000000e+02 6.948000000000000000e+03
1.600000000000000000e+02 6.779000000000000000e+03
1.590000000000000000e+02 6.358000000000000000e+03
1.580000000000000000e+02 6.795000000000000000e+03
1.570000000000000000e+02 7.298000000000000000e+03
1.560000000000000000e+02 7.522000000000000000e+03
1.550000000000000000e+02 7.935000000000000000e+03
1.540000000000000000e+02 7.954000000000000000e+03
1.530000000000000000e+02 8.163000000000000000e+03
1.520000000000000000e+02 8.026000000000000000e+03
1.510000000000000000e+02 7.598000000000000000e+03
1.500000000000000000e+02 6.783000000000000000e+03
1.490000000000000000e+02 5.856000000000000000e+03
1.480000000000000000e+02 5.212000000000000000e+03
1.470000000000000000e+02 4.824000000000000000e+03
1.460000000000000000e+02 4.687000000000000000e+03
1.450000000000000000e+02 4.474000000000000000e+03
1.440000000000000000e+02 4.230000000000000000e+03
1.430000000000000000e+02 4.430000000000000000e+03
1.420000000000000000e+02 4.360000000000000000e+03
1.410000000000000000e+02 4.186000000000000000e+03
1.400000000000000000e+02 4.275000000000000000e+03
1.390000000000000000e+02 4.195000000000000000e+03
1.380000000000000000e+02 4.198000000000000000e+03
1.370000000000000000e+02 4.453000000000000000e+03
1.360000000000000000e+02 5.184000000000000000e+03
1.350000000000000000e+02 6.350000000000000000e+03
1.340000000000000000e+02 6.839000000000000000e+03
1.330000000000000000e+02 7.407000000000000000e+03
1.320000000000000000e+02 7.709000000000000000e+03
1.310000000000000000e+02 7.625000000000000000e+03
1.300000000000000000e+02 6.736000000000000000e+03
1.290000000000000000e+02 5.670000000000000000e+03
1.280000000000000000e+02 5.478000000000000000e+03
1.270000000000000000e+02 4.405000000000000000e+03
1.260000000000000000e+02 3.901000000000000000e+03
1.250000000000000000e+02 3.706000000000000000e+03
1.240000000000000000e+02 3.438000000000000000e+03
1.230000000000000000e+02 3.191000000000000000e+03
1.220000000000000000e+02 3.229000000000000000e+03
1.210000000000000000e+02 3.598000000000000000e+03
1.200000000000000000e+02 3.224000000000000000e+03
1.190000000000000000e+02 3.549000000000000000e+03
1.180000000000000000e+02 3.943000000000000000e+03
1.170000000000000000e+02 3.938000000000000000e+03
1.160000000000000000e+02 3.798000000000000000e+03
1.150000000000000000e+02 2.816000000000000000e+03
1.140000000000000000e+02 2.908000000000000000e+03
1.130000000000000000e+02 2.450000000000000000e+03
1.120000000000000000e+02 2.106000000000000000e+03
1.110000000000000000e+02 1.989000000000000000e+03
1.100000000000000000e+02 2.276000000000000000e+03
1.090000000000000000e+02 1.832000000000000000e+03
1.080000000000000000e+02 2.255000000000000000e+03
1.070000000000000000e+02 2.482000000000000000e+03
1.060000000000000000e+02 2.512000000000000000e+03
1.050000000000000000e+02 1.829000000000000000e+03
1.040000000000000000e+02 1.824000000000000000e+03
1.030000000000000000e+02 1.745000000000000000e+03
1.020000000000000000e+02 1.434000000000000000e+03
1.010000000000000000e+02 1.310000000000000000e+03
1.000000000000000000e+02 1.357000000000000000e+03
9.900000000000000000e+01 1.556000000000000000e+03
9.800000000000000000e+01 7.780000000000000000e+02
9.700000000000000000e+01 0.000000000000000000e+00
9.600000000000000000e+01 2.607000000000000000e+03
9.500000000000000000e+01 2.075000000000000000e+03
9.400000000000000000e+01 2.386000000000000000e+03
9.300000000000000000e+01 2.647000000000000000e+03
9.200000000000000000e+01 2.372000000000000000e+03
9.100000000000000000e+01 2.909000000000000000e+03
9.000000000000000000e+01 3.463000000000000000e+03
8.900000000000000000e+01 3.561000000000000000e+03
8.800000000000000000e+01 3.983000000000000000e+03
8.700000000000000000e+01 4.349000000000000000e+03
8.600000000000000000e+01 4.282000000000000000e+03
8.500000000000000000e+01 3.980000000000000000e+03
8.400000000000000000e+01 3.433000000000000000e+03
8.300000000000000000e+01 2.651000000000000000e+03
8.200000000000000000e+01 1.774000000000000000e+03
8.100000000000000000e+01 1.137000000000000000e+03
8.000000000000000000e+01 9.620000000000000000e+02
7.900000000000000000e+01 7.960000000000000000e+02
7.800000000000000000e+01 7.400000000000000000e+02
7.700000000000000000e+01 8.170000000000000000e+02
7.600000000000000000e+01 8.860000000000000000e+02
7.500000000000000000e+01 1.148000000000000000e+03
7.400000000000000000e+01 1.321000000000000000e+03
7.300000000000000000e+01 1.624000000000000000e+03
7.200000000000000000e+01 1.241000000000000000e+03
7.100000000000000000e+01 9.720000000000000000e+02
7.000000000000000000e+01 9.390000000000000000e+02
6.900000000000000000e+01 1.062000000000000000e+03
6.800000000000000000e+01 1.571000000000000000e+03
6.700000000000000000e+01 1.359000000000000000e+03
6.600000000000000000e+01 2.101000000000000000e+03
6.500000000000000000e+01 2.471000000000000000e+03
6.400000000000000000e+01 2.638000000000000000e+03
6.300000000000000000e+01 2.548000000000000000e+03
6.200000000000000000e+01 2.082000000000000000e+03
6.100000000000000000e+01 1.575000000000000000e+03
6.000000000000000000e+01 9.890000000000000000e+02
5.900000000000000000e+01 6.700000000000000000e+02
5.800000000000000000e+01 5.780000000000000000e+02
5.700000000000000000e+01 5.780000000000000000e+02
5.600000000000000000e+01 6.560000000000000000e+02
5.500000000000000000e+01 1.034000000000000000e+03
5.400000000000000000e+01 1.529000000000000000e+03
5.300000000000000000e+01 1.550000000000000000e+03
5.200000000000000000e+01 1.506000000000000000e+03
5.100000000000000000e+01 7.820000000000000000e+02
5.000000000000000000e+01 5.470000000000000000e+02
4.900000000000000000e+01 6.380000000000000000e+02
4.800000000000000000e+01 6.820000000000000000e+02
4.700000000000000000e+01 6.630000000000000000e+02
4.600000000000000000e+01 8.090000000000000000e+02
4.500000000000000000e+01 6.060000000000000000e+02
4.400000000000000000e+01 5.250000000000000000e+02
4.300000000000000000e+01 5.510000000000000000e+02
4.200000000000000000e+01 4.800000000000000000e+02
4.100000000000000000e+01 4.860000000000000000e+02
4.000000000000000000e+01 5.390000000000000000e+02
3.900000000000000000e+01 9.340000000000000000e+02
3.800000000000000000e+01 1.580000000000000000e+03
3.700000000000000000e+01 2.241000000000000000e+03
3.600000000000000000e+01 2.275000000000000000e+03
3.500000000000000000e+01 2.191000000000000000e+03
3.400000000000000000e+01 1.943000000000000000e+03
3.300000000000000000e+01 1.293000000000000000e+03
3.200000000000000000e+01 6.600000000000000000e+02
3.100000000000000000e+01 6.160000000000000000e+02
3.000000000000000000e+01 0.000000000000000000e+00
2.900000000000000000e+01 6.080000000000000000e+02
2.800000000000000000e+01 5.000000000000000000e+02
2.700000000000000000e+01 5.690000000000000000e+02
2.600000000000000000e+01 5.130000000000000000e+02
2.500000000000000000e+01 4.060000000000000000e+02
2.400000000000000000e+01 5.540000000000000000e+02
2.300000000000000000e+01 6.580000000000000000e+02
2.200000000000000000e+01 5.830000000000000000e+02
2.100000000000000000e+01 5.510000000000000000e+02
2.000000000000000000e+01 5.620000000000000000e+02
1.900000000000000000e+01 7.660000000000000000e+02
1.800000000000000000e+01 8.410000000000000000e+02
1.700000000000000000e+01 1.490000000000000000e+03
1.600000000000000000e+01 1.303000000000000000e+03
1.500000000000000000e+01 7.580000000000000000e+02
1.400000000000000000e+01 5.400000000000000000e+02
1.300000000000000000e+01 5.720000000000000000e+02
1.200000000000000000e+01 5.450000000000000000e+02
1.100000000000000000e+01 4.340000000000000000e+02
1.000000000000000000e+01 4.490000000000000000e+02
9.000000000000000000e+00 5.220000000000000000e+02
8.000000000000000000e+00 6.480000000000000000e+02
7.000000000000000000e+00 1.072000000000000000e+03
6.000000000000000000e+00 1.569000000000000000e+03
5.000000000000000000e+00 1.464000000000000000e+03
4.000000000000000000e+00 1.255000000000000000e+03
3.000000000000000000e+00 9.380000000000000000e+02
2.000000000000000000e+00 7.620000000000000000e+02
1.000000000000000000e+00 5.360000000000000000e+02
