1.043000000000000000e+03 1.000000000000000000e+00
1.042000000000000000e+03 0.000000000000000000e+00
1.041000000000000000e+03 0.000000000000000000e+00
1.040000000000000000e+03 0.000000000000000000e+00
1.039000000000000000e+03 0.000000000000000000e+00
1.038000000000000000e+03 0.000000000000000000e+00
1.037000000000000000e+03 0.000000000000000000e+00
1.036000000000000000e+03 1.000000000000000000e+00
1.035000000000000000e+03 0.000000000000000000e+00
1.034000000000000000e+03 0.000000000000000000e+00
1.033000000000000000e+03 0.000000000000000000e+00
1.032000000000000000e+03 0.000000000000000000e+00
1.031000000000000000e+03 1.000000000000000000e+00
1.030000000000000000e+03 0.000000000000000000e+00
1.029000000000000000e+03 1.000000000000000000e+00
1.028000000000000000e+03 0.000000000000000000e+00
1.027000000000000000e+03 0.000000000000000000e+00
1.026000000000000000e+03 1.000000000000000000e+00
1.025000000000000000e+03 0.000000000000000000e+00
1.024000000000000000e+03 0.000000000000000000e+00
1.023000000000000000e+03 0.000000000000000000e+00
1.022000000000000000e+03 0.000000000000000000e+00
1.021000000000000000e+03 0.000000000000000000e+00
1.020000000000000000e+03 0.000000000000000000e+00
1.019000000000000000e+03 0.000000000000000000e+00
1.018000000000000000e+03 0.000000000000000000e+00
1.017000000000000000e+03 0.000000000000000000e+00
1.016000000000000000e+03 0.000000000000000000e+00
1.015000000000000000e+03 0.000000000000000000e+00
1.014000000000000000e+03 1.000000000000000000e+00
1.013000000000000000e+03 0.000000000000000000e+00
1.012000000000000000e+03 0.000000000000000000e+00
1.011000000000000000e+03 0.000000000000000000e+00
1.010000000000000000e+03 0.000000000000000000e+00
1.009000000000000000e+03 0.000000000000000000e+00
1.008000000000000000e+03 0.000000000000000000e+00
1.007000000000000000e+03 0.000000000000000000e+00
1.006000000000000000e+03 0.000000000000000000e+00
1.005000000000000000e+03 0.000000000000000000e+00
1.004000000000000000e+03 0.000000000000000000e+00
1.003000000000000000e+03 0.000000000000000000e+00
1.002000000000000000e+03 0.000000000000000000e+00
1.001000000000000000e+03 0.000000000000000000e+00
1.000000000000000000e+03 0.000000000000000000e+00
9.990000000000000000e+02 0.000000000000000000e+00
9.980000000000000000e+02 0.000000000000000000e+00
9.970000000000000000e+02 0.000000000000000000e+00
9.960000000000000000e+02 0.000000000000000000e+00
9.950000000000000000e+02 0.000000000000000000e+00
9.940000000000000000e+02 0.000000000000000000e+00
9.930000000000000000e+02 0.000000000000000000e+00
9.920000000000000000e+02 0.000000000000000000e+00
9.910000000000000000e+02 0.000000000000000000e+00
9.900000000000000000e+02 0.000000000000000000e+00
9.890000000000000000e+02 0.000000000000000000e+00
9.880000000000000000e+02 0.000000000000000000e+00
9.870000000000000000e+02 0.000000000000000000e+00
9.860000000000000000e+02 0.000000000000000000e+00
9.850000000000000000e+02 0.000000000000000000e+00
9.840000000000000000e+02 0.000000000000000000e+00
9.830000000000000000e+02 0.000000000000000000e+00
9.820000000000000000e+02 0.000000000000000000e+00
9.810000000000000000e+02 0.000000000000000000e+00
9.800000000000000000e+02 0.000000000000000000e+00
9.790000000000000000e+02 0.000000000000000000e+00
9.780000000000000000e+02 0.000000000000000000e+00
9.770000000000000000e+02 0.000000000000000000e+00
9.760000000000000000e+02 0.000000000000000000e+00
9.750000000000000000e+02 0.000000000000000000e+00
9.740000000000000000e+02 0.000000000000000000e+00
9.730000000000000000e+02 0.000000000000000000e+00
9.720000000000000000e+02 0.000000000000000000e+00
9.710000000000000000e+02 0.000000000000000000e+00
9.700000000000000000e+02 0.000000000000000000e+00
9.690000000000000000e+02 0.000000000000000000e+00
9.680000000000000000e+02 0.000000000000000000e+00
9.670000000000000000e+02 0.000000000000000000e+00
9.660000000000000000e+02 0.000000000000000000e+00
9.650000000000000000e+02 1.000000000000000000e+00
9.640000000000000000e+02 1.000000000000000000e+00
9.630000000000000000e+02 0.000000000000000000e+00
9.620000000000000000e+02 0.000000000000000000e+00
9.610000000000000000e+02 0.000000000000000000e+00
9.600000000000000000e+02 1.000000000000000000e+00
9.590000000000000000e+02 0.000000000000000000e+00
9.580000000000000000e+02 0.000000000000000000e+00
9.570000000000000000e+02 2.000000000000000000e+00
9.560000000000000000e+02 0.000000000000000000e+00
9.550000000000000000e+02 1.000000000000000000e+00
9.540000000000000000e+02 0.000000000000000000e+00
9.530000000000000000e+02 0.000000000000000000e+00
9.520000000000000000e+02 1.000000000000000000e+00
9.510000000000000000e+02 1.000000000000000000e+00
9.500000000000000000e+02 0.000000000000000000e+00
9.490000000000000000e+02 0.000000000000000000e+00
9.480000000000000000e+02 2.000000000000000000e+00
9.470000000000000000e+02 2.000000000000000000e+00
9.460000000000000000e+02 3.000000000000000000e+00
9.450000000000000000e+02 1.000000000000000000e+00
9.440000000000000000e+02 1.000000000000000000e+00
9.430000000000000000e+02 0.000000000000000000e+00
9.420000000000000000e+02 0.000000000000000000e+00
9.410000000000000000e+02 1.000000000000000000e+00
9.400000000000000000e+02 0.000000000000000000e+00
9.390000000000000000e+02 1.000000000000000000e+00
9.380000000000000000e+02 0.000000000000000000e+00
9.370000000000000000e+02 1.000000000000000000e+00
9.360000000000000000e+02 1.000000000000000000e+00
9.350000000000000000e+02 0.000000000000000000e+00
9.340000000000000000e+02 0.000000000000000000e+00
9.330000000000000000e+02 0.000000000000000000e+00
9.320000000000000000e+02 0.000000000000000000e+00
9.310000000000000000e+02 0.000000000000000000e+00
9.300000000000000000e+02 1.000000000000000000e+00
9.290000000000000000e+02 1.000000000000000000e+00
9.280000000000000000e+02 0.000000000000000000e+00
9.270000000000000000e+02 1.000000000000000000e+00
9.260000000000000000e+02 1.000000000000000000e+00
9.250000000000000000e+02 0.000000000000000000e+00
9.240000000000000000e+02 0.000000000000000000e+00
9.230000000000000000e+02 0.000000000000000000e+00
9.220000000000000000e+02 0.000000000000000000e+00
9.210000000000000000e+02 0.000000000000000000e+00
9.200000000000000000e+02 0.000000000000000000e+00
9.190000000000000000e+02 0.000000000000000000e+00
9.180000000000000000e+02 0.000000000000000000e+00
9.170000000000000000e+02 0.000000000000000000e+00
9.160000000000000000e+02 0.000000000000000000e+00
9.150000000000000000e+02 0.000000000000000000e+00
9.140000000000000000e+02 0.000000000000000000e+00
9.130000000000000000e+02 0.000000000000000000e+00
9.120000000000000000e+02 0.000000000000000000e+00
9.110000000000000000e+02 0.000000000000000000e+00
9.100000000000000000e+02 0.000000000000000000e+00
9.090000000000000000e+02 0.000000000000000000e+00
9.080000000000000000e+02 0.000000000000000000e+00
9.070000000000000000e+02 0.000000000000000000e+00
9.060000000000000000e+02 0.000000000000000000e+00
9.050000000000000000e+02 0.000000000000000000e+00
9.040000000000000000e+02 0.000000000000000000e+00
9.030000000000000000e+02 0.000000000000000000e+00
9.020000000000000000e+02 0.000000000000000000e+00
9.010000000000000000e+02 0.000000000000000000e+00
9.000000000000000000e+02 0.000000000000000000e+00
8.990000000000000000e+02 0.000000000000000000e+00
8.980000000000000000e+02 0.000000000000000000e+00
8.970000000000000000e+02 0.000000000000000000e+00
8.960000000000000000e+02 2.000000000000000000e+00
8.950000000000000000e+02 0.000000000000000000e+00
8.940000000000000000e+02 0.000000000000000000e+00
8.930000000000000000e+02 1.000000000000000000e+00
8.920000000000000000e+02 0.000000000000000000e+00
8.910000000000000000e+02 0.000000000000000000e+00
8.900000000000000000e+02 0.000000000000000000e+00
8.890000000000000000e+02 0.000000000000000000e+00
8.880000000000000000e+02 0.000000000000000000e+00
8.870000000000000000e+02 0.000000000000000000e+00
8.860000000000000000e+02 1.000000000000000000e+00
8.850000000000000000e+02 2.000000000000000000e+00
8.840000000000000000e+02 3.000000000000000000e+00
8.830000000000000000e+02 1.000000000000000000e+00
8.820000000000000000e+02 1.000000000000000000e+00
8.810000000000000000e+02 1.000000000000000000e+00
8.800000000000000000e+02 2.000000000000000000e+00
8.790000000000000000e+02 2.000000000000000000e+00
8.780000000000000000e+02 1.000000000000000000e+00
8.770000000000000000e+02 2.000000000000000000e+00
8.760000000000000000e+02 3.000000000000000000e+00
8.750000000000000000e+02 0.000000000000000000e+00
8.740000000000000000e+02 1.000000000000000000e+00
8.730000000000000000e+02 1.000000000000000000e+00
8.720000000000000000e+02 3.000000000000000000e+00
8.710000000000000000e+02 4.000000000000000000e+00
8.700000000000000000e+02 2.000000000000000000e+00
8.690000000000000000e+02 3.000000000000000000e+00
8.680000000000000000e+02 2.000000000000000000e+00
8.670000000000000000e+02 2.000000000000000000e+00
8.660000000000000000e+02 1.000000000000000000e+00
8.650000000000000000e+02 4.000000000000000000e+00
8.640000000000000000e+02 2.000000000000000000e+00
8.630000000000000000e+02 0.000000000000000000e+00
8.620000000000000000e+02 2.000000000000000000e+00
8.610000000000000000e+02 4.000000000000000000e+00
8.600000000000000000e+02 2.000000000000000000e+00
8.590000000000000000e+02 1.000000000000000000e+00
8.580000000000000000e+02 0.000000000000000000e+00
8.570000000000000000e+02 0.000000000000000000e+00
8.560000000000000000e+02 3.000000000000000000e+00
8.550000000000000000e+02 1.000000000000000000e+00
8.540000000000000000e+02 0.000000000000000000e+00
8.530000000000000000e+02 1.000000000000000000e+00
8.520000000000000000e+02 2.000000000000000000e+00
8.510000000000000000e+02 1.000000000000000000e+00
8.500000000000000000e+02 1.000000000000000000e+00
8.490000000000000000e+02 0.000000000000000000e+00
8.480000000000000000e+02 -1.000000000000000000e+00
8.470000000000000000e+02 -1.000000000000000000e+00
8.460000000000000000e+02 -1.000000000000000000e+00
8.450000000000000000e+02 -1.000000000000000000e+00
8.440000000000000000e+02 -1.000000000000000000e+00
8.430000000000000000e+02 -1.000000000000000000e+00
8.420000000000000000e+02 -1.000000000000000000e+00
8.410000000000000000e+02 -1.000000000000000000e+00
8.400000000000000000e+02 -1.000000000000000000e+00
8.390000000000000000e+02 -1.000000000000000000e+00
8.380000000000000000e+02 -1.000000000000000000e+00
8.370000000000000000e+02 -1.000000000000000000e+00
8.360000000000000000e+02 -1.000000000000000000e+00
8.350000000000000000e+02 -1.000000000000000000e+00
8.340000000000000000e+02 -1.000000000000000000e+00
8.330000000000000000e+02 -1.000000000000000000e+00
8.320000000000000000e+02 -1.000000000000000000e+00
8.310000000000000000e+02 5.400000000000000000e+01
8.300000000000000000e+02 7.700000000000000000e+01
8.290000000000000000e+02 7.300000000000000000e+01
8.280000000000000000e+02 8.400000000000000000e+01
8.270000000000000000e+02 1.100000000000000000e+02
8.260000000000000000e+02 1.280000000000000000e+02
8.250000000000000000e+02 1.400000000000000000e+02
8.240000000000000000e+02 1.260000000000000000e+02
8.230000000000000000e+02 1.760000000000000000e+02
8.220000000000000000e+02 1.560000000000000000e+02
8.210000000000000000e+02 1.670000000000000000e+02
8.200000000000000000e+02 1.760000000000000000e+02
8.190000000000000000e+02 1.880000000000000000e+02
8.180000000000000000e+02 1.960000000000000000e+02
8.170000000000000000e+02 2.220000000000000000e+02
8.160000000000000000e+02 2.640000000000000000e+02
8.150000000000000000e+02 2.560000000000000000e+02
8.140000000000000000e+02 2.520000000000000000e+02
8.130000000000000000e+02 2.990000000000000000e+02
8.120000000000000000e+02 3.590000000000000000e+02
8.110000000000000000e+02 5.190000000000000000e+02
8.100000000000000000e+02 5.090000000000000000e+02
8.090000000000000000e+02 4.340000000000000000e+02
8.080000000000000000e+02 4.360000000000000000e+02
8.070000000000000000e+02 4.900000000000000000e+02
8.060000000000000000e+02 4.930000000000000000e+02
8.050000000000000000e+02 6.260000000000000000e+02
8.040000000000000000e+02 5.660000000000000000e+02
8.030000000000000000e+02 5.960000000000000000e+02
8.020000000000000000e+02 6.090000000000000000e+02
8.010000000000000000e+02 6.480000000000000000e+02
8.000000000000000000e+02 7.000000000000000000e+02
7.990000000000000000e+02 7.260000000000000000e+02
7.980000000000000000e+02 8.200000000000000000e+02
7.970000000000000000e+02 8.890000000000000000e+02
7.960000000000000000e+02 8.490000000000000000e+02
7.950000000000000000e+02 8.180000000000000000e+02
7.940000000000000000e+02 7.750000000000000000e+02
7.930000000000000000e+02 7.930000000000000000e+02
7.920000000000000000e+02 8.030000000000000000e+02
7.910000000000000000e+02 8.350000000000000000e+02
7.900000000000000000e+02 8.550000000000000000e+02
7.890000000000000000e+02 8.220000000000000000e+02
7.880000000000000000e+02 7.980000000000000000e+02
7.870000000000000000e+02 7.790000000000000000e+02
7.860000000000000000e+02 6.990000000000000000e+02
7.850000000000000000e+02 7.320000000000000000e+02
7.840000000000000000e+02 7.900000000000000000e+02
7.830000000000000000e+02 7.530000000000000000e+02
7.820000000000000000e+02 7.460000000000000000e+02
7.810000000000000000e+02 7.310000000000000000e+02
7.800000000000000000e+02 7.480000000000000000e+02
7.790000000000000000e+02 6.880000000000000000e+02
7.780000000000000000e+02 6.030000000000000000e+02
7.770000000000000000e+02 6.130000000000000000e+02
7.760000000000000000e+02 6.120000000000000000e+02
7.750000000000000000e+02 5.730000000000000000e+02
7.740000000000000000e+02 5.700000000000000000e+02
7.730000000000000000e+02 4.280000000000000000e+02
7.720000000000000000e+02 3.780000000000000000e+02
7.710000000000000000e+02 4.200000000000000000e+02
7.700000000000000000e+02 4.250000000000000000e+02
7.690000000000000000e+02 3.970000000000000000e+02
7.680000000000000000e+02 3.740000000000000000e+02
7.670000000000000000e+02 3.120000000000000000e+02
7.660000000000000000e+02 3.400000000000000000e+02
7.650000000000000000e+02 2.960000000000000000e+02
7.640000000000000000e+02 2.550000000000000000e+02
7.630000000000000000e+02 2.210000000000000000e+02
7.620000000000000000e+02 1.740000000000000000e+02
7.610000000000000000e+02 1.420000000000000000e+02
7.600000000000000000e+02 1.310000000000000000e+02
7.590000000000000000e+02 1.660000000000000000e+02
7.580000000000000000e+02 1.350000000000000000e+02
7.570000000000000000e+02 1.500000000000000000e+02
7.560000000000000000e+02 1.400000000000000000e+02
7.550000000000000000e+02 1.070000000000000000e+02
7.540000000000000000e+02 1.020000000000000000e+02
7.530000000000000000e+02 9.700000000000000000e+01
7.520000000000000000e+02 1.070000000000000000e+02
7.510000000000000000e+02 1.080000000000000000e+02
7.500000000000000000e+02 1.240000000000000000e+02
7.490000000000000000e+02 1.520000000000000000e+02
7.480000000000000000e+02 1.450000000000000000e+02
7.470000000000000000e+02 1.860000000000000000e+02
7.460000000000000000e+02 1.640000000000000000e+02
7.450000000000000000e+02 2.020000000000000000e+02
7.440000000000000000e+02 2.320000000000000000e+02
7.430000000000000000e+02 2.710000000000000000e+02
7.420000000000000000e+02 2.760000000000000000e+02
7.410000000000000000e+02 3.490000000000000000e+02
7.400000000000000000e+02 3.890000000000000000e+02
7.390000000000000000e+02 3.690000000000000000e+02
7.380000000000000000e+02 4.930000000000000000e+02
7.370000000000000000e+02 4.980000000000000000e+02
7.360000000000000000e+02 4.680000000000000000e+02
7.350000000000000000e+02 6.400000000000000000e+02
7.340000000000000000e+02 6.010000000000000000e+02
7.330000000000000000e+02 5.600000000000000000e+02
7.320000000000000000e+02 6.600000000000000000e+02
7.310000000000000000e+02 7.340000000000000000e+02
7.300000000000000000e+02 8.010000000000000000e+02
7.290000000000000000e+02 9.120000000000000000e+02
7.280000000000000000e+02 8.250000000000000000e+02
7.270000000000000000e+02 7.810000000000000000e+02
7.260000000000000000e+02 7.140000000000000000e+02
7.250000000000000000e+02 7.360000000000000000e+02
7.240000000000000000e+02 7.950000000000000000e+02
7.230000000000000000e+02 8.880000000000000000e+02
7.220000000000000000e+02 1.099000000000000000e+03
7.210000000000000000e+02 1.085000000000000000e+03
7.200000000000000000e+02 1.132000000000000000e+03
7.190000000000000000e+02 1.094000000000000000e+03
7.180000000000000000e+02 1.129000000000000000e+03
7.170000000000000000e+02 1.413000000000000000e+03
7.160000000000000000e+02 1.308000000000000000e+03
7.150000000000000000e+02 1.228000000000000000e+03
7.140000000000000000e+02 1.184000000000000000e+03
7.130000000000000000e+02 1.288000000000000000e+03
7.120000000000000000e+02 1.209000000000000000e+03
7.110000000000000000e+02 1.080000000000000000e+03
7.100000000000000000e+02 1.051000000000000000e+03
7.090000000000000000e+02 9.580000000000000000e+02
7.080000000000000000e+02 9.640000000000000000e+02
7.070000000000000000e+02 1.141000000000000000e+03
7.060000000000000000e+02 1.060000000000000000e+03
7.050000000000000000e+02 1.112000000000000000e+03
7.040000000000000000e+02 1.007000000000000000e+03
7.030000000000000000e+02 9.540000000000000000e+02
7.020000000000000000e+02 9.680000000000000000e+02
7.010000000000000000e+02 9.120000000000000000e+02
7.000000000000000000e+02 9.640000000000000000e+02
6.990000000000000000e+02 9.210000000000000000e+02
6.980000000000000000e+02 8.170000000000000000e+02
6.970000000000000000e+02 8.850000000000000000e+02
6.960000000000000000e+02 7.670000000000000000e+02
6.950000000000000000e+02 7.680000000000000000e+02
6.940000000000000000e+02 8.190000000000000000e+02
6.930000000000000000e+02 7.680000000000000000e+02
6.920000000000000000e+02 6.720000000000000000e+02
6.910000000000000000e+02 6.030000000000000000e+02
6.900000000000000000e+02 5.410000000000000000e+02
6.890000000000000000e+02 4.360000000000000000e+02
6.880000000000000000e+02 5.080000000000000000e+02
6.870000000000000000e+02 4.240000000000000000e+02
6.860000000000000000e+02 4.100000000000000000e+02
6.850000000000000000e+02 3.720000000000000000e+02
6.840000000000000000e+02 3.780000000000000000e+02
6.830000000000000000e+02 3.170000000000000000e+02
6.820000000000000000e+02 2.210000000000000000e+02
6.810000000000000000e+02 2.750000000000000000e+02
6.800000000000000000e+02 2.870000000000000000e+02
6.790000000000000000e+02 2.430000000000000000e+02
6.780000000000000000e+02 3.030000000000000000e+02
6.770000000000000000e+02 2.920000000000000000e+02
6.760000000000000000e+02 2.630000000000000000e+02
6.750000000000000000e+02 2.670000000000000000e+02
6.740000000000000000e+02 2.570000000000000000e+02
6.730000000000000000e+02 2.250000000000000000e+02
6.720000000000000000e+02 2.180000000000000000e+02
6.710000000000000000e+02 2.200000000000000000e+02
6.700000000000000000e+02 1.870000000000000000e+02
6.690000000000000000e+02 1.820000000000000000e+02
6.680000000000000000e+02 1.920000000000000000e+02
6.670000000000000000e+02 2.040000000000000000e+02
6.660000000000000000e+02 2.010000000000000000e+02
6.650000000000000000e+02 2.720000000000000000e+02
6.640000000000000000e+02 3.470000000000000000e+02
6.630000000000000000e+02 3.510000000000000000e+02
6.620000000000000000e+02 3.870000000000000000e+02
6.610000000000000000e+02 3.820000000000000000e+02
6.600000000000000000e+02 3.740000000000000000e+02
6.590000000000000000e+02 4.200000000000000000e+02
6.580000000000000000e+02 5.100000000000000000e+02
6.570000000000000000e+02 5.650000000000000000e+02
6.560000000000000000e+02 5.290000000000000000e+02
6.550000000000000000e+02 6.280000000000000000e+02
6.540000000000000000e+02 6.950000000000000000e+02
6.530000000000000000e+02 6.430000000000000000e+02
6.520000000000000000e+02 6.930000000000000000e+02
6.510000000000000000e+02 7.520000000000000000e+02
6.500000000000000000e+02 7.810000000000000000e+02
6.490000000000000000e+02 6.980000000000000000e+02
6.480000000000000000e+02 7.310000000000000000e+02
6.470000000000000000e+02 8.800000000000000000e+02
6.460000000000000000e+02 9.170000000000000000e+02
6.450000000000000000e+02 1.107000000000000000e+03
6.440000000000000000e+02 1.257000000000000000e+03
6.430000000000000000e+02 1.438000000000000000e+03
6.420000000000000000e+02 1.363000000000000000e+03
6.410000000000000000e+02 1.309000000000000000e+03
6.400000000000000000e+02 1.456000000000000000e+03
6.390000000000000000e+02 1.304000000000000000e+03
6.380000000000000000e+02 1.280000000000000000e+03
6.370000000000000000e+02 1.520000000000000000e+03
6.360000000000000000e+02 -1.000000000000000000e+00
6.350000000000000000e+02 -1.000000000000000000e+00
6.340000000000000000e+02 -1.000000000000000000e+00
6.330000000000000000e+02 -1.000000000000000000e+00
6.320000000000000000e+02 -1.000000000000000000e+00
6.310000000000000000e+02 -1.000000000000000000e+00
6.300000000000000000e+02 -1.000000000000000000e+00
6.290000000000000000e+02 -1.000000000000000000e+00
6.280000000000000000e+02 -1.000000000000000000e+00
6.270000000000000000e+02 -1.000000000000000000e+00
6.260000000000000000e+02 -1.000000000000000000e+00
6.250000000000000000e+02 -1.000000000000000000e+00
6.240000000000000000e+02 -1.000000000000000000e+00
6.230000000000000000e+02 -1.000000000000000000e+00
6.220000000000000000e+02 -1.000000000000000000e+00
6.210000000000000000e+02 -1.000000000000000000e+00
6.200000000000000000e+02 -1.000000000000000000e+00
6.190000000000000000e+02 1.689000000000000000e+03
6.180000000000000000e+02 1.812000000000000000e+03
6.170000000000000000e+02 1.676000000000000000e+03
6.160000000000000000e+02 1.951000000000000000e+03
6.150000000000000000e+02 1.836000000000000000e+03
6.140000000000000000e+02 1.969000000000000000e+03
6.130000000000000000e+02 1.906000000000000000e+03
6.120000000000000000e+02 2.072000000000000000e+03
6.110000000000000000e+02 1.943000000000000000e+03
6.100000000000000000e+02 1.933000000000000000e+03
6.090000000000000000e+02 1.673000000000000000e+03
6.080000000000000000e+02 1.428000000000000000e+03
6.070000000000000000e+02 1.205000000000000000e+03
6.060000000000000000e+02 9.540000000000000000e+02
6.050000000000000000e+02 8.600000000000000000e+02
6.040000000000000000e+02 9.720000000000000000e+02
6.030000000000000000e+02 9.690000000000000000e+02
6.020000000000000000e+02 1.027000000000000000e+03
6.010000000000000000e+02 9.560000000000000000e+02
6.000000000000000000e+02 1.048000000000000000e+03
5.990000000000000000e+02 1.021000000000000000e+03
5.980000000000000000e+02 1.198000000000000000e+03
5.970000000000000000e+02 1.192000000000000000e+03
5.960000000000000000e+02 1.197000000000000000e+03
5.950000000000000000e+02 1.219000000000000000e+03
5.940000000000000000e+02 1.113000000000000000e+03
5.930000000000000000e+02 9.340000000000000000e+02
5.920000000000000000e+02 8.360000000000000000e+02
5.910000000000000000e+02 8.330000000000000000e+02
5.900000000000000000e+02 8.370000000000000000e+02
5.890000000000000000e+02 7.800000000000000000e+02
5.880000000000000000e+02 7.230000000000000000e+02
5.870000000000000000e+02 7.080000000000000000e+02
5.860000000000000000e+02 7.080000000000000000e+02
5.850000000000000000e+02 6.150000000000000000e+02
5.840000000000000000e+02 6.170000000000000000e+02
5.830000000000000000e+02 5.830000000000000000e+02
5.820000000000000000e+02 5.360000000000000000e+02
5.810000000000000000e+02 5.050000000000000000e+02
5.800000000000000000e+02 5.710000000000000000e+02
5.790000000000000000e+02 5.590000000000000000e+02
5.780000000000000000e+02 5.160000000000000000e+02
5.770000000000000000e+02 5.650000000000000000e+02
5.760000000000000000e+02 6.860000000000000000e+02
5.750000000000000000e+02 1.024000000000000000e+03
5.740000000000000000e+02 1.435000000000000000e+03
5.730000000000000000e+02 1.956000000000000000e+03
5.720000000000000000e+02 2.333000000000000000e+03
5.710000000000000000e+02 2.525000000000000000e+03
5.700000000000000000e+02 2.590000000000000000e+03
5.690000000000000000e+02 2.425000000000000000e+03
5.680000000000000000e+02 2.261000000000000000e+03
5.670000000000000000e+02 2.450000000000000000e+03
5.660000000000000000e+02 2.710000000000000000e+03
5.650000000000000000e+02 2.855000000000000000e+03
5.640000000000000000e+02 2.427000000000000000e+03
5.630000000000000000e+02 2.180000000000000000e+03
5.620000000000000000e+02 2.084000000000000000e+03
5.610000000000000000e+02 2.190000000000000000e+03
5.600000000000000000e+02 2.368000000000000000e+03
5.590000000000000000e+02 2.341000000000000000e+03
5.580000000000000000e+02 2.319000000000000000e+03
5.570000000000000000e+02 2.262000000000000000e+03
5.560000000000000000e+02 2.198000000000000000e+03
5.550000000000000000e+02 2.098000000000000000e+03
5.540000000000000000e+02 1.847000000000000000e+03
5.530000000000000000e+02 1.939000000000000000e+03
5.520000000000000000e+02 1.794000000000000000e+03
5.510000000000000000e+02 1.812000000000000000e+03
5.500000000000000000e+02 1.840000000000000000e+03
5.490000000000000000e+02 1.691000000000000000e+03
5.480000000000000000e+02 1.390000000000000000e+03
5.470000000000000000e+02 1.272000000000000000e+03
5.460000000000000000e+02 1.202000000000000000e+03
5.450000000000000000e+02 1.137000000000000000e+03
5.440000000000000000e+02 9.830000000000000000e+02
5.430000000000000000e+02 1.110000000000000000e+03
5.420000000000000000e+02 1.030000000000000000e+03
5.410000000000000000e+02 1.041000000000000000e+03
5.400000000000000000e+02 1.078000000000000000e+03
5.390000000000000000e+02 1.194000000000000000e+03
5.380000000000000000e+02 1.141000000000000000e+03
5.370000000000000000e+02 1.117000000000000000e+03
5.360000000000000000e+02 1.066000000000000000e+03
5.350000000000000000e+02 1.137000000000000000e+03
5.340000000000000000e+02 9.440000000000000000e+02
5.330000000000000000e+02 1.015000000000000000e+03
5.320000000000000000e+02 9.940000000000000000e+02
5.310000000000000000e+02 1.002000000000000000e+03
5.300000000000000000e+02 1.130000000000000000e+03
5.290000000000000000e+02 1.145000000000000000e+03
5.280000000000000000e+02 1.298000000000000000e+03
5.270000000000000000e+02 1.496000000000000000e+03
5.260000000000000000e+02 1.535000000000000000e+03
5.250000000000000000e+02 1.815000000000000000e+03
5.240000000000000000e+02 2.110000000000000000e+03
5.230000000000000000e+02 2.240000000000000000e+03
5.220000000000000000e+02 2.208000000000000000e+03
5.210000000000000000e+02 2.172000000000000000e+03
5.200000000000000000e+02 2.357000000000000000e+03
5.190000000000000000e+02 2.578000000000000000e+03
5.180000000000000000e+02 1.985000000000000000e+03
5.170000000000000000e+02 2.239000000000000000e+03
5.160000000000000000e+02 2.419000000000000000e+03
5.150000000000000000e+02 2.953000000000000000e+03
5.140000000000000000e+02 3.981000000000000000e+03
5.130000000000000000e+02 5.104000000000000000e+03
5.120000000000000000e+02 6.181000000000000000e+03
5.110000000000000000e+02 7.580000000000000000e+03
5.100000000000000000e+02 8.260000000000000000e+03
5.090000000000000000e+02 8.727000000000000000e+03
5.080000000000000000e+02 9.010000000000000000e+03
5.070000000000000000e+02 9.009000000000000000e+03
5.060000000000000000e+02 9.036000000000000000e+03
5.050000000000000000e+02 9.407000000000000000e+03
5.040000000000000000e+02 9.678000000000000000e+03
5.030000000000000000e+02 1.029900000000000000e+04
5.020000000000000000e+02 1.132800000000000000e+04
5.010000000000000000e+02 1.110100000000000000e+04
5.000000000000000000e+02 1.143400000000000000e+04
4.990000000000000000e+02 1.172900000000000000e+04
4.980000000000000000e+02 1.190700000000000000e+04
4.970000000000000000e+02 1.196300000000000000e+04
4.960000000000000000e+02 1.143300000000000000e+04
4.950000000000000000e+02 1.004800000000000000e+04
4.940000000000000000e+02 9.558000000000000000e+03
4.930000000000000000e+02 9.037000000000000000e+03
4.920000000000000000e+02 8.324000000000000000e+03
4.910000000000000000e+02 8.199000000000000000e+03
4.900000000000000000e+02 8.129000000000000000e+03
4.890000000000000000e+02 8.309000000000000000e+03
4.880000000000000000e+02 8.360000000000000000e+03
4.870000000000000000e+02 9.010000000000000000e+03
4.860000000000000000e+02 9.488000000000000000e+03
4.850000000000000000e+02 9.635000000000000000e+03
4.840000000000000000e+02 1.018300000000000000e+04
4.830000000000000000e+02 1.004000000000000000e+04
4.820000000000000000e+02 9.102000000000000000e+03
4.810000000000000000e+02 9.446000000000000000e+03
4.800000000000000000e+02 9.288000000000000000e+03
4.790000000000000000e+02 8.909000000000000000e+03
4.780000000000000000e+02 8.891000000000000000e+03
4.770000000000000000e+02 8.715000000000000000e+03
4.760000000000000000e+02 8.422000000000000000e+03
4.750000000000000000e+02 8.089000000000000000e+03
4.740000000000000000e+02 7.960000000000000000e+03
4.730000000000000000e+02 7.614000000000000000e+03
4.720000000000000000e+02 7.606000000000000000e+03
4.710000000000000000e+02 7.387000000000000000e+03
4.700000000000000000e+02 6.523000000000000000e+03
4.690000000000000000e+02 5.632000000000000000e+03
4.680000000000000000e+02 5.366000000000000000e+03
4.670000000000000000e+02 4.986000000000000000e+03
4.660000000000000000e+02 4.790000000000000000e+03
4.650000000000000000e+02 4.766000000000000000e+03
4.640000000000000000e+02 4.792000000000000000e+03
4.630000000000000000e+02 4.518000000000000000e+03
4.620000000000000000e+02 4.358000000000000000e+03
4.610000000000000000e+02 3.846000000000000000e+03
4.600000000000000000e+02 3.678000000000000000e+03
4.590000000000000000e+02 3.168000000000000000e+03
4.580000000000000000e+02 2.811000000000000000e+03
4.570000000000000000e+02 3.107000000000000000e+03
4.560000000000000000e+02 3.120000000000000000e+03
4.550000000000000000e+02 2.916000000000000000e+03
4.540000000000000000e+02 3.564000000000000000e+03
4.530000000000000000e+02 4.508000000000000000e+03
4.520000000000000000e+02 4.824000000000000000e+03
4.510000000000000000e+02 5.658000000000000000e+03
4.500000000000000000e+02 6.900000000000000000e+03
4.490000000000000000e+02 7.686000000000000000e+03
4.480000000000000000e+02 8.038000000000000000e+03
4.470000000000000000e+02 7.584000000000000000e+03
4.460000000000000000e+02 6.754000000000000000e+03
4.450000000000000000e+02 6.313000000000000000e+03
4.440000000000000000e+02 5.653000000000000000e+03
4.430000000000000000e+02 4.922000000000000000e+03
4.420000000000000000e+02 3.847000000000000000e+03
4.410000000000000000e+02 3.335000000000000000e+03
4.400000000000000000e+02 2.828000000000000000e+03
4.390000000000000000e+02 2.491000000000000000e+03
4.380000000000000000e+02 2.468000000000000000e+03
4.370000000000000000e+02 2.683000000000000000e+03
4.360000000000000000e+02 3.230000000000000000e+03
4.350000000000000000e+02 3.819000000000000000e+03
4.340000000000000000e+02 4.078000000000000000e+03
4.330000000000000000e+02 3.726000000000000000e+03
4.320000000000000000e+02 3.557000000000000000e+03
4.310000000000000000e+02 3.040000000000000000e+03
4.300000000000000000e+02 2.167000000000000000e+03
4.290000000000000000e+02 2.121000000000000000e+03
4.280000000000000000e+02 2.399000000000000000e+03
4.270000000000000000e+02 3.597000000000000000e+03
4.260000000000000000e+02 6.153000000000000000e+03
4.250000000000000000e+02 9.857000000000000000e+03
4.240000000000000000e+02 -1.000000000000000000e+00
4.230000000000000000e+02 -1.000000000000000000e+00
4.220000000000000000e+02 -1.000000000000000000e+00
4.210000000000000000e+02 -1.000000000000000000e+00
4.200000000000000000e+02 -1.000000000000000000e+00
4.190000000000000000e+02 -1.000000000000000000e+00
4.180000000000000000e+02 -1.000000000000000000e+00
4.170000000000000000e+02 -1.000000000000000000e+00
4.160000000000000000e+02 -1.000000000000000000e+00
4.150000000000000000e+02 -1.000000000000000000e+00
4.140000000000000000e+02 -1.000000000000000000e+00
4.130000000000000000e+02 -1.000000000000000000e+00
4.120000000000000000e+02 -1.000000000000000000e+00
4.110000000000000000e+02 -1.000000000000000000e+00
4.100000000000000000e+02 -1.000000000000000000e+00
4.090000000000000000e+02 -1.000000000000000000e+00
4.080000000000000000e+02 -1.000000000000000000e+00
4.070000000000000000e+02 2.150200000000000000e+04
4.060000000000000000e+02 2.321400000000000000e+04
4.050000000000000000e+02 2.288100000000000000e+04
4.040000000000000000e+02 2.250300000000000000e+04
4.030000000000000000e+02 2.206300000000000000e+04
4.020000000000000000e+02 2.088900000000000000e+04
4.010000000000000000e+02 2.030500000000000000e+04
4.000000000000000000e+02 1.868000000000000000e+04
3.990000000000000000e+02 1.663000000000000000e+04
3.980000000000000000e+02 1.462800000000000000e+04
3.970000000000000000e+02 1.282100000000000000e+04
3.960000000000000000e+02 1.151700000000000000e+04
3.950000000000000000e+02 1.076600000000000000e+04
3.940000000000000000e+02 9.774000000000000000e+03
3.930000000000000000e+02 8.317000000000000000e+03
3.920000000000000000e+02 6.578000000000000000e+03
3.910000000000000000e+02 4.807000000000000000e+03
3.900000000000000000e+02 2.951000000000000000e+03
3.890000000000000000e+02 2.404000000000000000e+03
3.880000000000000000e+02 2.337000000000000000e+03
3.870000000000000000e+02 1.997000000000000000e+03
3.860000000000000000e+02 1.721000000000000000e+03
3.850000000000000000e+02 1.471000000000000000e+03
3.840000000000000000e+02 1.598000000000000000e+03
3.830000000000000000e+02 1.972000000000000000e+03
3.820000000000000000e+02 2.524000000000000000e+03
3.810000000000000000e+02 3.297000000000000000e+03
3.800000000000000000e+02 4.356000000000000000e+03
3.790000000000000000e+02 5.520000000000000000e+03
3.780000000000000000e+02 6.653000000000000000e+03
3.770000000000000000e+02 7.387000000000000000e+03
3.760000000000000000e+02 8.286000000000000000e+03
3.750000000000000000e+02 9.327000000000000000e+03
3.740000000000000000e+02 1.058100000000000000e+04
3.730000000000000000e+02 1.249000000000000000e+04
3.720000000000000000e+02 1.496400000000000000e+04
3.710000000000000000e+02 1.664300000000000000e+04
3.700000000000000000e+02 1.797400000000000000e+04
3.690000000000000000e+02 1.916200000000000000e+04
3.680000000000000000e+02 1.911600000000000000e+04
3.670000000000000000e+02 1.852900000000000000e+04
3.660000000000000000e+02 1.765100000000000000e+04
3.650000000000000000e+02 1.711400000000000000e+04
3.640000000000000000e+02 1.685100000000000000e+04
3.630000000000000000e+02 1.681500000000000000e+04
3.620000000000000000e+02 1.643800000000000000e+04
3.610000000000000000e+02 1.606300000000000000e+04
3.600000000000000000e+02 1.564000000000000000e+04
3.590000000000000000e+02 1.616000000000000000e+04
3.580000000000000000e+02 1.698000000000000000e+04
3.570000000000000000e+02 1.808500000000000000e+04
3.560000000000000000e+02 1.890100000000000000e+04
3.550000000000000000e+02 1.945100000000000000e+04
3.540000000000000000e+02 1.952300000000000000e+04
3.530000000000000000e+02 1.999500000000000000e+04
3.520000000000000000e+02 2.049800000000000000e+04
3.510000000000000000e+02 2.068800000000000000e+04
3.500000000000000000e+02 2.079200000000000000e+04
3.490000000000000000e+02 2.043400000000000000e+04
3.480000000000000000e+02 2.009400000000000000e+04
3.470000000000000000e+02 1.916100000000000000e+04
3.460000000000000000e+02 1.846500000000000000e+04
3.450000000000000000e+02 1.707000000000000000e+04
3.440000000000000000e+02 1.577500000000000000e+04
3.430000000000000000e+02 1.486100000000000000e+04
3.420000000000000000e+02 1.417400000000000000e+04
3.410000000000000000e+02 1.340800000000000000e+04
3.400000000000000000e+02 1.260900000000000000e+04
3.390000000000000000e+02 1.194600000000000000e+04
3.380000000000000000e+02 1.136700000000000000e+04
3.370000000000000000e+02 1.091400000000000000e+04
3.360000000000000000e+02 1.041400000000000000e+04
3.350000000000000000e+02 9.674000000000000000e+03
3.340000000000000000e+02 9.330000000000000000e+03
3.330000000000000000e+02 8.900000000000000000e+03
3.320000000000000000e+02 8.498000000000000000e+03
3.310000000000000000e+02 8.314000000000000000e+03
3.300000000000000000e+02 8.054000000000000000e+03
3.290000000000000000e+02 7.908000000000000000e+03
3.280000000000000000e+02 7.706000000000000000e+03
3.270000000000000000e+02 7.467000000000000000e+03
3.260000000000000000e+02 7.424000000000000000e+03
3.250000000000000000e+02 7.140000000000000000e+03
3.240000000000000000e+02 6.947000000000000000e+03
3.230000000000000000e+02 6.756000000000000000e+03
3.220000000000000000e+02 6.410000000000000000e+03
3.210000000000000000e+02 6.556000000000000000e+03
3.200000000000000000e+02 6.630000000000000000e+03
3.190000000000000000e+02 6.499000000000000000e+03
3.180000000000000000e+02 6.560000000000000000e+03
3.170000000000000000e+02 6.482000000000000000e+03
3.160000000000000000e+02 6.481000000000000000e+03
3.150000000000000000e+02 6.297000000000000000e+03
3.140000000000000000e+02 6.142000000000000000e+03
3.130000000000000000e+02 6.055000000000000000e+03
3.120000000000000000e+02 5.864000000000000000e+03
3.110000000000000000e+02 4.814000000000000000e+03
3.100000000000000000e+02 4.689000000000000000e+03
3.090000000000000000e+02 4.567000000000000000e+03
3.080000000000000000e+02 5.098000000000000000e+03
3.070000000000000000e+02 4.950000000000000000e+03
3.060000000000000000e+02 4.730000000000000000e+03
3.050000000000000000e+02 4.372000000000000000e+03
3.040000000000000000e+02 4.102000000000000000e+03
3.030000000000000000e+02 3.959000000000000000e+03
3.020000000000000000e+02 3.727000000000000000e+03
3.010000000000000000e+02 3.640000000000000000e+03
3.000000000000000000e+02 3.273000000000000000e+03
2.990000000000000000e+02 3.089000000000000000e+03
2.980000000000000000e+02 2.797000000000000000e+03
2.970000000000000000e+02 2.658000000000000000e+03
2.960000000000000000e+02 2.500000000000000000e+03
2.950000000000000000e+02 2.330000000000000000e+03
2.940000000000000000e+02 2.090000000000000000e+03
2.930000000000000000e+02 1.907000000000000000e+03
2.920000000000000000e+02 1.775000000000000000e+03
2.910000000000000000e+02 1.586000000000000000e+03
2.900000000000000000e+02 1.411000000000000000e+03
2.890000000000000000e+02 1.231000000000000000e+03
2.880000000000000000e+02 1.132000000000000000e+03
2.870000000000000000e+02 9.440000000000000000e+02
2.860000000000000000e+02 7.930000000000000000e+02
2.850000000000000000e+02 6.740000000000000000e+02
2.840000000000000000e+02 5.500000000000000000e+02
2.830000000000000000e+02 4.180000000000000000e+02
2.820000000000000000e+02 3.430000000000000000e+02
2.810000000000000000e+02 2.180000000000000000e+02
2.800000000000000000e+02 1.390000000000000000e+02
2.790000000000000000e+02 1.580000000000000000e+02
2.780000000000000000e+02 1.110000000000000000e+02
2.770000000000000000e+02 1.220000000000000000e+02
2.760000000000000000e+02 1.230000000000000000e+02
2.750000000000000000e+02 1.220000000000000000e+02
2.740000000000000000e+02 1.400000000000000000e+02
2.730000000000000000e+02 1.310000000000000000e+02
2.720000000000000000e+02 1.430000000000000000e+02
2.710000000000000000e+02 1.590000000000000000e+02
2.700000000000000000e+02 1.440000000000000000e+02
2.690000000000000000e+02 1.500000000000000000e+02
2.680000000000000000e+02 1.560000000000000000e+02
2.670000000000000000e+02 1.630000000000000000e+02
2.660000000000000000e+02 1.750000000000000000e+02
2.650000000000000000e+02 1.720000000000000000e+02
2.640000000000000000e+02 1.980000000000000000e+02
2.630000000000000000e+02 2.020000000000000000e+02
2.620000000000000000e+02 1.740000000000000000e+02
2.610000000000000000e+02 2.030000000000000000e+02
2.600000000000000000e+02 2.130000000000000000e+02
2.590000000000000000e+02 2.340000000000000000e+02
2.580000000000000000e+02 2.250000000000000000e+02
2.570000000000000000e+02 2.270000000000000000e+02
2.560000000000000000e+02 2.390000000000000000e+02
2.550000000000000000e+02 2.240000000000000000e+02
2.540000000000000000e+02 2.810000000000000000e+02
2.530000000000000000e+02 2.430000000000000000e+02
2.520000000000000000e+02 2.710000000000000000e+02
2.510000000000000000e+02 2.780000000000000000e+02
2.500000000000000000e+02 2.790000000000000000e+02
2.490000000000000000e+02 3.110000000000000000e+02
2.480000000000000000e+02 3.320000000000000000e+02
2.470000000000000000e+02 3.720000000000000000e+02
2.460000000000000000e+02 3.640000000000000000e+02
2.450000000000000000e+02 3.760000000000000000e+02
2.440000000000000000e+02 3.540000000000000000e+02
2.430000000000000000e+02 4.480000000000000000e+02
2.420000000000000000e+02 4.220000000000000000e+02
2.410000000000000000e+02 4.790000000000000000e+02
2.400000000000000000e+02 4.310000000000000000e+02
2.390000000000000000e+02 4.840000000000000000e+02
2.380000000000000000e+02 5.120000000000000000e+02
2.370000000000000000e+02 4.890000000000000000e+02
2.360000000000000000e+02 5.410000000000000000e+02
2.350000000000000000e+02 6.320000000000000000e+02
2.340000000000000000e+02 6.120000000000000000e+02
2.330000000000000000e+02 7.060000000000000000e+02
2.320000000000000000e+02 7.930000000000000000e+02
2.310000000000000000e+02 8.230000000000000000e+02
2.300000000000000000e+02 7.870000000000000000e+02
2.290000000000000000e+02 8.890000000000000000e+02
2.280000000000000000e+02 9.330000000000000000e+02
2.270000000000000000e+02 9.940000000000000000e+02
2.260000000000000000e+02 1.037000000000000000e+03
2.250000000000000000e+02 1.193000000000000000e+03
2.240000000000000000e+02 1.213000000000000000e+03
2.230000000000000000e+02 1.321000000000000000e+03
2.220000000000000000e+02 1.473000000000000000e+03
2.210000000000000000e+02 1.641000000000000000e+03
2.200000000000000000e+02 1.863000000000000000e+03
2.190000000000000000e+02 2.181000000000000000e+03
2.180000000000000000e+02 2.297000000000000000e+03
2.170000000000000000e+02 2.574000000000000000e+03
2.160000000000000000e+02 2.453000000000000000e+03
2.150000000000000000e+02 2.256000000000000000e+03
2.140000000000000000e+02 2.082000000000000000e+03
2.130000000000000000e+02 1.787000000000000000e+03
2.120000000000000000e+02 -1.000000000000000000e+00
2.110000000000000000e+02 -1.000000000000000000e+00
2.100000000000000000e+02 -1.000000000000000000e+00
2.090000000000000000e+02 -1.000000000000000000e+00
2.080000000000000000e+02 -1.000000000000000000e+00
2.070000000000000000e+02 -1.000000000000000000e+00
2.060000000000000000e+02 -1.000000000000000000e+00
2.050000000000000000e+02 -1.000000000000000000e+00
2.040000000000000000e+02 -1.000000000000000000e+00
2.030000000000000000e+02 -1.000000000000000000e+00
2.020000000000000000e+02 -1.000000000000000000e+00
2.010000000000000000e+02 -1.000000000000000000e+00
2.000000000000000000e+02 -1.000000000000000000e+00
1.990000000000000000e+02 -1.000000000000000000e+00
1.980000000000000000e+02 -1.000000000000000000e+00
1.970000000000000000e+02 -1.000000000000000000e+00
1.960000000000000000e+02 -1.000000000000000000e+00
1.950000000000000000e+02 2.229000000000000000e+03
1.940000000000000000e+02 2.213000000000000000e+03
1.930000000000000000e+02 2.130000000000000000e+03
1.920000000000000000e+02 2.251000000000000000e+03
1.910000000000000000e+02 2.253000000000000000e+03
1.900000000000000000e+02 2.022000000000000000e+03
1.890000000000000000e+02 1.963000000000000000e+03
1.880000000000000000e+02 2.047000000000000000e+03
1.870000000000000000e+02 2.056000000000000000e+03
1.860000000000000000e+02 2.221000000000000000e+03
1.850000000000000000e+02 2.213000000000000000e+03
1.840000000000000000e+02 2.185000000000000000e+03
1.830000000000000000e+02 2.189000000000000000e+03
1.820000000000000000e+02 2.022000000000000000e+03
1.810000000000000000e+02 1.910000000000000000e+03
1.800000000000000000e+02 2.006000000000000000e+03
1.790000000000000000e+02 2.325000000000000000e+03
1.780000000000000000e+02 2.876000000000000000e+03
1.770000000000000000e+02 3.257000000000000000e+03
1.760000000000000000e+02 3.373000000000000000e+03
1.750000000000000000e+02 3.112000000000000000e+03
1.740000000000000000e+02 3.095000000000000000e+03
1.730000000000000000e+02 3.275000000000000000e+03
1.720000000000000000e+02 3.581000000000000000e+03
1.710000000000000000e+02 3.928000000000000000e+03
1.700000000000000000e+02 3.835000000000000000e+03
1.690000000000000000e+02 3.547000000000000000e+03
1.680000000000000000e+02 3.478000000000000000e+03
1.670000000000000000e+02 3.516000000000000000e+03
1.660000000000000000e+02 3.403000000000000000e+03
1.650000000000000000e+02 3.048000000000000000e+03
1.640000000000000000e+02 2.807000000000000000e+03
1.630000000000000000e+02 2.572000000000000000e+03
1.620000000000000000e+02 2.518000000000000000e+03
1.610000000000000000e+02 2.409000000000000000e+03
1.600000000000000000e+02 2.405000000000000000e+03
1.590000000000000000e+02 2.510000000000000000e+03
1.580000000000000000e+02 2.477000000000000000e+03
1.570000000000000000e+02 2.407000000000000000e+03
1.560000000000000000e+02 2.319000000000000000e+03
1.550000000000000000e+02 2.246000000000000000e+03
1.540000000000000000e+02 2.435000000000000000e+03
1.530000000000000000e+02 2.632000000000000000e+03
1.520000000000000000e+02 2.446000000000000000e+03
1.510000000000000000e+02 2.301000000000000000e+03
1.500000000000000000e+02 2.510000000000000000e+03
1.490000000000000000e+02 2.619000000000000000e+03
1.480000000000000000e+02 2.644000000000000000e+03
1.470000000000000000e+02 2.726000000000000000e+03
1.460000000000000000e+02 2.658000000000000000e+03
1.450000000000000000e+02 2.835000000000000000e+03
1.440000000000000000e+02 3.194000000000000000e+03
1.430000000000000000e+02 3.859000000000000000e+03
1.420000000000000000e+02 4.389000000000000000e+03
1.410000000000000000e+02 4.988000000000000000e+03
1.400000000000000000e+02 5.578000000000000000e+03
1.390000000000000000e+02 5.737000000000000000e+03
1.380000000000000000e+02 6.158000000000000000e+03
1.370000000000000000e+02 6.477000000000000000e+03
1.360000000000000000e+02 6.532000000000000000e+03
1.350000000000000000e+02 6.213000000000000000e+03
1.340000000000000000e+02 5.748000000000000000e+03
1.330000000000000000e+02 5.295000000000000000e+03
1.320000000000000000e+02 4.975000000000000000e+03
1.310000000000000000e+02 4.931000000000000000e+03
1.300000000000000000e+02 4.786000000000000000e+03
1.290000000000000000e+02 4.117000000000000000e+03
1.280000000000000000e+02 3.552000000000000000e+03
1.270000000000000000e+02 3.419000000000000000e+03
1.260000000000000000e+02 3.522000000000000000e+03
1.250000000000000000e+02 3.199000000000000000e+03
1.240000000000000000e+02 3.327000000000000000e+03
1.230000000000000000e+02 3.156000000000000000e+03
1.220000000000000000e+02 3.027000000000000000e+03
1.210000000000000000e+02 3.155000000000000000e+03
1.200000000000000000e+02 3.563000000000000000e+03
1.190000000000000000e+02 3.326000000000000000e+03
1.180000000000000000e+02 3.063000000000000000e+03
1.170000000000000000e+02 3.466000000000000000e+03
1.160000000000000000e+02 3.864000000000000000e+03
1.150000000000000000e+02 3.986000000000000000e+03
1.140000000000000000e+02 4.240000000000000000e+03
1.130000000000000000e+02 4.324000000000000000e+03
1.120000000000000000e+02 3.898000000000000000e+03
1.110000000000000000e+02 2.933000000000000000e+03
1.100000000000000000e+02 3.133000000000000000e+03
1.090000000000000000e+02 3.153000000000000000e+03
1.080000000000000000e+02 2.934000000000000000e+03
1.070000000000000000e+02 2.642000000000000000e+03
1.060000000000000000e+02 2.334000000000000000e+03
1.050000000000000000e+02 2.268000000000000000e+03
1.040000000000000000e+02 2.630000000000000000e+03
1.030000000000000000e+02 2.465000000000000000e+03
1.020000000000000000e+02 2.272000000000000000e+03
1.010000000000000000e+02 2.645000000000000000e+03
1.000000000000000000e+02 3.029000000000000000e+03
9.900000000000000000e+01 2.858000000000000000e+03
9.800000000000000000e+01 2.685000000000000000e+03
9.700000000000000000e+01 2.516000000000000000e+03
9.600000000000000000e+01 1.976000000000000000e+03
9.500000000000000000e+01 2.080000000000000000e+03
9.400000000000000000e+01 2.109000000000000000e+03
9.300000000000000000e+01 1.827000000000000000e+03
9.200000000000000000e+01 1.662000000000000000e+03
9.100000000000000000e+01 1.547000000000000000e+03
9.000000000000000000e+01 1.389000000000000000e+03
8.900000000000000000e+01 1.386000000000000000e+03
8.800000000000000000e+01 1.375000000000000000e+03
8.700000000000000000e+01 1.268000000000000000e+03
8.600000000000000000e+01 1.339000000000000000e+03
8.500000000000000000e+01 1.372000000000000000e+03
8.400000000000000000e+01 1.688000000000000000e+03
8.300000000000000000e+01 1.754000000000000000e+03
8.200000000000000000e+01 1.310000000000000000e+03
8.100000000000000000e+01 1.424000000000000000e+03
8.000000000000000000e+01 1.770000000000000000e+03
7.900000000000000000e+01 1.382000000000000000e+03
7.800000000000000000e+01 1.183000000000000000e+03
7.700000000000000000e+01 1.447000000000000000e+03
7.600000000000000000e+01 1.721000000000000000e+03
7.500000000000000000e+01 1.867000000000000000e+03
7.400000000000000000e+01 1.412000000000000000e+03
7.300000000000000000e+01 1.552000000000000000e+03
7.200000000000000000e+01 1.712000000000000000e+03
7.100000000000000000e+01 1.710000000000000000e+03
7.000000000000000000e+01 1.514000000000000000e+03
6.900000000000000000e+01 1.269000000000000000e+03
6.800000000000000000e+01 9.510000000000000000e+02
6.700000000000000000e+01 8.370000000000000000e+02
6.600000000000000000e+01 6.010000000000000000e+02
6.500000000000000000e+01 4.080000000000000000e+02
6.400000000000000000e+01 2.440000000000000000e+02
6.300000000000000000e+01 1.480000000000000000e+02
6.200000000000000000e+01 1.540000000000000000e+02
6.100000000000000000e+01 1.090000000000000000e+02
6.000000000000000000e+01 1.020000000000000000e+02
5.900000000000000000e+01 8.600000000000000000e+01
5.800000000000000000e+01 9.000000000000000000e+01
5.700000000000000000e+01 8.900000000000000000e+01
5.600000000000000000e+01 8.200000000000000000e+01
5.500000000000000000e+01 7.200000000000000000e+01
5.400000000000000000e+01 9.000000000000000000e+01
5.300000000000000000e+01 8.400000000000000000e+01
5.200000000000000000e+01 8.500000000000000000e+01
5.100000000000000000e+01 6.700000000000000000e+01
5.000000000000000000e+01 6.400000000000000000e+01
4.900000000000000000e+01 5.900000000000000000e+01
4.800000000000000000e+01 7.300000000000000000e+01
4.700000000000000000e+01 6.100000000000000000e+01
4.600000000000000000e+01 7.100000000000000000e+01
4.500000000000000000e+01 8.200000000000000000e+01
4.400000000000000000e+01 9.400000000000000000e+01
4.300000000000000000e+01 1.400000000000000000e+02
4.200000000000000000e+01 1.910000000000000000e+02
4.100000000000000000e+01 2.460000000000000000e+02
4.000000000000000000e+01 2.380000000000000000e+02
3.900000000000000000e+01 2.610000000000000000e+02
3.800000000000000000e+01 2.630000000000000000e+02
3.700000000000000000e+01 2.460000000000000000e+02
3.600000000000000000e+01 2.120000000000000000e+02
3.500000000000000000e+01 1.360000000000000000e+02
3.400000000000000000e+01 1.340000000000000000e+02
3.300000000000000000e+01 1.030000000000000000e+02
3.200000000000000000e+01 1.040000000000000000e+02
3.100000000000000000e+01 1.070000000000000000e+02
3.000000000000000000e+01 1.040000000000000000e+02
2.900000000000000000e+01 1.110000000000000000e+02
2.800000000000000000e+01 1.640000000000000000e+02
2.700000000000000000e+01 2.840000000000000000e+02
2.600000000000000000e+01 3.390000000000000000e+02
2.500000000000000000e+01 3.290000000000000000e+02
2.400000000000000000e+01 3.590000000000000000e+02
2.300000000000000000e+01 2.700000000000000000e+02
2.200000000000000000e+01 1.550000000000000000e+02
2.100000000000000000e+01 1.590000000000000000e+02
2.000000000000000000e+01 1.600000000000000000e+02
1.900000000000000000e+01 1.880000000000000000e+02
1.800000000000000000e+01 2.090000000000000000e+02
1.700000000000000000e+01 1.980000000000000000e+02
1.600000000000000000e+01 1.780000000000000000e+02
1.500000000000000000e+01 1.460000000000000000e+02
1.400000000000000000e+01 1.700000000000000000e+02
1.300000000000000000e+01 1.620000000000000000e+02
1.200000000000000000e+01 1.280000000000000000e+02
1.100000000000000000e+01 1.260000000000000000e+02
1.000000000000000000e+01 1.440000000000000000e+02
9.000000000000000000e+00 1.350000000000000000e+02
8.000000000000000000e+00 1.390000000000000000e+02
7.000000000000000000e+00 1.580000000000000000e+02
6.000000000000000000e+00 2.150000000000000000e+02
5.000000000000000000e+00 3.810000000000000000e+02
4.000000000000000000e+00 5.820000000000000000e+02
3.000000000000000000e+00 6.400000000000000000e+02
2.000000000000000000e+00 5.120000000000000000e+02
1.000000000000000000e+00 4.820000000000000000e+02
