0.017303619536076037 0.003162273978097705
0.057888046679288846 0.918670839023419
0.1126126312209729 0.9794801147749992
0.16120641447273426 1.0
0.19605512006501208 0.11421178843761944
0.22522242296520936 0.07977439179569243
0.2508976178907344 0.07477297536082403
0.2741216303577241 0.06895827714815948
0.29549570553495547 0.07671010411261517
0.31540679082868867 0.08556136809162962
0.33412211913076045 0.08842570641458242
0.3518357480313782 0.07373796912664815
0.36869402201091434 0.06137782561512246
0.3848106142756547 0.04968907102243288
0.4002759481441407 0.04414208862426473
0.41516337761685984 0.03987752602809732
0.42953339741309926 0.02538354468337171
0.44343660180339395 0.011758139476032726
0.4569158197623503 0.0028674381179409035
0.470007691026713 0.004908002334591893
0.482743852533607 0.00782293205329922
0.4951518470581511 0.009321266323097523
0.5072558297586565 0.009954426660957279
0.5190771250663982 0.009253536922125622
0.5306346709783984 0.007224692245675641
0.5419453774193365 0.004605517079152318
0.5530244181740771 0.002274817853383218
0.5638854708631655 0.0007891645338070185
0.5745409158454307 0.00022171511747541743
0.585002002333433 0.0003004137958688846
0.5952789881001502 0.0006645187911919682
0.6053812577376612 0.001050989001632071
0.6153174233627866 0.001338510953648947
0.6250954108547968 0.0014932103887297767
0.6347225340888543 0.0015017014191239318
0.6442055591476161 0.0013493041905941084
0.6535507601175372 0.0010469041165931492
0.6627639677805008 0.0006709307344017118
0.6718506122766664 0.0003780740076463257
0.6808157606269334 0.00038007469333473044
0.6896641498526614 0.000889950712982115
0.6984002163083107 0.0020624360874347864
0.7070281217433927 0.003948207749179102
0.7155517765288897 0.0064731290530722334
0.7239748604164578 0.009446409876546394
0.7323008411434739 0.01259489899221325
0.7405329911510827 0.01561378147502327
0.7486744026440877 0.01821941181891138
0.7567280011894312 0.020191050436913438
0.764696558022994 0.02139415918743211
0.7725827012116175 0.021784686852770716
0.7803889257979038 0.021398273301316856
0.7881176030388808 0.020330190135860397
0.7957709888355577 0.01871214407743715
0.8033512314383447 0.016691305643956038
0.8108603785029671 0.014415031841342395
0.8183003835625684 0.012022066360416125
0.8256731119739971 0.009638584160363454
0.8329803463895693 0.007376352298547397
0.8402237917997966 0.005330729070871394
0.8474050801874997 0.0035775771815711173
