0.03228811831350809 -0.042835483831380014
0.097510873748616 -0.0013531358585999818
0.1839139554679771 0.0
0.2549552845863208 -0.869214988857626
0.3075818073188698 -0.9087551773905111
0.3519454014576394 -0.793762631947923
0.3911339745277713 -0.9195862275414547
0.42665626586791894 -1.2647359925744108
0.45939579179319623 -1.3655099706849714
0.48992603982649774 -1.1875411646594742
0.5186454146508473 -1.244826944521763
0.5458444889507469 -1.547183667953366
0.5717431284286404 -1.7698783071238633
0.5965125709858281 -1.3954029689629464
0.6202893284258162 -1.2308414601266753
0.6431843446269869 -1.228615329012928
0.6652892554987164 -1.4796307600282248
0.6866808013218063 -1.8457504235295414
0.7074240186846725 -2.0401667509602857
0.7275746016503339 -1.6616569274467836
0.7471806825368219 -1.3805891381302808
0.7662841979774103 -1.265749689092713
0.7849219527029505 -1.285680863682482
0.803126459095644 -1.4356021661853906
0.8209266077805406 -1.739796653409226
0.8383482090918772 -2.2006518728245488
0.8554144345937091 -2.232216608532153
0.8721461803401722 -1.8253036605505437
0.8885623682053176 -1.5674483640121788
0.904680197728718 -1.4527420201715247
0.9205153580684406 -1.4498104970562986
0.9360822075287056 -1.551370322107741
