0.024714328353477123 -0.944766321090579
0.06011299111503714 -0.03137839735586141
0.10364846277318936 0.0
0.12930886548190695 -0.048828684191323524
0.15030074836966323 -1.111323229488722
0.16858903607360298 -1.6012816375021948
0.1850309487518383 -1.1745887283779914
0.20010195372865391 -0.8460629388451636
0.21410065037511952 -0.6834341765345343
0.22722985289708333 -0.6652319540567547
0.23963506158744977 -0.7917815243807663
0.2514249870562292 -1.07522569677274
0.262683450704518 -1.5819824045519322
0.2734767315039419 -2.0980872009038416
0.28385833012517514 -1.8773631231827008
0.2938721834597954 -1.5153285660857836
0.30355490592166756 -1.2787473135125116
0.3129373959291478 -1.133606611155862
0.32204601484936984 -1.0287301123274255
0.3309034700103054 -0.9611381531611941
0.33952948795414883 -0.915337586967146
0.34794133588873266 -0.894218310907501
0.3561542312432496 -0.8901333233137009
0.36418166738361146 -0.9002931811876669
0.3720356755806772 -0.9235245463128736
0.37972703786392553 -0.9916540177177259
0.38726546157808067 -1.0864069309444857
0.3946597237498082 -1.2341665574494571
0.40191779141648754 -1.3908624740218054
0.409046922639037 -1.6269146811760935
0.4160537518613734 -1.9617002476772636
0.4229443624850189 -2.442257954978429
0.429724348925683 -2.7244002640765204
0.4363988699581355 -2.282938270252071
0.44297269479992757 -1.9010012612106013
0.44945024310728077 -1.6449530524923959
0.4558356198386514 -1.4663906415070556
0.46213264576905744 -1.3379402015468227
0.4683448843007828 -1.244580546206502
0.4744756651057257 -1.177503640598803
0.48052810504553467 -1.1312978695801004
0.48650512674324037 -1.1025875019705573
0.49240947512092115 -1.089318253913103
0.49824373216930545 -1.0903560102159875
0.5040103301750799 -1.1052560166036236
0.5097115635983496 -1.1341400865752111
0.5153495997649489 -1.1776563172522336
0.5209264885150462 -1.2370179612084446
0.5264441709299662 -1.3141395177733324
0.5319044872426528 -1.4119201828207053
0.5373091840232429 -1.5347869499970779
0.5426599207193403 -1.6897496593953933
0.5479582756204529 -1.8885654215800614
0.5532057513073864 -2.1524555579363707
0.5584037796399459 -2.5214406463433723
0.5635537263298793 -3.0257947512546153
0.5686568951404639 -3.088149829681737
0.5737145317493367 -2.602174838429251
0.5787278273070037 -2.239010308614328
0.583697921719831 -1.9859086056923427
0.5886259066831527 -1.7998890938622336
0.5935128284873681 -1.6578620401018846
0.5983596906174486 -1.5470130211759094
0.603167456164152 -1.459657551683414
0.6079370500633563 -1.3908840841542982
0.6126693611782474 -1.33740367147437
0.6173652442376475 -1.2969449443843821
0.6220255216424362 -1.2679148449201367
0.6266509851508868 -1.2491984780094654
0.631242397452686 -1.2400366411528032
0.6358004936404908 -1.2399495694698115
0.640325982587075 -1.2486903221817074
0.6448195482353459 -1.2662192363059155
0.6492818508078935 -1.2926955870466112
0.6537135279421074 -1.3284858242245552
0.6581151957564014 -1.3741906386991427
0.662487449852575 -1.4306966700740384
0.6668308662589346 -1.4992642371128628
0.6711460023183926 -1.5816724294072582
0.6754333975254233 -1.6804622391138393
0.6796935743154263 -1.7993587618214573
0.6839270388097667 -1.9440440124588012
0.6881342815194943 -2.12367016768976
0.6923157780105097 -2.3540539248935377
0.6964719895327304 -2.6646470620198786
0.7006033636156028 -3.105768823987752
0.7047103346321477 -3.532410889349363
0.7087933243335321 -3.1734596396984296
0.7128527423560419 -2.729763346970568
0.7168889867021706 -2.421086833652519
0.7209024441974166 -2.1965983002889224
0.7248934909242895 -2.0246599151813554
0.7288624926348712 -1.8883192283524697
0.7328098051432463 -1.7777961464027479
0.7367357746989587 -1.6870138191838406
0.7406407383426294 -1.611966351293761
0.7445250242447452 -1.549890184622816
0.7483889520285977 -1.498812227221243
0.7522328330782565 -1.4572881187180677
0.7560569708324278 -1.424242934852207
0.759861661064973 -1.3988702833850106
0.7636471921528193 -1.3805663715856304
0.767413845331957 -1.3688859947332757
0.771161894942151 -1.3635129032919886
0.7748916086609864 -1.364240085259098
0.7786032477277876 -1.3709573123100671
0.7822970671579702 -1.3836444339571097
0.7859733159482929 -1.4023696839818558
0.7896322372734952 -1.4272928807628023
0.7932740686747501 -1.4586739948565328
0.7968990422403455 -1.4968882502888712
0.8005073847789955 -1.5424498788907133
0.8040993179861152 -1.596048107433792
0.8076750586034427 -1.658601366921602
0.8112348185722995 -1.7313399229902344
0.8147788051808159 -1.815934873287753
0.8183072212053988 -1.9147064952363784
0.8218202650467191 -2.0309758733088965
0.825318130860478 -2.169691721196688
0.828801008683193 -2.3386246018808485
0.8322690845532281 -2.5508223194249644
0.8357225406272925 -2.8299833666035528
0.8391615552926135 -3.2202384493354135
0.8425863032749794 -3.7240975398102467
0.8459969557428276 -3.6314869248113
0.8493936804075639 -3.1422405177934727
0.8527766416202761 -2.789460679305022
0.8561460004649948 -2.5364306484197265
0.8595019148486528 -2.343908596572736
0.8628445395878841 -2.1910425439237047
0.866174026492804 -2.066138730548783
0.869490524447889 -1.9621041486156876
0.8727941794900795 -1.8743467885700575
0.8760851348842291 -1.7997374050497736
0.8793635311959929 -1.7360560503413889
0.8826295063622822 -1.6816772635345367
0.8858831957593667 -1.6353810766270385
0.8891247322687273 -1.5962343639061496
0.8923542463407479 -1.5635135393449502
0.8955718660563315 -1.5366526288185374
0.8987777171865283 -1.5152075148648239
0.9019719232502378 -1.4988308480720949
0.9051546055700858 -1.4872542259255708
0.9083258833265228 -1.4802754884982858
0.911485873610224 -1.4777497483260287
0.914634691472855 -1.4795832627223886
0.9177724499762606 -1.4857295851847645
0.9208992602401366 -1.4961876659824143
0.9240152314882513 -1.5110017529498276
0.9271204710932577 -1.530263101395293
0.9302150846201638 -1.5541136607831822
0.9332991758684719 -1.5827520895443832
0.9363728469131043 -1.616442687975523
0.9394361981440744 -1.6555281763165668
0.9424893283050313 -1.7004477506591906
0.9455323345306518 -1.7517626424396495
0.9485653123829654 -1.810192700506192
