0.04155534807244243 -0.22549174635028912
0.10200148246545984 -0.19216918072080325
0.17670506629862706 0.0
0.2217956447485061 -0.363457034489527
0.25848038806872853 -0.35052524325987244
0.29036618790450774 -0.5720630620276874
0.3189946440774124 -0.28532456848228804
0.3452131319724888 -0.1427693679968349
0.36955099370214184 -0.1629687432358689
0.3923664907481739 -0.35793540019582065
0.4139159819330179 -0.7495222398669368
0.43439063161112773 -1.1541542079845357
0.4539376101602076 -0.8763883920257877
0.47267314242567166 -0.584093282332348
0.49069094871744334 -0.444941350415597
0.508067928981054 -0.4395742524985275
0.5248681195061553 -0.5574837941062076
0.5411455249822825 -0.8349067483307607
0.5569461943523183 -1.2934128703421977
0.57230977397135 -1.4983575731613061
0.5872706907276071 -1.0880635875371305
0.6018590676546784 -0.7839247786001722
0.6161014425461897 -0.620306602694304
0.6300213390910185 -0.5561313814328862
0.6436397259596929 -0.5723855520513418
0.6569753896213661 -0.6661466557377782
0.6700452399344577 -0.8487215508161291
0.6828645627724779 -1.1506082281926777
0.6954472305001721 -1.6092867184235242
0.7078058785961635 -1.8221489073749704
0.7199520548534389 -1.3846101585358017
0.7318963461920936 -1.0370073496388068
0.7436484870608722 -0.8236179828425646
0.7552174525948046 -0.70016536645509
0.7666115390713899 -0.6428468887918215
0.7778384337210522 -0.6406331734191764
0.7889052755653899 -0.690250448684153
0.7998187086542778 -0.7947596917600072
0.8105849288318377 -0.9648663081407862
0.8212097249678748 -1.2239974029610723
0.8316985154351983 -1.6164466897373715
0.8420563804863852 -2.0927378336022238
0.8522880910799009 -1.8904221596269868
0.8623981346203747 -1.4490827865219276
0.8723907380075615 -1.1560350929955976
0.8822698883302387 -0.9676929310117255
0.8920393514927263 -0.8493649320215808
0.9017026890210682 -0.7831682916746114
0.9112632732617592 -0.7600339066438496
0.9207243011570801 -0.7759959541430723
0.930088806756698 -0.8307836126778232
0.9393596726044389 -0.9277340940321164
0.9485396401214425 -1.0749937964527598
