-0.057711881686491905 -0.37883548383138
0.007510873748616004 -0.33735313585859994
0.0939139554679771 -0.33599999999999997
0.16495528458632078 -1.205214988857626
0.2175818073188698 -1.2447551773905112
0.26194540145763945 -1.1297626319479228
0.30113397452777135 -1.2555862275414547
0.33665626586791897 -1.600735992574411
0.36939579179319626 -1.7015099706849712
0.39992603982649777 -1.5235411646594743
0.4286454146508474 -1.580826944521763
0.4558444889507469 -1.8831836679533658
0.4817431284286404 -2.1058783071238634
0.5065125709858281 -1.7314029689629464
0.5302893284258162 -1.5668414601266751
0.553184344626987 -1.5646153290129279
0.5752892554987165 -1.8156307600282249
0.5966808013218063 -2.1817504235295413
0.6174240186846726 -2.3761667509602855
0.637574601650334 -1.9976569274467835
0.6571806825368219 -1.716589138130281
0.6762841979774104 -1.601749689092713
0.6949219527029505 -1.621680863682482
0.713126459095644 -1.7716021661853905
0.7309266077805406 -2.075796653409226
0.7483482090918773 -2.5366518728245486
0.7654144345937092 -2.5682166085321527
0.7821461803401722 -2.161303660550544
0.7985623682053177 -1.9034483640121787
0.814680197728718 -1.7887420201715245
0.8305153580684407 -1.7858104970562985
0.8460822075287057 -1.8873703221077411
