-0.06528567164652288 -0.464766321090579
-0.02988700888496286 0.4486216026441386
0.01364846277318936 0.48
0.03930886548190696 0.43117131580867646
0.06030074836966323 -0.6313232294887221
0.07858903607360299 -1.1212816375021948
0.09503094875183829 -0.6945887283779915
0.11010195372865392 -0.3660629388451636
0.12410065037511953 -0.20343417653453433
0.13722985289708334 -0.18523195405675474
0.14963506158744977 -0.31178152438076634
0.16142498705622918 -0.5952256967727401
0.172683450704518 -1.1019824045519322
0.18347673150394192 -1.6180872009038416
0.19385833012517514 -1.3973631231827008
0.20387218345979538 -1.0353285660857836
0.21355490592166756 -0.7987473135125116
0.22293739592914782 -0.653606611155862
0.23204601484936985 -0.5487301123274255
0.2409034700103054 -0.4811381531611941
0.24952948795414884 -0.435337586967146
0.2579413358887327 -0.41421831090750105
0.26615423124324955 -0.4101333233137009
0.2741816673836115 -0.4202931811876669
0.2820356755806772 -0.44352454631287364
0.2897270378639255 -0.5116540177177259
0.29726546157808065 -0.6064069309444857
0.3046597237498082 -0.7541665574494572
0.31191779141648757 -0.9108624740218054
0.319046922639037 -1.1469146811760935
0.3260537518613734 -1.4817002476772636
0.3329443624850189 -1.962257954978429
0.33972434892568304 -2.2444002640765204
0.3463988699581355 -1.802938270252071
0.35297269479992754 -1.4210012612106013
0.3594502431072808 -1.164953052492396
0.3658356198386514 -0.9863906415070556
0.37213264576905747 -0.8579402015468227
0.37834488430078284 -0.7645805462065021
0.38447566510572573 -0.6975036405988031
0.3905281050455347 -0.6512978695801004
0.39650512674324034 -0.6225875019705573
0.4024094751209212 -0.609318253913103
0.40824373216930543 -0.6103560102159875
0.41401033017507993 -0.6252560166036236
0.4197115635983496 -0.6541400865752112
0.4253495997649489 -0.6976563172522336
0.4309264885150462 -0.7570179612084447
0.43644417092996624 -0.8341395177733324
0.44190448724265285 -0.9319201828207053
0.44730918402324293 -1.054786949997078
0.45265992071934036 -1.2097496593953934
0.4579582756204529 -1.4085654215800614
0.4632057513073864 -1.6724555579363707
0.46840377963994595 -2.0414406463433723
0.47355372632987935 -2.5457947512546153
0.47865689514046394 -2.608149829681737
0.48371453174933676 -2.122174838429251
0.4887278273070037 -1.7590103086143278
0.49369792171983107 -1.5059086056923427
0.49862590668315276 -1.3198890938622336
0.5035128284873681 -1.1778620401018847
0.5083596906174487 -1.0670130211759095
0.513167456164152 -0.9796575516834141
0.5179370500633563 -0.9108840841542982
0.5226693611782475 -0.85740367147437
0.5273652442376475 -0.8169449443843821
0.5320255216424362 -0.7879148449201367
0.5366509851508868 -0.7691984780094654
0.541242397452686 -0.7600366411528032
0.5458004936404909 -0.7599495694698115
0.550325982587075 -0.7686903221817074
0.554819548235346 -0.7862192363059155
0.5592818508078935 -0.8126955870466113
0.5637135279421074 -0.8484858242245552
0.5681151957564015 -0.8941906386991427
0.572487449852575 -0.9506966700740385
0.5768308662589346 -1.0192642371128628
0.5811460023183926 -1.1016724294072582
0.5854333975254233 -1.2004622391138393
0.5896935743154263 -1.3193587618214573
0.5939270388097667 -1.4640440124588012
0.5981342815194943 -1.64367016768976
0.6023157780105097 -1.8740539248935377
0.6064719895327304 -2.1846470620198786
0.6106033636156029 -2.625768823987752
0.6147103346321477 -3.052410889349363
0.6187933243335322 -2.6934596396984296
0.6228527423560419 -2.249763346970568
0.6268889867021706 -1.9410868336525189
0.6309024441974166 -1.7165983002889225
0.6348934909242895 -1.5446599151813554
0.6388624926348713 -1.4083192283524697
0.6428098051432464 -1.2977961464027479
0.6467357746989587 -1.2070138191838407
0.6506407383426295 -1.131966351293761
0.6545250242447452 -1.069890184622816
0.6583889520285977 -1.018812227221243
0.6622328330782565 -0.9772881187180678
0.6660569708324279 -0.944242934852207
0.669861661064973 -0.9188702833850106
0.6736471921528193 -0.9005663715856305
0.677413845331957 -0.8888859947332757
0.6811618949421511 -0.8835129032919886
0.6848916086609864 -0.8842400852590979
0.6886032477277876 -0.8909573123100671
0.6922970671579702 -0.9036444339571097
0.6959733159482929 -0.9223696839818558
0.6996322372734952 -0.9472928807628023
0.7032740686747502 -0.9786739948565328
0.7068990422403455 -1.0168882502888712
0.7105073847789956 -1.0624498788907133
0.7140993179861153 -1.116048107433792
0.7176750586034427 -1.178601366921602
0.7212348185722995 -1.2513399229902344
0.7247788051808159 -1.335934873287753
0.7283072212053988 -1.4347064952363784
0.7318202650467192 -1.5509758733088965
0.735318130860478 -1.689691721196688
0.738801008683193 -1.8586246018808485
0.7422690845532282 -2.0708223194249644
0.7457225406272925 -2.349983366603553
0.7491615552926135 -2.7402384493354135
0.7525863032749794 -3.2440975398102467
0.7559969557428277 -3.1514869248113
0.7593936804075639 -2.6622405177934727
0.7627766416202761 -2.309460679305022
0.7661460004649948 -2.0564306484197266
0.7695019148486528 -1.863908596572736
0.7728445395878841 -1.7110425439237047
0.776174026492804 -1.5861387305487828
0.779490524447889 -1.4821041486156876
0.7827941794900796 -1.3943467885700576
0.7860851348842292 -1.3197374050497737
0.7893635311959929 -1.256056050341389
0.7926295063622822 -1.2016772635345367
0.7958831957593667 -1.1553810766270385
0.7991247322687274 -1.1162343639061496
0.8023542463407479 -1.0835135393449502
0.8055718660563316 -1.0566526288185374
0.8087777171865284 -1.0352075148648239
0.8119719232502378 -1.018830848072095
0.8151546055700858 -1.0072542259255708
0.8183258833265228 -1.0002754884982858
0.8214858736102241 -0.9977497483260287
0.8246346914728551 -0.9995832627223886
0.8277724499762606 -1.0057295851847645
0.8308992602401366 -1.0161876659824143
0.8340152314882513 -1.0310017529498277
0.8371204710932577 -1.050263101395293
0.8402150846201638 -1.0741136607831823
0.8432991758684719 -1.1027520895443832
0.8463728469131043 -1.136442687975523
0.8494361981440745 -1.1755281763165668
0.8524893283050313 -1.2204477506591906
0.8555323345306518 -1.2717626424396495
0.8585653123829654 -1.330192700506192
