0.017303619536076037 -0.016037726021902295
0.057888046679288846 0.899470839023419
0.1126126312209729 0.9602801147749992
0.16120641447273426 0.9808
0.19605512006501208 0.09501178843761944
0.22522242296520936 0.060574391795692434
0.2508976178907344 0.055572975360824034
0.2741216303577241 0.04975827714815949
0.29549570553495547 0.057510104112615174
0.31540679082868867 0.06636136809162962
0.33412211913076045 0.06922570641458242
0.3518357480313782 0.054537969126648156
0.36869402201091434 0.042177825615122455
0.3848106142756547 0.030489071022432885
0.4002759481441407 0.024942088624264735
0.41516337761685984 0.02067752602809732
0.42953339741309926 0.0061835446833717125
0.44343660180339395 -0.007441860523967272
0.4569158197623503 -0.016332561882059095
0.470007691026713 -0.014291997665408104
0.482743852533607 -0.011377067946700778
0.4951518470581511 -0.009878733676902476
0.5072558297586565 -0.00924557333904272
0.5190771250663982 -0.009946463077874376
0.5306346709783984 -0.011975307754324357
0.5419453774193365 -0.01459448292084768
0.5530244181740771 -0.01692518214661678
0.5638854708631655 -0.01841083546619298
0.5745409158454307 -0.01897828488252458
0.585002002333433 -0.018899586204131114
0.5952789881001502 -0.01853548120880803
0.6053812577376612 -0.018149010998367927
0.6153174233627866 -0.017861489046351053
0.6250954108547968 -0.017706789611270222
0.6347225340888543 -0.017698298580876067
0.6442055591476161 -0.01785069580940589
0.6535507601175372 -0.01815309588340685
0.6627639677805008 -0.018529069265598285
0.6718506122766664 -0.01882192599235367
0.6808157606269334 -0.018819925306665267
0.6896641498526614 -0.018310049287017884
0.6984002163083107 -0.017137563912565212
0.7070281217433927 -0.015251792250820895
0.7155517765288897 -0.012726870946927765
0.7239748604164578 -0.009753590123453604
0.7323008411434739 -0.006605101007786749
0.7405329911510827 -0.003586218524976729
0.7486744026440877 -0.0009805881810886173
0.7567280011894312 0.0009910504369134397
0.764696558022994 0.0021941591874321126
0.7725827012116175 0.002584686852770718
0.7803889257979038 0.0021982733013168575
0.7881176030388808 0.001130190135860399
0.7957709888355577 -0.0004878559225628479
0.8033512314383447 -0.0025086943560439605
0.8108603785029671 -0.004784968158657603
0.8183003835625684 -0.007177933639583873
0.8256731119739971 -0.009561415839636545
0.8329803463895693 -0.0118236477014526
0.8402237917997966 -0.013869270929128603
0.8474050801874997 -0.01562242281842888
