-0.048444651927557564 -0.6958917463502892
0.012001482465459845 -0.6625691807208032
0.08670506629862706 -0.4704
0.1317956447485061 -0.833857034489527
0.16848038806872853 -0.8209252432598724
0.20036618790450775 -1.0424630620276873
0.2289946440774124 -0.755724568482288
0.25521313197248885 -0.6131693679968349
0.27955099370214187 -0.6333687432358689
0.3023664907481739 -0.8283354001958206
0.32391598193301785 -1.2199222398669367
0.3443906316111277 -1.6245542079845356
0.36393761016020765 -1.3467883920257877
0.38267314242567163 -1.054493282332348
0.4006909487174434 -0.9153413504155969
0.41806792898105405 -0.9099742524985275
0.43486811950615534 -1.0278837941062076
0.45114552498228255 -1.3053067483307608
0.4669461943523183 -1.7638128703421976
0.48230977397135 -1.968757573161306
0.4972706907276071 -1.5584635875371304
0.5118590676546785 -1.254324778600172
0.5261014425461897 -1.090706602694304
0.5400213390910186 -1.0265313814328862
0.5536397259596929 -1.0427855520513418
0.5669753896213662 -1.1365466557377781
0.5800452399344578 -1.3191215508161291
0.5928645627724779 -1.6210082281926776
0.6054472305001721 -2.0796867184235244
0.6178058785961635 -2.2925489073749703
0.629952054853439 -1.8550101585358016
0.6418963461920937 -1.5074073496388067
0.6536484870608722 -1.2940179828425646
0.6652174525948046 -1.17056536645509
0.6766115390713899 -1.1132468887918214
0.6878384337210522 -1.1110331734191763
0.69890527556539 -1.160650448684153
0.7098187086542779 -1.2651596917600072
0.7205849288318378 -1.4352663081407862
0.7312097249678748 -1.6943974029610722
0.7416985154351984 -2.0868466897373716
0.7520563804863852 -2.563137833602224
0.7622880910799009 -2.360822159626987
0.7723981346203748 -1.9194827865219275
0.7823907380075615 -1.6264350929955975
0.7922698883302387 -1.4380929310117254
0.8020393514927263 -1.3197649320215807
0.8117026890210682 -1.2535682916746114
0.8212632732617592 -1.2304339066438497
0.8307243011570802 -1.2463959541430722
0.8400888067566981 -1.3011836126778231
0.8493596726044389 -1.3981340940321163
0.8585396401214426 -1.5453937964527598
