1.043000000000000000e+03 0.000000000000000000e+00
1.042000000000000000e+03 0.000000000000000000e+00
1.041000000000000000e+03 0.000000000000000000e+00
1.040000000000000000e+03 0.000000000000000000e+00
1.039000000000000000e+03 0.000000000000000000e+00
1.038000000000000000e+03 0.000000000000000000e+00
1.037000000000000000e+03 0.000000000000000000e+00
1.036000000000000000e+03 0.000000000000000000e+00
1.035000000000000000e+03 0.000000000000000000e+00
1.034000000000000000e+03 0.000000000000000000e+00
1.033000000000000000e+03 0.000000000000000000e+00
1.032000000000000000e+03 0.000000000000000000e+00
1.031000000000000000e+03 0.000000000000000000e+00
1.030000000000000000e+03 0.000000000000000000e+00
1.029000000000000000e+03 0.000000000000000000e+00
1.028000000000000000e+03 0.000000000000000000e+00
1.027000000000000000e+03 0.000000000000000000e+00
1.026000000000000000e+03 0.000000000000000000e+00
1.025000000000000000e+03 0.000000000000000000e+00
1.024000000000000000e+03 0.000000000000000000e+00
1.023000000000000000e+03 0.000000000000000000e+00
1.022000000000000000e+03 1.000000000000000000e+00
1.021000000000000000e+03 0.000000000000000000e+00
1.020000000000000000e+03 0.000000000000000000e+00
1.019000000000000000e+03 0.000000000000000000e+00
1.018000000000000000e+03 0.000000000000000000e+00
1.017000000000000000e+03 1.000000000000000000e+00
1.016000000000000000e+03 0.000000000000000000e+00
1.015000000000000000e+03 0.000000000000000000e+00
1.014000000000000000e+03 0.000000000000000000e+00
1.013000000000000000e+03 0.000000000000000000e+00
1.012000000000000000e+03 0.000000000000000000e+00
1.011000000000000000e+03 0.000000000000000000e+00
1.010000000000000000e+03 0.000000000000000000e+00
1.009000000000000000e+03 1.000000000000000000e+00
1.008000000000000000e+03 1.000000000000000000e+00
1.007000000000000000e+03 1.000000000000000000e+00
1.006000000000000000e+03 0.000000000000000000e+00
1.005000000000000000e+03 1.000000000000000000e+00
1.004000000000000000e+03 1.000000000000000000e+00
1.003000000000000000e+03 0.000000000000000000e+00
1.002000000000000000e+03 0.000000000000000000e+00
1.001000000000000000e+03 0.000000000000000000e+00
1.000000000000000000e+03 0.000000000000000000e+00
9.990000000000000000e+02 1.000000000000000000e+00
9.980000000000000000e+02 0.000000000000000000e+00
9.970000000000000000e+02 1.000000000000000000e+00
9.960000000000000000e+02 1.000000000000000000e+00
9.950000000000000000e+02 0.000000000000000000e+00
9.940000000000000000e+02 0.000000000000000000e+00
9.930000000000000000e+02 0.000000000000000000e+00
9.920000000000000000e+02 1.000000000000000000e+00
9.910000000000000000e+02 0.000000000000000000e+00
9.900000000000000000e+02 0.000000000000000000e+00
9.890000000000000000e+02 1.000000000000000000e+00
9.880000000000000000e+02 0.000000000000000000e+00
9.870000000000000000e+02 1.000000000000000000e+00
9.860000000000000000e+02 2.000000000000000000e+00
9.850000000000000000e+02 1.000000000000000000e+00
9.840000000000000000e+02 0.000000000000000000e+00
9.830000000000000000e+02 0.000000000000000000e+00
9.820000000000000000e+02 0.000000000000000000e+00
9.810000000000000000e+02 0.000000000000000000e+00
9.800000000000000000e+02 0.000000000000000000e+00
9.790000000000000000e+02 0.000000000000000000e+00
9.780000000000000000e+02 0.000000000000000000e+00
9.770000000000000000e+02 0.000000000000000000e+00
9.760000000000000000e+02 0.000000000000000000e+00
9.750000000000000000e+02 0.000000000000000000e+00
9.740000000000000000e+02 1.000000000000000000e+00
9.730000000000000000e+02 0.000000000000000000e+00
9.720000000000000000e+02 0.000000000000000000e+00
9.710000000000000000e+02 0.000000000000000000e+00
9.700000000000000000e+02 0.000000000000000000e+00
9.690000000000000000e+02 0.000000000000000000e+00
9.680000000000000000e+02 0.000000000000000000e+00
9.670000000000000000e+02 0.000000000000000000e+00
9.660000000000000000e+02 0.000000000000000000e+00
9.650000000000000000e+02 0.000000000000000000e+00
9.640000000000000000e+02 0.000000000000000000e+00
9.630000000000000000e+02 0.000000000000000000e+00
9.620000000000000000e+02 0.000000000000000000e+00
9.610000000000000000e+02 0.000000000000000000e+00
9.600000000000000000e+02 0.000000000000000000e+00
9.590000000000000000e+02 0.000000000000000000e+00
9.580000000000000000e+02 0.000000000000000000e+00
9.570000000000000000e+02 0.000000000000000000e+00
9.560000000000000000e+02 0.000000000000000000e+00
9.550000000000000000e+02 0.000000000000000000e+00
9.540000000000000000e+02 0.000000000000000000e+00
9.530000000000000000e+02 0.000000000000000000e+00
9.520000000000000000e+02 0.000000000000000000e+00
9.510000000000000000e+02 0.000000000000000000e+00
9.500000000000000000e+02 0.000000000000000000e+00
9.490000000000000000e+02 0.000000000000000000e+00
9.480000000000000000e+02 0.000000000000000000e+00
9.470000000000000000e+02 0.000000000000000000e+00
9.460000000000000000e+02 0.000000000000000000e+00
9.450000000000000000e+02 0.000000000000000000e+00
9.440000000000000000e+02 0.000000000000000000e+00
9.430000000000000000e+02 1.000000000000000000e+00
9.420000000000000000e+02 1.000000000000000000e+00
9.410000000000000000e+02 0.000000000000000000e+00
9.400000000000000000e+02 0.000000000000000000e+00
9.390000000000000000e+02 0.000000000000000000e+00
9.380000000000000000e+02 2.000000000000000000e+00
9.370000000000000000e+02 0.000000000000000000e+00
9.360000000000000000e+02 0.000000000000000000e+00
9.350000000000000000e+02 2.000000000000000000e+00
9.340000000000000000e+02 0.000000000000000000e+00
9.330000000000000000e+02 2.000000000000000000e+00
9.320000000000000000e+02 1.000000000000000000e+00
9.310000000000000000e+02 1.000000000000000000e+00
9.300000000000000000e+02 5.000000000000000000e+00
9.290000000000000000e+02 1.000000000000000000e+00
9.280000000000000000e+02 1.000000000000000000e+00
9.270000000000000000e+02 1.000000000000000000e+00
9.260000000000000000e+02 0.000000000000000000e+00
9.250000000000000000e+02 0.000000000000000000e+00
9.240000000000000000e+02 0.000000000000000000e+00
9.230000000000000000e+02 2.000000000000000000e+00
9.220000000000000000e+02 0.000000000000000000e+00
9.210000000000000000e+02 2.000000000000000000e+00
9.200000000000000000e+02 0.000000000000000000e+00
9.190000000000000000e+02 1.000000000000000000e+00
9.180000000000000000e+02 2.000000000000000000e+00
9.170000000000000000e+02 2.000000000000000000e+00
9.160000000000000000e+02 3.000000000000000000e+00
9.150000000000000000e+02 0.000000000000000000e+00
9.140000000000000000e+02 2.000000000000000000e+00
9.130000000000000000e+02 1.000000000000000000e+00
9.120000000000000000e+02 2.000000000000000000e+00
9.110000000000000000e+02 0.000000000000000000e+00
9.100000000000000000e+02 4.000000000000000000e+00
9.090000000000000000e+02 4.000000000000000000e+00
9.080000000000000000e+02 0.000000000000000000e+00
9.070000000000000000e+02 0.000000000000000000e+00
9.060000000000000000e+02 1.000000000000000000e+00
9.050000000000000000e+02 1.000000000000000000e+00
9.040000000000000000e+02 0.000000000000000000e+00
9.030000000000000000e+02 0.000000000000000000e+00
9.020000000000000000e+02 0.000000000000000000e+00
9.010000000000000000e+02 0.000000000000000000e+00
9.000000000000000000e+02 0.000000000000000000e+00
8.990000000000000000e+02 1.000000000000000000e+00
8.980000000000000000e+02 0.000000000000000000e+00
8.970000000000000000e+02 0.000000000000000000e+00
8.960000000000000000e+02 0.000000000000000000e+00
8.950000000000000000e+02 1.000000000000000000e+00
8.940000000000000000e+02 0.000000000000000000e+00
8.930000000000000000e+02 0.000000000000000000e+00
8.920000000000000000e+02 0.000000000000000000e+00
8.910000000000000000e+02 0.000000000000000000e+00
8.900000000000000000e+02 0.000000000000000000e+00
8.890000000000000000e+02 0.000000000000000000e+00
8.880000000000000000e+02 0.000000000000000000e+00
8.870000000000000000e+02 0.000000000000000000e+00
8.860000000000000000e+02 0.000000000000000000e+00
8.850000000000000000e+02 0.000000000000000000e+00
8.840000000000000000e+02 0.000000000000000000e+00
8.830000000000000000e+02 0.000000000000000000e+00
8.820000000000000000e+02 0.000000000000000000e+00
8.810000000000000000e+02 0.000000000000000000e+00
8.800000000000000000e+02 0.000000000000000000e+00
8.790000000000000000e+02 0.000000000000000000e+00
8.780000000000000000e+02 0.000000000000000000e+00
8.770000000000000000e+02 0.000000000000000000e+00
8.760000000000000000e+02 0.000000000000000000e+00
8.750000000000000000e+02 0.000000000000000000e+00
8.740000000000000000e+02 0.000000000000000000e+00
8.730000000000000000e+02 0.000000000000000000e+00
8.720000000000000000e+02 0.000000000000000000e+00
8.710000000000000000e+02 1.000000000000000000e+00
8.700000000000000000e+02 0.000000000000000000e+00
8.690000000000000000e+02 0.000000000000000000e+00
8.680000000000000000e+02 0.000000000000000000e+00
8.670000000000000000e+02 0.000000000000000000e+00
8.660000000000000000e+02 2.000000000000000000e+00
8.650000000000000000e+02 0.000000000000000000e+00
8.640000000000000000e+02 1.000000000000000000e+00
8.630000000000000000e+02 1.000000000000000000e+00
8.620000000000000000e+02 1.000000000000000000e+00
8.610000000000000000e+02 1.000000000000000000e+00
8.600000000000000000e+02 1.000000000000000000e+00
8.590000000000000000e+02 1.000000000000000000e+00
8.580000000000000000e+02 2.000000000000000000e+00
8.570000000000000000e+02 0.000000000000000000e+00
8.560000000000000000e+02 2.000000000000000000e+00
8.550000000000000000e+02 4.000000000000000000e+00
8.540000000000000000e+02 4.000000000000000000e+00
8.530000000000000000e+02 3.000000000000000000e+00
8.520000000000000000e+02 1.000000000000000000e+00
8.510000000000000000e+02 4.000000000000000000e+00
8.500000000000000000e+02 2.000000000000000000e+00
8.490000000000000000e+02 6.000000000000000000e+00
8.480000000000000000e+02 -1.000000000000000000e+00
8.470000000000000000e+02 -1.000000000000000000e+00
8.460000000000000000e+02 -1.000000000000000000e+00
8.450000000000000000e+02 -1.000000000000000000e+00
8.440000000000000000e+02 -1.000000000000000000e+00
8.430000000000000000e+02 -1.000000000000000000e+00
8.420000000000000000e+02 -1.000000000000000000e+00
8.410000000000000000e+02 -1.000000000000000000e+00
8.400000000000000000e+02 -1.000000000000000000e+00
8.390000000000000000e+02 -1.000000000000000000e+00
8.380000000000000000e+02 -1.000000000000000000e+00
8.370000000000000000e+02 -1.000000000000000000e+00
8.360000000000000000e+02 -1.000000000000000000e+00
8.350000000000000000e+02 -1.000000000000000000e+00
8.340000000000000000e+02 -1.000000000000000000e+00
8.330000000000000000e+02 -1.000000000000000000e+00
8.320000000000000000e+02 -1.000000000000000000e+00
8.310000000000000000e+02 5.500000000000000000e+02
8.300000000000000000e+02 4.650000000000000000e+02
8.290000000000000000e+02 4.520000000000000000e+02
8.280000000000000000e+02 4.200000000000000000e+02
8.270000000000000000e+02 4.470000000000000000e+02
8.260000000000000000e+02 4.600000000000000000e+02
8.250000000000000000e+02 4.430000000000000000e+02
8.240000000000000000e+02 4.480000000000000000e+02
8.230000000000000000e+02 3.790000000000000000e+02
8.220000000000000000e+02 3.530000000000000000e+02
8.210000000000000000e+02 3.290000000000000000e+02
8.200000000000000000e+02 2.600000000000000000e+02
8.190000000000000000e+02 2.590000000000000000e+02
8.180000000000000000e+02 2.900000000000000000e+02
8.170000000000000000e+02 2.430000000000000000e+02
8.160000000000000000e+02 2.410000000000000000e+02
8.150000000000000000e+02 2.200000000000000000e+02
8.140000000000000000e+02 2.070000000000000000e+02
8.130000000000000000e+02 1.710000000000000000e+02
8.120000000000000000e+02 1.610000000000000000e+02
8.110000000000000000e+02 1.630000000000000000e+02
8.100000000000000000e+02 1.420000000000000000e+02
8.090000000000000000e+02 1.370000000000000000e+02
8.080000000000000000e+02 1.090000000000000000e+02
8.070000000000000000e+02 7.600000000000000000e+01
8.060000000000000000e+02 6.600000000000000000e+01
8.050000000000000000e+02 5.400000000000000000e+01
8.040000000000000000e+02 7.000000000000000000e+01
8.030000000000000000e+02 6.000000000000000000e+01
8.020000000000000000e+02 7.600000000000000000e+01
8.010000000000000000e+02 7.400000000000000000e+01
8.000000000000000000e+02 6.300000000000000000e+01
7.990000000000000000e+02 8.100000000000000000e+01
7.980000000000000000e+02 8.600000000000000000e+01
7.970000000000000000e+02 9.400000000000000000e+01
7.960000000000000000e+02 1.000000000000000000e+02
7.950000000000000000e+02 1.460000000000000000e+02
7.940000000000000000e+02 1.600000000000000000e+02
7.930000000000000000e+02 1.450000000000000000e+02
7.920000000000000000e+02 1.600000000000000000e+02
7.910000000000000000e+02 1.950000000000000000e+02
7.900000000000000000e+02 1.960000000000000000e+02
7.890000000000000000e+02 1.960000000000000000e+02
7.880000000000000000e+02 2.240000000000000000e+02
7.870000000000000000e+02 2.220000000000000000e+02
7.860000000000000000e+02 1.910000000000000000e+02
7.850000000000000000e+02 2.460000000000000000e+02
7.840000000000000000e+02 3.480000000000000000e+02
7.830000000000000000e+02 3.470000000000000000e+02
7.820000000000000000e+02 4.120000000000000000e+02
7.810000000000000000e+02 4.990000000000000000e+02
7.800000000000000000e+02 5.050000000000000000e+02
7.790000000000000000e+02 4.320000000000000000e+02
7.780000000000000000e+02 5.160000000000000000e+02
7.770000000000000000e+02 5.750000000000000000e+02
7.760000000000000000e+02 6.280000000000000000e+02
7.750000000000000000e+02 6.810000000000000000e+02
7.740000000000000000e+02 7.390000000000000000e+02
7.730000000000000000e+02 7.410000000000000000e+02
7.720000000000000000e+02 5.670000000000000000e+02
7.710000000000000000e+02 5.930000000000000000e+02
7.700000000000000000e+02 6.460000000000000000e+02
7.690000000000000000e+02 7.180000000000000000e+02
7.680000000000000000e+02 7.620000000000000000e+02
7.670000000000000000e+02 9.780000000000000000e+02
7.660000000000000000e+02 1.011000000000000000e+03
7.650000000000000000e+02 9.230000000000000000e+02
7.640000000000000000e+02 8.150000000000000000e+02
7.630000000000000000e+02 6.810000000000000000e+02
7.620000000000000000e+02 7.400000000000000000e+02
7.610000000000000000e+02 7.380000000000000000e+02
7.600000000000000000e+02 8.060000000000000000e+02
7.590000000000000000e+02 9.010000000000000000e+02
7.580000000000000000e+02 8.850000000000000000e+02
7.570000000000000000e+02 7.080000000000000000e+02
7.560000000000000000e+02 6.420000000000000000e+02
7.550000000000000000e+02 6.480000000000000000e+02
7.540000000000000000e+02 7.020000000000000000e+02
7.530000000000000000e+02 6.750000000000000000e+02
7.520000000000000000e+02 7.090000000000000000e+02
7.510000000000000000e+02 8.590000000000000000e+02
7.500000000000000000e+02 8.900000000000000000e+02
7.490000000000000000e+02 8.070000000000000000e+02
7.480000000000000000e+02 6.990000000000000000e+02
7.470000000000000000e+02 6.880000000000000000e+02
7.460000000000000000e+02 6.360000000000000000e+02
7.450000000000000000e+02 5.200000000000000000e+02
7.440000000000000000e+02 5.180000000000000000e+02
7.430000000000000000e+02 4.720000000000000000e+02
7.420000000000000000e+02 4.450000000000000000e+02
7.410000000000000000e+02 4.180000000000000000e+02
7.400000000000000000e+02 4.220000000000000000e+02
7.390000000000000000e+02 4.880000000000000000e+02
7.380000000000000000e+02 4.100000000000000000e+02
7.370000000000000000e+02 3.280000000000000000e+02
7.360000000000000000e+02 3.450000000000000000e+02
7.350000000000000000e+02 2.880000000000000000e+02
7.340000000000000000e+02 2.750000000000000000e+02
7.330000000000000000e+02 2.580000000000000000e+02
7.320000000000000000e+02 2.190000000000000000e+02
7.310000000000000000e+02 2.040000000000000000e+02
7.300000000000000000e+02 1.720000000000000000e+02
7.290000000000000000e+02 1.540000000000000000e+02
7.280000000000000000e+02 1.540000000000000000e+02
7.270000000000000000e+02 1.210000000000000000e+02
7.260000000000000000e+02 1.040000000000000000e+02
7.250000000000000000e+02 6.600000000000000000e+01
7.240000000000000000e+02 1.030000000000000000e+02
7.230000000000000000e+02 7.300000000000000000e+01
7.220000000000000000e+02 8.200000000000000000e+01
7.210000000000000000e+02 7.400000000000000000e+01
7.200000000000000000e+02 9.800000000000000000e+01
7.190000000000000000e+02 1.020000000000000000e+02
7.180000000000000000e+02 1.260000000000000000e+02
7.170000000000000000e+02 1.380000000000000000e+02
7.160000000000000000e+02 1.680000000000000000e+02
7.150000000000000000e+02 1.570000000000000000e+02
7.140000000000000000e+02 1.520000000000000000e+02
7.130000000000000000e+02 1.810000000000000000e+02
7.120000000000000000e+02 2.150000000000000000e+02
7.110000000000000000e+02 2.540000000000000000e+02
7.100000000000000000e+02 2.380000000000000000e+02
7.090000000000000000e+02 2.480000000000000000e+02
7.080000000000000000e+02 2.520000000000000000e+02
7.070000000000000000e+02 2.730000000000000000e+02
7.060000000000000000e+02 3.360000000000000000e+02
7.050000000000000000e+02 3.810000000000000000e+02
7.040000000000000000e+02 4.670000000000000000e+02
7.030000000000000000e+02 5.240000000000000000e+02
7.020000000000000000e+02 5.490000000000000000e+02
7.010000000000000000e+02 4.450000000000000000e+02
7.000000000000000000e+02 4.760000000000000000e+02
6.990000000000000000e+02 5.500000000000000000e+02
6.980000000000000000e+02 6.330000000000000000e+02
6.970000000000000000e+02 7.680000000000000000e+02
6.960000000000000000e+02 8.400000000000000000e+02
6.950000000000000000e+02 8.030000000000000000e+02
6.940000000000000000e+02 8.350000000000000000e+02
6.930000000000000000e+02 7.640000000000000000e+02
6.920000000000000000e+02 8.360000000000000000e+02
6.910000000000000000e+02 7.440000000000000000e+02
6.900000000000000000e+02 7.980000000000000000e+02
6.890000000000000000e+02 7.570000000000000000e+02
6.880000000000000000e+02 8.450000000000000000e+02
6.870000000000000000e+02 9.420000000000000000e+02
6.860000000000000000e+02 1.196000000000000000e+03
6.850000000000000000e+02 1.162000000000000000e+03
6.840000000000000000e+02 1.116000000000000000e+03
6.830000000000000000e+02 1.222000000000000000e+03
6.820000000000000000e+02 1.058000000000000000e+03
6.810000000000000000e+02 1.049000000000000000e+03
6.800000000000000000e+02 9.590000000000000000e+02
6.790000000000000000e+02 1.008000000000000000e+03
6.780000000000000000e+02 1.050000000000000000e+03
6.770000000000000000e+02 1.196000000000000000e+03
6.760000000000000000e+02 1.253000000000000000e+03
6.750000000000000000e+02 1.178000000000000000e+03
6.740000000000000000e+02 9.990000000000000000e+02
6.730000000000000000e+02 1.031000000000000000e+03
6.720000000000000000e+02 9.070000000000000000e+02
6.710000000000000000e+02 7.440000000000000000e+02
6.700000000000000000e+02 6.690000000000000000e+02
6.690000000000000000e+02 5.650000000000000000e+02
6.680000000000000000e+02 5.450000000000000000e+02
6.670000000000000000e+02 5.940000000000000000e+02
6.660000000000000000e+02 5.630000000000000000e+02
6.650000000000000000e+02 6.240000000000000000e+02
6.640000000000000000e+02 7.060000000000000000e+02
6.630000000000000000e+02 7.960000000000000000e+02
6.620000000000000000e+02 7.190000000000000000e+02
6.610000000000000000e+02 6.950000000000000000e+02
6.600000000000000000e+02 6.480000000000000000e+02
6.590000000000000000e+02 6.070000000000000000e+02
6.580000000000000000e+02 5.280000000000000000e+02
6.570000000000000000e+02 4.780000000000000000e+02
6.560000000000000000e+02 4.660000000000000000e+02
6.550000000000000000e+02 4.510000000000000000e+02
6.540000000000000000e+02 4.360000000000000000e+02
6.530000000000000000e+02 3.990000000000000000e+02
6.520000000000000000e+02 2.970000000000000000e+02
6.510000000000000000e+02 2.460000000000000000e+02
6.500000000000000000e+02 2.140000000000000000e+02
6.490000000000000000e+02 1.480000000000000000e+02
6.480000000000000000e+02 1.230000000000000000e+02
6.470000000000000000e+02 1.280000000000000000e+02
6.460000000000000000e+02 1.070000000000000000e+02
6.450000000000000000e+02 9.600000000000000000e+01
6.440000000000000000e+02 1.150000000000000000e+02
6.430000000000000000e+02 1.290000000000000000e+02
6.420000000000000000e+02 1.320000000000000000e+02
6.410000000000000000e+02 1.530000000000000000e+02
6.400000000000000000e+02 1.740000000000000000e+02
6.390000000000000000e+02 2.240000000000000000e+02
6.380000000000000000e+02 2.290000000000000000e+02
6.370000000000000000e+02 2.400000000000000000e+02
6.360000000000000000e+02 -1.000000000000000000e+00
6.350000000000000000e+02 -1.000000000000000000e+00
6.340000000000000000e+02 -1.000000000000000000e+00
6.330000000000000000e+02 -1.000000000000000000e+00
6.320000000000000000e+02 -1.000000000000000000e+00
6.310000000000000000e+02 -1.000000000000000000e+00
6.300000000000000000e+02 -1.000000000000000000e+00
6.290000000000000000e+02 -1.000000000000000000e+00
6.280000000000000000e+02 -1.000000000000000000e+00
6.270000000000000000e+02 -1.000000000000000000e+00
6.260000000000000000e+02 -1.000000000000000000e+00
6.250000000000000000e+02 -1.000000000000000000e+00
6.240000000000000000e+02 -1.000000000000000000e+00
6.230000000000000000e+02 -1.000000000000000000e+00
6.220000000000000000e+02 -1.000000000000000000e+00
6.210000000000000000e+02 -1.000000000000000000e+00
6.200000000000000000e+02 -1.000000000000000000e+00
6.190000000000000000e+02 1.357000000000000000e+03
6.180000000000000000e+02 1.388000000000000000e+03
6.170000000000000000e+02 1.306000000000000000e+03
6.160000000000000000e+02 1.317000000000000000e+03
6.150000000000000000e+02 1.253000000000000000e+03
6.140000000000000000e+02 1.395000000000000000e+03
6.130000000000000000e+02 1.354000000000000000e+03
6.120000000000000000e+02 1.244000000000000000e+03
6.110000000000000000e+02 1.205000000000000000e+03
6.100000000000000000e+02 1.272000000000000000e+03
6.090000000000000000e+02 1.294000000000000000e+03
6.080000000000000000e+02 1.372000000000000000e+03
6.070000000000000000e+02 1.417000000000000000e+03
6.060000000000000000e+02 1.618000000000000000e+03
6.050000000000000000e+02 1.868000000000000000e+03
6.040000000000000000e+02 2.046000000000000000e+03
6.030000000000000000e+02 2.354000000000000000e+03
6.020000000000000000e+02 2.416000000000000000e+03
6.010000000000000000e+02 2.238000000000000000e+03
6.000000000000000000e+02 2.187000000000000000e+03
5.990000000000000000e+02 2.184000000000000000e+03
5.980000000000000000e+02 2.008000000000000000e+03
5.970000000000000000e+02 2.044000000000000000e+03
5.960000000000000000e+02 2.017000000000000000e+03
5.950000000000000000e+02 1.996000000000000000e+03
5.940000000000000000e+02 2.294000000000000000e+03
5.930000000000000000e+02 2.341000000000000000e+03
5.920000000000000000e+02 2.689000000000000000e+03
5.910000000000000000e+02 2.887000000000000000e+03
5.900000000000000000e+02 2.758000000000000000e+03
5.890000000000000000e+02 3.024000000000000000e+03
5.880000000000000000e+02 3.098000000000000000e+03
5.870000000000000000e+02 2.939000000000000000e+03
5.860000000000000000e+02 2.704000000000000000e+03
5.850000000000000000e+02 2.437000000000000000e+03
5.840000000000000000e+02 2.149000000000000000e+03
5.830000000000000000e+02 1.764000000000000000e+03
5.820000000000000000e+02 1.597000000000000000e+03
5.810000000000000000e+02 1.393000000000000000e+03
5.800000000000000000e+02 1.186000000000000000e+03
5.790000000000000000e+02 9.900000000000000000e+02
5.780000000000000000e+02 7.170000000000000000e+02
5.770000000000000000e+02 6.130000000000000000e+02
5.760000000000000000e+02 5.440000000000000000e+02
5.750000000000000000e+02 4.180000000000000000e+02
5.740000000000000000e+02 3.630000000000000000e+02
5.730000000000000000e+02 2.730000000000000000e+02
5.720000000000000000e+02 2.230000000000000000e+02
5.710000000000000000e+02 2.000000000000000000e+02
5.700000000000000000e+02 1.640000000000000000e+02
5.690000000000000000e+02 1.490000000000000000e+02
5.680000000000000000e+02 1.580000000000000000e+02
5.670000000000000000e+02 1.650000000000000000e+02
5.660000000000000000e+02 1.370000000000000000e+02
5.650000000000000000e+02 1.410000000000000000e+02
5.640000000000000000e+02 1.460000000000000000e+02
5.630000000000000000e+02 1.850000000000000000e+02
5.620000000000000000e+02 2.000000000000000000e+02
5.610000000000000000e+02 2.300000000000000000e+02
5.600000000000000000e+02 2.680000000000000000e+02
5.590000000000000000e+02 3.250000000000000000e+02
5.580000000000000000e+02 3.420000000000000000e+02
5.570000000000000000e+02 3.990000000000000000e+02
5.560000000000000000e+02 5.530000000000000000e+02
5.550000000000000000e+02 5.840000000000000000e+02
5.540000000000000000e+02 8.670000000000000000e+02
5.530000000000000000e+02 9.380000000000000000e+02
5.520000000000000000e+02 1.085000000000000000e+03
5.510000000000000000e+02 1.331000000000000000e+03
5.500000000000000000e+02 1.442000000000000000e+03
5.490000000000000000e+02 1.696000000000000000e+03
5.480000000000000000e+02 1.720000000000000000e+03
5.470000000000000000e+02 1.728000000000000000e+03
5.460000000000000000e+02 1.893000000000000000e+03
5.450000000000000000e+02 1.995000000000000000e+03
5.440000000000000000e+02 2.137000000000000000e+03
5.430000000000000000e+02 2.189000000000000000e+03
5.420000000000000000e+02 2.442000000000000000e+03
5.410000000000000000e+02 2.781000000000000000e+03
5.400000000000000000e+02 2.909000000000000000e+03
5.390000000000000000e+02 3.092000000000000000e+03
5.380000000000000000e+02 3.684000000000000000e+03
5.370000000000000000e+02 4.097000000000000000e+03
5.360000000000000000e+02 4.137000000000000000e+03
5.350000000000000000e+02 3.988000000000000000e+03
5.340000000000000000e+02 3.892000000000000000e+03
5.330000000000000000e+02 3.691000000000000000e+03
5.320000000000000000e+02 3.626000000000000000e+03
5.310000000000000000e+02 3.549000000000000000e+03
5.300000000000000000e+02 3.219000000000000000e+03
5.290000000000000000e+02 2.994000000000000000e+03
5.280000000000000000e+02 3.015000000000000000e+03
5.270000000000000000e+02 2.780000000000000000e+03
5.260000000000000000e+02 2.719000000000000000e+03
5.250000000000000000e+02 2.789000000000000000e+03
5.240000000000000000e+02 3.224000000000000000e+03
5.230000000000000000e+02 3.293000000000000000e+03
5.220000000000000000e+02 3.569000000000000000e+03
5.210000000000000000e+02 3.838000000000000000e+03
5.200000000000000000e+02 4.477000000000000000e+03
5.190000000000000000e+02 4.501000000000000000e+03
5.180000000000000000e+02 4.599000000000000000e+03
5.170000000000000000e+02 4.943000000000000000e+03
5.160000000000000000e+02 5.025000000000000000e+03
5.150000000000000000e+02 5.126000000000000000e+03
5.140000000000000000e+02 5.265000000000000000e+03
5.130000000000000000e+02 5.510000000000000000e+03
5.120000000000000000e+02 5.771000000000000000e+03
5.110000000000000000e+02 5.848000000000000000e+03
5.100000000000000000e+02 6.371000000000000000e+03
5.090000000000000000e+02 7.337000000000000000e+03
5.080000000000000000e+02 7.749000000000000000e+03
5.070000000000000000e+02 8.183000000000000000e+03
5.060000000000000000e+02 8.335000000000000000e+03
5.050000000000000000e+02 8.410000000000000000e+03
5.040000000000000000e+02 7.797000000000000000e+03
5.030000000000000000e+02 7.385000000000000000e+03
5.020000000000000000e+02 6.715000000000000000e+03
5.010000000000000000e+02 6.147000000000000000e+03
5.000000000000000000e+02 5.616000000000000000e+03
4.990000000000000000e+02 4.996000000000000000e+03
4.980000000000000000e+02 4.936000000000000000e+03
4.970000000000000000e+02 4.613000000000000000e+03
4.960000000000000000e+02 4.108000000000000000e+03
4.950000000000000000e+02 3.648000000000000000e+03
4.940000000000000000e+02 3.448000000000000000e+03
4.930000000000000000e+02 3.423000000000000000e+03
4.920000000000000000e+02 3.211000000000000000e+03
4.910000000000000000e+02 3.052000000000000000e+03
4.900000000000000000e+02 3.099000000000000000e+03
4.890000000000000000e+02 3.149000000000000000e+03
4.880000000000000000e+02 3.219000000000000000e+03
4.870000000000000000e+02 3.205000000000000000e+03
4.860000000000000000e+02 3.694000000000000000e+03
4.850000000000000000e+02 4.083000000000000000e+03
4.840000000000000000e+02 4.295000000000000000e+03
4.830000000000000000e+02 4.164000000000000000e+03
4.820000000000000000e+02 4.148000000000000000e+03
4.810000000000000000e+02 3.968000000000000000e+03
4.800000000000000000e+02 3.763000000000000000e+03
4.790000000000000000e+02 3.175000000000000000e+03
4.780000000000000000e+02 2.629000000000000000e+03
4.770000000000000000e+02 2.387000000000000000e+03
4.760000000000000000e+02 2.018000000000000000e+03
4.750000000000000000e+02 1.610000000000000000e+03
4.740000000000000000e+02 1.281000000000000000e+03
4.730000000000000000e+02 1.069000000000000000e+03
4.720000000000000000e+02 9.650000000000000000e+02
4.710000000000000000e+02 7.380000000000000000e+02
4.700000000000000000e+02 6.080000000000000000e+02
4.690000000000000000e+02 5.140000000000000000e+02
4.680000000000000000e+02 4.060000000000000000e+02
4.670000000000000000e+02 3.840000000000000000e+02
4.660000000000000000e+02 4.120000000000000000e+02
4.650000000000000000e+02 3.950000000000000000e+02
4.640000000000000000e+02 5.230000000000000000e+02
4.630000000000000000e+02 7.560000000000000000e+02
4.620000000000000000e+02 1.096000000000000000e+03
4.610000000000000000e+02 1.411000000000000000e+03
4.600000000000000000e+02 1.627000000000000000e+03
4.590000000000000000e+02 1.577000000000000000e+03
4.580000000000000000e+02 1.519000000000000000e+03
4.570000000000000000e+02 1.536000000000000000e+03
4.560000000000000000e+02 1.531000000000000000e+03
4.550000000000000000e+02 1.225000000000000000e+03
4.540000000000000000e+02 1.077000000000000000e+03
4.530000000000000000e+02 1.047000000000000000e+03
4.520000000000000000e+02 1.067000000000000000e+03
4.510000000000000000e+02 9.550000000000000000e+02
4.500000000000000000e+02 8.700000000000000000e+02
4.490000000000000000e+02 8.990000000000000000e+02
4.480000000000000000e+02 1.109000000000000000e+03
4.470000000000000000e+02 1.208000000000000000e+03
4.460000000000000000e+02 1.217000000000000000e+03
4.450000000000000000e+02 1.229000000000000000e+03
4.440000000000000000e+02 1.537000000000000000e+03
4.430000000000000000e+02 2.017000000000000000e+03
4.420000000000000000e+02 2.384000000000000000e+03
4.410000000000000000e+02 2.438000000000000000e+03
4.400000000000000000e+02 2.563000000000000000e+03
4.390000000000000000e+02 2.756000000000000000e+03
4.380000000000000000e+02 2.951000000000000000e+03
4.370000000000000000e+02 2.996000000000000000e+03
4.360000000000000000e+02 2.953000000000000000e+03
4.350000000000000000e+02 2.191000000000000000e+03
4.340000000000000000e+02 1.558000000000000000e+03
4.330000000000000000e+02 1.386000000000000000e+03
4.320000000000000000e+02 1.269000000000000000e+03
4.310000000000000000e+02 1.212000000000000000e+03
4.300000000000000000e+02 1.042000000000000000e+03
4.290000000000000000e+02 1.064000000000000000e+03
4.280000000000000000e+02 1.268000000000000000e+03
4.270000000000000000e+02 1.773000000000000000e+03
4.260000000000000000e+02 2.742000000000000000e+03
4.250000000000000000e+02 4.083000000000000000e+03
4.240000000000000000e+02 -1.000000000000000000e+00
4.230000000000000000e+02 -1.000000000000000000e+00
4.220000000000000000e+02 -1.000000000000000000e+00
4.210000000000000000e+02 -1.000000000000000000e+00
4.200000000000000000e+02 -1.000000000000000000e+00
4.190000000000000000e+02 -1.000000000000000000e+00
4.180000000000000000e+02 -1.000000000000000000e+00
4.170000000000000000e+02 -1.000000000000000000e+00
4.160000000000000000e+02 -1.000000000000000000e+00
4.150000000000000000e+02 -1.000000000000000000e+00
4.140000000000000000e+02 -1.000000000000000000e+00
4.130000000000000000e+02 -1.000000000000000000e+00
4.120000000000000000e+02 -1.000000000000000000e+00
4.110000000000000000e+02 -1.000000000000000000e+00
4.100000000000000000e+02 -1.000000000000000000e+00
4.090000000000000000e+02 -1.000000000000000000e+00
4.080000000000000000e+02 -1.000000000000000000e+00
4.070000000000000000e+02 1.152000000000000000e+04
4.060000000000000000e+02 1.186600000000000000e+04
4.050000000000000000e+02 1.255100000000000000e+04
4.040000000000000000e+02 1.290600000000000000e+04
4.030000000000000000e+02 1.291400000000000000e+04
4.020000000000000000e+02 1.297400000000000000e+04
4.010000000000000000e+02 1.239200000000000000e+04
4.000000000000000000e+02 1.236500000000000000e+04
3.990000000000000000e+02 1.249100000000000000e+04
3.980000000000000000e+02 1.222200000000000000e+04
3.970000000000000000e+02 1.229300000000000000e+04
3.960000000000000000e+02 1.216800000000000000e+04
3.950000000000000000e+02 1.116400000000000000e+04
3.940000000000000000e+02 1.054000000000000000e+04
3.930000000000000000e+02 9.615000000000000000e+03
3.920000000000000000e+02 9.197000000000000000e+03
3.910000000000000000e+02 8.519000000000000000e+03
3.900000000000000000e+02 7.551000000000000000e+03
3.890000000000000000e+02 6.668000000000000000e+03
3.880000000000000000e+02 5.696000000000000000e+03
3.870000000000000000e+02 5.206000000000000000e+03
3.860000000000000000e+02 5.636000000000000000e+03
3.850000000000000000e+02 6.378000000000000000e+03
3.840000000000000000e+02 7.413000000000000000e+03
3.830000000000000000e+02 8.143000000000000000e+03
3.820000000000000000e+02 8.387000000000000000e+03
3.810000000000000000e+02 8.815000000000000000e+03
3.800000000000000000e+02 9.660000000000000000e+03
3.790000000000000000e+02 1.023000000000000000e+04
3.780000000000000000e+02 1.096200000000000000e+04
3.770000000000000000e+02 1.126900000000000000e+04
3.760000000000000000e+02 1.182000000000000000e+04
3.750000000000000000e+02 1.224600000000000000e+04
3.740000000000000000e+02 1.272200000000000000e+04
3.730000000000000000e+02 1.322000000000000000e+04
3.720000000000000000e+02 1.338500000000000000e+04
3.710000000000000000e+02 1.339600000000000000e+04
3.700000000000000000e+02 1.326900000000000000e+04
3.690000000000000000e+02 1.284400000000000000e+04
3.680000000000000000e+02 1.156600000000000000e+04
3.670000000000000000e+02 1.036100000000000000e+04
3.660000000000000000e+02 8.567000000000000000e+03
3.650000000000000000e+02 6.512000000000000000e+03
3.640000000000000000e+02 4.608000000000000000e+03
3.630000000000000000e+02 3.129000000000000000e+03
3.620000000000000000e+02 2.536000000000000000e+03
3.610000000000000000e+02 2.111000000000000000e+03
3.600000000000000000e+02 1.992000000000000000e+03
3.590000000000000000e+02 1.960000000000000000e+03
3.580000000000000000e+02 1.970000000000000000e+03
3.570000000000000000e+02 2.209000000000000000e+03
3.560000000000000000e+02 2.873000000000000000e+03
3.550000000000000000e+02 4.433000000000000000e+03
3.540000000000000000e+02 6.538000000000000000e+03
3.530000000000000000e+02 8.551000000000000000e+03
3.520000000000000000e+02 1.012600000000000000e+04
3.510000000000000000e+02 1.149300000000000000e+04
3.500000000000000000e+02 1.238000000000000000e+04
3.490000000000000000e+02 1.263400000000000000e+04
3.480000000000000000e+02 1.248800000000000000e+04
3.470000000000000000e+02 1.228200000000000000e+04
3.460000000000000000e+02 1.191800000000000000e+04
3.450000000000000000e+02 1.162600000000000000e+04
3.440000000000000000e+02 1.153500000000000000e+04
3.430000000000000000e+02 1.096500000000000000e+04
3.420000000000000000e+02 1.092000000000000000e+04
3.410000000000000000e+02 1.085900000000000000e+04
3.400000000000000000e+02 1.063900000000000000e+04
3.390000000000000000e+02 1.034600000000000000e+04
3.380000000000000000e+02 1.013200000000000000e+04
3.370000000000000000e+02 1.000000000000000000e+04
3.360000000000000000e+02 9.425000000000000000e+03
3.350000000000000000e+02 9.367000000000000000e+03
3.340000000000000000e+02 9.223000000000000000e+03
3.330000000000000000e+02 8.943000000000000000e+03
3.320000000000000000e+02 8.737000000000000000e+03
3.310000000000000000e+02 8.749000000000000000e+03
3.300000000000000000e+02 8.702000000000000000e+03
3.290000000000000000e+02 8.447000000000000000e+03
3.280000000000000000e+02 8.370000000000000000e+03
3.270000000000000000e+02 8.112000000000000000e+03
3.260000000000000000e+02 7.962000000000000000e+03
3.250000000000000000e+02 7.778000000000000000e+03
3.240000000000000000e+02 7.529000000000000000e+03
3.230000000000000000e+02 7.128000000000000000e+03
3.220000000000000000e+02 6.874000000000000000e+03
3.210000000000000000e+02 6.611000000000000000e+03
3.200000000000000000e+02 6.272000000000000000e+03
3.190000000000000000e+02 6.162000000000000000e+03
3.180000000000000000e+02 5.754000000000000000e+03
3.170000000000000000e+02 5.551000000000000000e+03
3.160000000000000000e+02 5.381000000000000000e+03
3.150000000000000000e+02 5.214000000000000000e+03
3.140000000000000000e+02 5.015000000000000000e+03
3.130000000000000000e+02 5.044000000000000000e+03
3.120000000000000000e+02 4.801000000000000000e+03
3.110000000000000000e+02 3.866000000000000000e+03
3.100000000000000000e+02 3.814000000000000000e+03
3.090000000000000000e+02 3.766000000000000000e+03
3.080000000000000000e+02 4.193000000000000000e+03
3.070000000000000000e+02 4.030000000000000000e+03
3.060000000000000000e+02 3.809000000000000000e+03
3.050000000000000000e+02 3.618000000000000000e+03
3.040000000000000000e+02 3.608000000000000000e+03
3.030000000000000000e+02 3.437000000000000000e+03
3.020000000000000000e+02 3.319000000000000000e+03
3.010000000000000000e+02 2.995000000000000000e+03
3.000000000000000000e+02 2.928000000000000000e+03
2.990000000000000000e+02 2.710000000000000000e+03
2.980000000000000000e+02 2.483000000000000000e+03
2.970000000000000000e+02 2.382000000000000000e+03
2.960000000000000000e+02 2.178000000000000000e+03
2.950000000000000000e+02 1.956000000000000000e+03
2.940000000000000000e+02 1.777000000000000000e+03
2.930000000000000000e+02 1.609000000000000000e+03
2.920000000000000000e+02 1.429000000000000000e+03
2.910000000000000000e+02 1.239000000000000000e+03
2.900000000000000000e+02 1.138000000000000000e+03
2.890000000000000000e+02 9.640000000000000000e+02
2.880000000000000000e+02 8.230000000000000000e+02
2.870000000000000000e+02 6.870000000000000000e+02
2.860000000000000000e+02 5.950000000000000000e+02
2.850000000000000000e+02 5.170000000000000000e+02
2.840000000000000000e+02 4.030000000000000000e+02
2.830000000000000000e+02 3.350000000000000000e+02
2.820000000000000000e+02 2.560000000000000000e+02
2.810000000000000000e+02 1.570000000000000000e+02
2.800000000000000000e+02 1.270000000000000000e+02
2.790000000000000000e+02 1.090000000000000000e+02
2.780000000000000000e+02 1.010000000000000000e+02
2.770000000000000000e+02 1.150000000000000000e+02
2.760000000000000000e+02 1.000000000000000000e+02
2.750000000000000000e+02 1.140000000000000000e+02
2.740000000000000000e+02 1.040000000000000000e+02
2.730000000000000000e+02 1.500000000000000000e+02
2.720000000000000000e+02 1.530000000000000000e+02
2.710000000000000000e+02 1.390000000000000000e+02
2.700000000000000000e+02 1.590000000000000000e+02
2.690000000000000000e+02 1.830000000000000000e+02
2.680000000000000000e+02 1.860000000000000000e+02
2.670000000000000000e+02 2.100000000000000000e+02
2.660000000000000000e+02 1.930000000000000000e+02
2.650000000000000000e+02 1.930000000000000000e+02
2.640000000000000000e+02 2.250000000000000000e+02
2.630000000000000000e+02 2.460000000000000000e+02
2.620000000000000000e+02 2.590000000000000000e+02
2.610000000000000000e+02 2.620000000000000000e+02
2.600000000000000000e+02 2.370000000000000000e+02
2.590000000000000000e+02 3.030000000000000000e+02
2.580000000000000000e+02 2.900000000000000000e+02
2.570000000000000000e+02 2.940000000000000000e+02
2.560000000000000000e+02 3.240000000000000000e+02
2.550000000000000000e+02 2.930000000000000000e+02
2.540000000000000000e+02 3.610000000000000000e+02
2.530000000000000000e+02 4.230000000000000000e+02
2.520000000000000000e+02 4.150000000000000000e+02
2.510000000000000000e+02 4.230000000000000000e+02
2.500000000000000000e+02 4.540000000000000000e+02
2.490000000000000000e+02 5.230000000000000000e+02
2.480000000000000000e+02 5.040000000000000000e+02
2.470000000000000000e+02 6.050000000000000000e+02
2.460000000000000000e+02 5.990000000000000000e+02
2.450000000000000000e+02 6.400000000000000000e+02
2.440000000000000000e+02 5.870000000000000000e+02
2.430000000000000000e+02 6.170000000000000000e+02
2.420000000000000000e+02 5.900000000000000000e+02
2.410000000000000000e+02 5.980000000000000000e+02
2.400000000000000000e+02 5.610000000000000000e+02
2.390000000000000000e+02 5.630000000000000000e+02
2.380000000000000000e+02 5.220000000000000000e+02
2.370000000000000000e+02 5.020000000000000000e+02
2.360000000000000000e+02 5.060000000000000000e+02
2.350000000000000000e+02 5.540000000000000000e+02
2.340000000000000000e+02 5.870000000000000000e+02
2.330000000000000000e+02 5.620000000000000000e+02
2.320000000000000000e+02 6.650000000000000000e+02
2.310000000000000000e+02 6.350000000000000000e+02
2.300000000000000000e+02 6.180000000000000000e+02
2.290000000000000000e+02 6.540000000000000000e+02
2.280000000000000000e+02 6.180000000000000000e+02
2.270000000000000000e+02 6.120000000000000000e+02
2.260000000000000000e+02 6.100000000000000000e+02
2.250000000000000000e+02 5.850000000000000000e+02
2.240000000000000000e+02 6.010000000000000000e+02
2.230000000000000000e+02 5.610000000000000000e+02
2.220000000000000000e+02 6.020000000000000000e+02
2.210000000000000000e+02 5.700000000000000000e+02
2.200000000000000000e+02 5.390000000000000000e+02
2.190000000000000000e+02 5.250000000000000000e+02
2.180000000000000000e+02 5.190000000000000000e+02
2.170000000000000000e+02 5.740000000000000000e+02
2.160000000000000000e+02 5.460000000000000000e+02
2.150000000000000000e+02 5.340000000000000000e+02
2.140000000000000000e+02 5.570000000000000000e+02
2.130000000000000000e+02 5.430000000000000000e+02
2.120000000000000000e+02 -1.000000000000000000e+00
2.110000000000000000e+02 -1.000000000000000000e+00
2.100000000000000000e+02 -1.000000000000000000e+00
2.090000000000000000e+02 -1.000000000000000000e+00
2.080000000000000000e+02 -1.000000000000000000e+00
2.070000000000000000e+02 -1.000000000000000000e+00
2.060000000000000000e+02 -1.000000000000000000e+00
2.050000000000000000e+02 -1.000000000000000000e+00
2.040000000000000000e+02 -1.000000000000000000e+00
2.030000000000000000e+02 -1.000000000000000000e+00
2.020000000000000000e+02 -1.000000000000000000e+00
2.010000000000000000e+02 -1.000000000000000000e+00
2.000000000000000000e+02 -1.000000000000000000e+00
1.990000000000000000e+02 -1.000000000000000000e+00
1.980000000000000000e+02 -1.000000000000000000e+00
1.970000000000000000e+02 -1.000000000000000000e+00
1.960000000000000000e+02 -1.000000000000000000e+00
1.950000000000000000e+02 6.330000000000000000e+02
1.940000000000000000e+02 6.690000000000000000e+02
1.930000000000000000e+02 6.440000000000000000e+02
1.920000000000000000e+02 6.450000000000000000e+02
1.910000000000000000e+02 6.530000000000000000e+02
1.900000000000000000e+02 6.580000000000000000e+02
1.890000000000000000e+02 6.740000000000000000e+02
1.880000000000000000e+02 7.410000000000000000e+02
1.870000000000000000e+02 7.610000000000000000e+02
1.860000000000000000e+02 7.370000000000000000e+02
1.850000000000000000e+02 7.300000000000000000e+02
1.840000000000000000e+02 7.440000000000000000e+02
1.830000000000000000e+02 7.320000000000000000e+02
1.820000000000000000e+02 8.130000000000000000e+02
1.810000000000000000e+02 8.690000000000000000e+02
1.800000000000000000e+02 8.270000000000000000e+02
1.790000000000000000e+02 7.780000000000000000e+02
1.780000000000000000e+02 7.500000000000000000e+02
1.770000000000000000e+02 7.240000000000000000e+02
1.760000000000000000e+02 7.280000000000000000e+02
1.750000000000000000e+02 7.600000000000000000e+02
1.740000000000000000e+02 8.110000000000000000e+02
1.730000000000000000e+02 8.930000000000000000e+02
1.720000000000000000e+02 9.340000000000000000e+02
1.710000000000000000e+02 9.590000000000000000e+02
1.700000000000000000e+02 1.059000000000000000e+03
1.690000000000000000e+02 1.201000000000000000e+03
1.680000000000000000e+02 1.358000000000000000e+03
1.670000000000000000e+02 1.541000000000000000e+03
1.660000000000000000e+02 1.572000000000000000e+03
1.650000000000000000e+02 1.443000000000000000e+03
1.640000000000000000e+02 1.399000000000000000e+03
1.630000000000000000e+02 1.562000000000000000e+03
1.620000000000000000e+02 1.850000000000000000e+03
1.610000000000000000e+02 1.997000000000000000e+03
1.600000000000000000e+02 2.028000000000000000e+03
1.590000000000000000e+02 1.842000000000000000e+03
1.580000000000000000e+02 1.867000000000000000e+03
1.570000000000000000e+02 1.984000000000000000e+03
1.560000000000000000e+02 2.099000000000000000e+03
1.550000000000000000e+02 2.001000000000000000e+03
1.540000000000000000e+02 1.880000000000000000e+03
1.530000000000000000e+02 1.734000000000000000e+03
1.520000000000000000e+02 1.474000000000000000e+03
1.510000000000000000e+02 1.222000000000000000e+03
1.500000000000000000e+02 1.158000000000000000e+03
1.490000000000000000e+02 1.026000000000000000e+03
1.480000000000000000e+02 7.810000000000000000e+02
1.470000000000000000e+02 8.070000000000000000e+02
1.460000000000000000e+02 7.440000000000000000e+02
1.450000000000000000e+02 7.390000000000000000e+02
1.440000000000000000e+02 6.590000000000000000e+02
1.430000000000000000e+02 6.920000000000000000e+02
1.420000000000000000e+02 6.890000000000000000e+02
1.410000000000000000e+02 6.500000000000000000e+02
1.400000000000000000e+02 6.500000000000000000e+02
1.390000000000000000e+02 6.650000000000000000e+02
1.380000000000000000e+02 6.060000000000000000e+02
1.370000000000000000e+02 6.070000000000000000e+02
1.360000000000000000e+02 6.270000000000000000e+02
1.350000000000000000e+02 5.880000000000000000e+02
1.340000000000000000e+02 5.810000000000000000e+02
1.330000000000000000e+02 5.730000000000000000e+02
1.320000000000000000e+02 5.940000000000000000e+02
1.310000000000000000e+02 5.890000000000000000e+02
1.300000000000000000e+02 6.280000000000000000e+02
1.290000000000000000e+02 6.790000000000000000e+02
1.280000000000000000e+02 6.410000000000000000e+02
1.270000000000000000e+02 7.060000000000000000e+02
1.260000000000000000e+02 8.380000000000000000e+02
1.250000000000000000e+02 9.250000000000000000e+02
1.240000000000000000e+02 8.480000000000000000e+02
1.230000000000000000e+02 6.220000000000000000e+02
1.220000000000000000e+02 5.020000000000000000e+02
1.210000000000000000e+02 4.690000000000000000e+02
1.200000000000000000e+02 4.490000000000000000e+02
1.190000000000000000e+02 4.130000000000000000e+02
1.180000000000000000e+02 3.100000000000000000e+02
1.170000000000000000e+02 3.030000000000000000e+02
1.160000000000000000e+02 2.720000000000000000e+02
1.150000000000000000e+02 2.340000000000000000e+02
1.140000000000000000e+02 2.070000000000000000e+02
1.130000000000000000e+02 1.860000000000000000e+02
1.120000000000000000e+02 1.930000000000000000e+02
1.110000000000000000e+02 1.870000000000000000e+02
1.100000000000000000e+02 1.900000000000000000e+02
1.090000000000000000e+02 1.670000000000000000e+02
1.080000000000000000e+02 1.840000000000000000e+02
1.070000000000000000e+02 1.680000000000000000e+02
1.060000000000000000e+02 1.910000000000000000e+02
1.050000000000000000e+02 1.850000000000000000e+02
1.040000000000000000e+02 1.930000000000000000e+02
1.030000000000000000e+02 3.390000000000000000e+02
1.020000000000000000e+02 2.670000000000000000e+02
1.010000000000000000e+02 2.160000000000000000e+02
1.000000000000000000e+02 2.340000000000000000e+02
9.900000000000000000e+01 2.410000000000000000e+02
9.800000000000000000e+01 2.290000000000000000e+02
9.700000000000000000e+01 2.200000000000000000e+02
9.600000000000000000e+01 2.090000000000000000e+02
9.500000000000000000e+01 1.780000000000000000e+02
9.400000000000000000e+01 1.400000000000000000e+02
9.300000000000000000e+01 1.020000000000000000e+02
9.200000000000000000e+01 1.060000000000000000e+02
9.100000000000000000e+01 9.800000000000000000e+01
9.000000000000000000e+01 9.300000000000000000e+01
8.900000000000000000e+01 1.000000000000000000e+02
8.800000000000000000e+01 8.700000000000000000e+01
8.700000000000000000e+01 9.800000000000000000e+01
8.600000000000000000e+01 9.400000000000000000e+01
8.500000000000000000e+01 8.600000000000000000e+01
8.400000000000000000e+01 7.000000000000000000e+01
8.300000000000000000e+01 1.020000000000000000e+02
8.200000000000000000e+01 1.030000000000000000e+02
8.100000000000000000e+01 1.310000000000000000e+02
8.000000000000000000e+01 1.700000000000000000e+02
7.900000000000000000e+01 1.580000000000000000e+02
7.800000000000000000e+01 1.490000000000000000e+02
7.700000000000000000e+01 1.830000000000000000e+02
7.600000000000000000e+01 2.110000000000000000e+02
7.500000000000000000e+01 2.230000000000000000e+02
7.400000000000000000e+01 2.220000000000000000e+02
7.300000000000000000e+01 1.800000000000000000e+02
7.200000000000000000e+01 1.450000000000000000e+02
7.100000000000000000e+01 8.600000000000000000e+01
7.000000000000000000e+01 8.400000000000000000e+01
6.900000000000000000e+01 6.800000000000000000e+01
6.800000000000000000e+01 8.400000000000000000e+01
6.700000000000000000e+01 4.400000000000000000e+01
6.600000000000000000e+01 4.800000000000000000e+01
6.500000000000000000e+01 4.500000000000000000e+01
6.400000000000000000e+01 5.200000000000000000e+01
6.300000000000000000e+01 5.100000000000000000e+01
6.200000000000000000e+01 5.900000000000000000e+01
6.100000000000000000e+01 4.400000000000000000e+01
6.000000000000000000e+01 4.000000000000000000e+01
5.900000000000000000e+01 3.700000000000000000e+01
5.800000000000000000e+01 3.900000000000000000e+01
5.700000000000000000e+01 3.500000000000000000e+01
5.600000000000000000e+01 4.100000000000000000e+01
5.500000000000000000e+01 3.000000000000000000e+01
5.400000000000000000e+01 2.600000000000000000e+01
5.300000000000000000e+01 3.800000000000000000e+01
5.200000000000000000e+01 2.900000000000000000e+01
5.100000000000000000e+01 3.000000000000000000e+01
5.000000000000000000e+01 2.500000000000000000e+01
4.900000000000000000e+01 3.900000000000000000e+01
4.800000000000000000e+01 2.400000000000000000e+01
4.700000000000000000e+01 2.300000000000000000e+01
4.600000000000000000e+01 2.600000000000000000e+01
4.500000000000000000e+01 2.800000000000000000e+01
4.400000000000000000e+01 2.100000000000000000e+01
4.300000000000000000e+01 3.900000000000000000e+01
4.200000000000000000e+01 2.700000000000000000e+01
4.100000000000000000e+01 3.000000000000000000e+01
4.000000000000000000e+01 3.700000000000000000e+01
3.900000000000000000e+01 4.000000000000000000e+01
3.800000000000000000e+01 3.500000000000000000e+01
3.700000000000000000e+01 3.300000000000000000e+01
3.600000000000000000e+01 2.900000000000000000e+01
3.500000000000000000e+01 2.500000000000000000e+01
3.400000000000000000e+01 2.600000000000000000e+01
3.300000000000000000e+01 2.300000000000000000e+01
3.200000000000000000e+01 3.200000000000000000e+01
3.100000000000000000e+01 2.100000000000000000e+01
3.000000000000000000e+01 2.300000000000000000e+01
2.900000000000000000e+01 2.700000000000000000e+01
2.800000000000000000e+01 2.600000000000000000e+01
2.700000000000000000e+01 2.300000000000000000e+01
2.600000000000000000e+01 2.000000000000000000e+01
2.500000000000000000e+01 2.700000000000000000e+01
2.400000000000000000e+01 3.200000000000000000e+01
2.300000000000000000e+01 2.800000000000000000e+01
2.200000000000000000e+01 2.800000000000000000e+01
2.100000000000000000e+01 2.200000000000000000e+01
2.000000000000000000e+01 1.700000000000000000e+01
1.900000000000000000e+01 2.400000000000000000e+01
1.800000000000000000e+01 1.600000000000000000e+01
1.700000000000000000e+01 1.400000000000000000e+01
1.600000000000000000e+01 1.800000000000000000e+01
1.500000000000000000e+01 2.000000000000000000e+01
1.400000000000000000e+01 1.600000000000000000e+01
1.300000000000000000e+01 1.800000000000000000e+01
1.200000000000000000e+01 2.300000000000000000e+01
1.100000000000000000e+01 1.900000000000000000e+01
1.000000000000000000e+01 2.300000000000000000e+01
9.000000000000000000e+00 3.500000000000000000e+01
8.000000000000000000e+00 1.700000000000000000e+01
7.000000000000000000e+00 2.000000000000000000e+01
6.000000000000000000e+00 1.600000000000000000e+01
5.000000000000000000e+00 2.200000000000000000e+01
4.000000000000000000e+00 2.100000000000000000e+01
3.000000000000000000e+00 2.900000000000000000e+01
2.000000000000000000e+00 1.600000000000000000e+01
1.000000000000000000e+00 1.400000000000000000e+01
