1.043000000000000000e+03 0.000000000000000000e+00
1.042000000000000000e+03 0.000000000000000000e+00
1.041000000000000000e+03 0.000000000000000000e+00
1.040000000000000000e+03 0.000000000000000000e+00
1.039000000000000000e+03 1.000000000000000000e+00
1.038000000000000000e+03 1.000000000000000000e+00
1.037000000000000000e+03 0.000000000000000000e+00
1.036000000000000000e+03 0.000000000000000000e+00
1.035000000000000000e+03 0.000000000000000000e+00
1.034000000000000000e+03 0.000000000000000000e+00
1.033000000000000000e+03 0.000000000000000000e+00
1.032000000000000000e+03 0.000000000000000000e+00
1.031000000000000000e+03 0.000000000000000000e+00
1.030000000000000000e+03 0.000000000000000000e+00
1.029000000000000000e+03 0.000000000000000000e+00
1.028000000000000000e+03 0.000000000000000000e+00
1.027000000000000000e+03 0.000000000000000000e+00
1.026000000000000000e+03 0.000000000000000000e+00
1.025000000000000000e+03 0.000000000000000000e+00
1.024000000000000000e+03 2.000000000000000000e+00
1.023000000000000000e+03 0.000000000000000000e+00
1.022000000000000000e+03 0.000000000000000000e+00
1.021000000000000000e+03 0.000000000000000000e+00
1.020000000000000000e+03 0.000000000000000000e+00
1.019000000000000000e+03 0.000000000000000000e+00
1.018000000000000000e+03 0.000000000000000000e+00
1.017000000000000000e+03 0.000000000000000000e+00
1.016000000000000000e+03 0.000000000000000000e+00
1.015000000000000000e+03 1.000000000000000000e+00
1.014000000000000000e+03 1.000000000000000000e+00
1.013000000000000000e+03 0.000000000000000000e+00
1.012000000000000000e+03 0.000000000000000000e+00
1.011000000000000000e+03 0.000000000000000000e+00
1.010000000000000000e+03 0.000000000000000000e+00
1.009000000000000000e+03 0.000000000000000000e+00
1.008000000000000000e+03 0.000000000000000000e+00
1.007000000000000000e+03 0.000000000000000000e+00
1.006000000000000000e+03 0.000000000000000000e+00
1.005000000000000000e+03 0.000000000000000000e+00
1.004000000000000000e+03 0.000000000000000000e+00
1.003000000000000000e+03 0.000000000000000000e+00
1.002000000000000000e+03 0.000000000000000000e+00
1.001000000000000000e+03 0.000000000000000000e+00
1.000000000000000000e+03 0.000000000000000000e+00
9.990000000000000000e+02 0.000000000000000000e+00
9.980000000000000000e+02 0.000000000000000000e+00
9.970000000000000000e+02 0.000000000000000000e+00
9.960000000000000000e+02 0.000000000000000000e+00
9.950000000000000000e+02 0.000000000000000000e+00
9.940000000000000000e+02 0.000000000000000000e+00
9.930000000000000000e+02 0.000000000000000000e+00
9.920000000000000000e+02 0.000000000000000000e+00
9.910000000000000000e+02 0.000000000000000000e+00
9.900000000000000000e+02 0.000000000000000000e+00
9.890000000000000000e+02 0.000000000000000000e+00
9.880000000000000000e+02 0.000000000000000000e+00
9.870000000000000000e+02 0.000000000000000000e+00
9.860000000000000000e+02 0.000000000000000000e+00
9.850000000000000000e+02 0.000000000000000000e+00
9.840000000000000000e+02 0.000000000000000000e+00
9.830000000000000000e+02 0.000000000000000000e+00
9.820000000000000000e+02 0.000000000000000000e+00
9.810000000000000000e+02 0.000000000000000000e+00
9.800000000000000000e+02 0.000000000000000000e+00
9.790000000000000000e+02 0.000000000000000000e+00
9.780000000000000000e+02 0.000000000000000000e+00
9.770000000000000000e+02 0.000000000000000000e+00
9.760000000000000000e+02 0.000000000000000000e+00
9.750000000000000000e+02 0.000000000000000000e+00
9.740000000000000000e+02 0.000000000000000000e+00
9.730000000000000000e+02 0.000000000000000000e+00
9.720000000000000000e+02 0.000000000000000000e+00
9.710000000000000000e+02 0.000000000000000000e+00
9.700000000000000000e+02 1.000000000000000000e+00
9.690000000000000000e+02 1.000000000000000000e+00
9.680000000000000000e+02 0.000000000000000000e+00
9.670000000000000000e+02 0.000000000000000000e+00
9.660000000000000000e+02 0.000000000000000000e+00
9.650000000000000000e+02 0.000000000000000000e+00
9.640000000000000000e+02 1.000000000000000000e+00
9.630000000000000000e+02 0.000000000000000000e+00
9.620000000000000000e+02 0.000000000000000000e+00
9.610000000000000000e+02 0.000000000000000000e+00
9.600000000000000000e+02 0.000000000000000000e+00
9.590000000000000000e+02 0.000000000000000000e+00
9.580000000000000000e+02 1.000000000000000000e+00
9.570000000000000000e+02 0.000000000000000000e+00
9.560000000000000000e+02 0.000000000000000000e+00
9.550000000000000000e+02 1.000000000000000000e+00
9.540000000000000000e+02 0.000000000000000000e+00
9.530000000000000000e+02 1.000000000000000000e+00
9.520000000000000000e+02 0.000000000000000000e+00
9.510000000000000000e+02 1.000000000000000000e+00
9.500000000000000000e+02 1.000000000000000000e+00
9.490000000000000000e+02 0.000000000000000000e+00
9.480000000000000000e+02 0.000000000000000000e+00
9.470000000000000000e+02 1.000000000000000000e+00
9.460000000000000000e+02 1.000000000000000000e+00
9.450000000000000000e+02 2.000000000000000000e+00
9.440000000000000000e+02 1.000000000000000000e+00
9.430000000000000000e+02 0.000000000000000000e+00
9.420000000000000000e+02 0.000000000000000000e+00
9.410000000000000000e+02 0.000000000000000000e+00
9.400000000000000000e+02 0.000000000000000000e+00
9.390000000000000000e+02 1.000000000000000000e+00
9.380000000000000000e+02 2.000000000000000000e+00
9.370000000000000000e+02 0.000000000000000000e+00
9.360000000000000000e+02 2.000000000000000000e+00
9.350000000000000000e+02 0.000000000000000000e+00
9.340000000000000000e+02 1.000000000000000000e+00
9.330000000000000000e+02 0.000000000000000000e+00
9.320000000000000000e+02 0.000000000000000000e+00
9.310000000000000000e+02 1.000000000000000000e+00
9.300000000000000000e+02 0.000000000000000000e+00
9.290000000000000000e+02 0.000000000000000000e+00
9.280000000000000000e+02 0.000000000000000000e+00
9.270000000000000000e+02 0.000000000000000000e+00
9.260000000000000000e+02 0.000000000000000000e+00
9.250000000000000000e+02 0.000000000000000000e+00
9.240000000000000000e+02 0.000000000000000000e+00
9.230000000000000000e+02 0.000000000000000000e+00
9.220000000000000000e+02 0.000000000000000000e+00
9.210000000000000000e+02 0.000000000000000000e+00
9.200000000000000000e+02 0.000000000000000000e+00
9.190000000000000000e+02 0.000000000000000000e+00
9.180000000000000000e+02 0.000000000000000000e+00
9.170000000000000000e+02 0.000000000000000000e+00
9.160000000000000000e+02 0.000000000000000000e+00
9.150000000000000000e+02 0.000000000000000000e+00
9.140000000000000000e+02 0.000000000000000000e+00
9.130000000000000000e+02 0.000000000000000000e+00
9.120000000000000000e+02 0.000000000000000000e+00
9.110000000000000000e+02 0.000000000000000000e+00
9.100000000000000000e+02 0.000000000000000000e+00
9.090000000000000000e+02 0.000000000000000000e+00
9.080000000000000000e+02 0.000000000000000000e+00
9.070000000000000000e+02 0.000000000000000000e+00
9.060000000000000000e+02 0.000000000000000000e+00
9.050000000000000000e+02 0.000000000000000000e+00
9.040000000000000000e+02 0.000000000000000000e+00
9.030000000000000000e+02 0.000000000000000000e+00
9.020000000000000000e+02 1.000000000000000000e+00
9.010000000000000000e+02 0.000000000000000000e+00
9.000000000000000000e+02 1.000000000000000000e+00
8.990000000000000000e+02 0.000000000000000000e+00
8.980000000000000000e+02 0.000000000000000000e+00
8.970000000000000000e+02 1.000000000000000000e+00
8.960000000000000000e+02 1.000000000000000000e+00
8.950000000000000000e+02 0.000000000000000000e+00
8.940000000000000000e+02 0.000000000000000000e+00
8.930000000000000000e+02 1.000000000000000000e+00
8.920000000000000000e+02 0.000000000000000000e+00
8.910000000000000000e+02 0.000000000000000000e+00
8.900000000000000000e+02 1.000000000000000000e+00
8.890000000000000000e+02 2.000000000000000000e+00
8.880000000000000000e+02 0.000000000000000000e+00
8.870000000000000000e+02 1.000000000000000000e+00
8.860000000000000000e+02 1.000000000000000000e+00
8.850000000000000000e+02 4.000000000000000000e+00
8.840000000000000000e+02 2.000000000000000000e+00
8.830000000000000000e+02 3.000000000000000000e+00
8.820000000000000000e+02 4.000000000000000000e+00
8.810000000000000000e+02 1.000000000000000000e+00
8.800000000000000000e+02 0.000000000000000000e+00
8.790000000000000000e+02 6.000000000000000000e+00
8.780000000000000000e+02 1.000000000000000000e+00
8.770000000000000000e+02 3.000000000000000000e+00
8.760000000000000000e+02 2.000000000000000000e+00
8.750000000000000000e+02 0.000000000000000000e+00
8.740000000000000000e+02 2.000000000000000000e+00
8.730000000000000000e+02 5.000000000000000000e+00
8.720000000000000000e+02 3.000000000000000000e+00
8.710000000000000000e+02 5.000000000000000000e+00
8.700000000000000000e+02 6.000000000000000000e+00
8.690000000000000000e+02 3.000000000000000000e+00
8.680000000000000000e+02 3.000000000000000000e+00
8.670000000000000000e+02 1.000000000000000000e+00
8.660000000000000000e+02 1.000000000000000000e+00
8.650000000000000000e+02 7.000000000000000000e+00
8.640000000000000000e+02 0.000000000000000000e+00
8.630000000000000000e+02 1.000000000000000000e+00
8.620000000000000000e+02 1.000000000000000000e+00
8.610000000000000000e+02 1.000000000000000000e+00
8.600000000000000000e+02 1.000000000000000000e+00
8.590000000000000000e+02 0.000000000000000000e+00
8.580000000000000000e+02 1.000000000000000000e+00
8.570000000000000000e+02 1.000000000000000000e+00
8.560000000000000000e+02 2.000000000000000000e+00
8.550000000000000000e+02 2.000000000000000000e+00
8.540000000000000000e+02 0.000000000000000000e+00
8.530000000000000000e+02 2.000000000000000000e+00
8.520000000000000000e+02 2.000000000000000000e+00
8.510000000000000000e+02 1.000000000000000000e+00
8.500000000000000000e+02 0.000000000000000000e+00
8.490000000000000000e+02 0.000000000000000000e+00
8.480000000000000000e+02 -1.000000000000000000e+00
8.470000000000000000e+02 -1.000000000000000000e+00
8.460000000000000000e+02 -1.000000000000000000e+00
8.450000000000000000e+02 -1.000000000000000000e+00
8.440000000000000000e+02 -1.000000000000000000e+00
8.430000000000000000e+02 -1.000000000000000000e+00
8.420000000000000000e+02 -1.000000000000000000e+00
8.410000000000000000e+02 -1.000000000000000000e+00
8.400000000000000000e+02 -1.000000000000000000e+00
8.390000000000000000e+02 -1.000000000000000000e+00
8.380000000000000000e+02 -1.000000000000000000e+00
8.370000000000000000e+02 -1.000000000000000000e+00
8.360000000000000000e+02 -1.000000000000000000e+00
8.350000000000000000e+02 -1.000000000000000000e+00
8.340000000000000000e+02 -1.000000000000000000e+00
8.330000000000000000e+02 -1.000000000000000000e+00
8.320000000000000000e+02 -1.000000000000000000e+00
8.310000000000000000e+02 7.000000000000000000e+01
8.300000000000000000e+02 8.300000000000000000e+01
8.290000000000000000e+02 1.060000000000000000e+02
8.280000000000000000e+02 9.000000000000000000e+01
8.270000000000000000e+02 1.020000000000000000e+02
8.260000000000000000e+02 1.010000000000000000e+02
8.250000000000000000e+02 1.070000000000000000e+02
8.240000000000000000e+02 1.020000000000000000e+02
8.230000000000000000e+02 1.100000000000000000e+02
8.220000000000000000e+02 1.020000000000000000e+02
8.210000000000000000e+02 1.670000000000000000e+02
8.200000000000000000e+02 1.830000000000000000e+02
8.190000000000000000e+02 1.960000000000000000e+02
8.180000000000000000e+02 2.520000000000000000e+02
8.170000000000000000e+02 2.630000000000000000e+02
8.160000000000000000e+02 3.160000000000000000e+02
8.150000000000000000e+02 3.680000000000000000e+02
8.140000000000000000e+02 3.480000000000000000e+02
8.130000000000000000e+02 3.480000000000000000e+02
8.120000000000000000e+02 4.130000000000000000e+02
8.110000000000000000e+02 4.160000000000000000e+02
8.100000000000000000e+02 4.360000000000000000e+02
8.090000000000000000e+02 4.580000000000000000e+02
8.080000000000000000e+02 4.550000000000000000e+02
8.070000000000000000e+02 4.680000000000000000e+02
8.060000000000000000e+02 6.010000000000000000e+02
8.050000000000000000e+02 6.110000000000000000e+02
8.040000000000000000e+02 6.100000000000000000e+02
8.030000000000000000e+02 6.220000000000000000e+02
8.020000000000000000e+02 6.310000000000000000e+02
8.010000000000000000e+02 6.910000000000000000e+02
8.000000000000000000e+02 6.350000000000000000e+02
7.990000000000000000e+02 7.670000000000000000e+02
7.980000000000000000e+02 7.500000000000000000e+02
7.970000000000000000e+02 7.840000000000000000e+02
7.960000000000000000e+02 7.300000000000000000e+02
7.950000000000000000e+02 7.180000000000000000e+02
7.940000000000000000e+02 8.160000000000000000e+02
7.930000000000000000e+02 8.540000000000000000e+02
7.920000000000000000e+02 7.740000000000000000e+02
7.910000000000000000e+02 8.290000000000000000e+02
7.900000000000000000e+02 7.460000000000000000e+02
7.890000000000000000e+02 7.690000000000000000e+02
7.880000000000000000e+02 8.250000000000000000e+02
7.870000000000000000e+02 8.540000000000000000e+02
7.860000000000000000e+02 9.020000000000000000e+02
7.850000000000000000e+02 9.190000000000000000e+02
7.840000000000000000e+02 8.060000000000000000e+02
7.830000000000000000e+02 8.450000000000000000e+02
7.820000000000000000e+02 8.180000000000000000e+02
7.810000000000000000e+02 7.520000000000000000e+02
7.800000000000000000e+02 6.790000000000000000e+02
7.790000000000000000e+02 5.410000000000000000e+02
7.780000000000000000e+02 4.930000000000000000e+02
7.770000000000000000e+02 4.960000000000000000e+02
7.760000000000000000e+02 4.900000000000000000e+02
7.750000000000000000e+02 5.250000000000000000e+02
7.740000000000000000e+02 5.980000000000000000e+02
7.730000000000000000e+02 5.840000000000000000e+02
7.720000000000000000e+02 5.350000000000000000e+02
7.710000000000000000e+02 4.940000000000000000e+02
7.700000000000000000e+02 4.510000000000000000e+02
7.690000000000000000e+02 4.540000000000000000e+02
7.680000000000000000e+02 4.430000000000000000e+02
7.670000000000000000e+02 3.390000000000000000e+02
7.660000000000000000e+02 3.110000000000000000e+02
7.650000000000000000e+02 2.100000000000000000e+02
7.640000000000000000e+02 1.930000000000000000e+02
7.630000000000000000e+02 2.100000000000000000e+02
7.620000000000000000e+02 1.940000000000000000e+02
7.610000000000000000e+02 1.760000000000000000e+02
7.600000000000000000e+02 1.840000000000000000e+02
7.590000000000000000e+02 1.750000000000000000e+02
7.580000000000000000e+02 1.240000000000000000e+02
7.570000000000000000e+02 1.000000000000000000e+02
7.560000000000000000e+02 7.800000000000000000e+01
7.550000000000000000e+02 1.000000000000000000e+02
7.540000000000000000e+02 8.600000000000000000e+01
7.530000000000000000e+02 7.100000000000000000e+01
7.520000000000000000e+02 1.060000000000000000e+02
7.510000000000000000e+02 8.700000000000000000e+01
7.500000000000000000e+02 1.040000000000000000e+02
7.490000000000000000e+02 1.290000000000000000e+02
7.480000000000000000e+02 1.400000000000000000e+02
7.470000000000000000e+02 1.790000000000000000e+02
7.460000000000000000e+02 1.840000000000000000e+02
7.450000000000000000e+02 1.900000000000000000e+02
7.440000000000000000e+02 2.240000000000000000e+02
7.430000000000000000e+02 2.370000000000000000e+02
7.420000000000000000e+02 2.190000000000000000e+02
7.410000000000000000e+02 2.890000000000000000e+02
7.400000000000000000e+02 2.900000000000000000e+02
7.390000000000000000e+02 2.840000000000000000e+02
7.380000000000000000e+02 3.260000000000000000e+02
7.370000000000000000e+02 3.360000000000000000e+02
7.360000000000000000e+02 3.930000000000000000e+02
7.350000000000000000e+02 5.370000000000000000e+02
7.340000000000000000e+02 5.690000000000000000e+02
7.330000000000000000e+02 5.990000000000000000e+02
7.320000000000000000e+02 6.120000000000000000e+02
7.310000000000000000e+02 6.400000000000000000e+02
7.300000000000000000e+02 8.070000000000000000e+02
7.290000000000000000e+02 8.300000000000000000e+02
7.280000000000000000e+02 7.620000000000000000e+02
7.270000000000000000e+02 7.720000000000000000e+02
7.260000000000000000e+02 9.520000000000000000e+02
7.250000000000000000e+02 9.120000000000000000e+02
7.240000000000000000e+02 1.037000000000000000e+03
7.230000000000000000e+02 1.138000000000000000e+03
7.220000000000000000e+02 1.025000000000000000e+03
7.210000000000000000e+02 1.056000000000000000e+03
7.200000000000000000e+02 9.650000000000000000e+02
7.190000000000000000e+02 1.025000000000000000e+03
7.180000000000000000e+02 1.048000000000000000e+03
7.170000000000000000e+02 1.002000000000000000e+03
7.160000000000000000e+02 9.380000000000000000e+02
7.150000000000000000e+02 9.210000000000000000e+02
7.140000000000000000e+02 1.029000000000000000e+03
7.130000000000000000e+02 1.063000000000000000e+03
7.120000000000000000e+02 1.046000000000000000e+03
7.110000000000000000e+02 1.060000000000000000e+03
7.100000000000000000e+02 1.155000000000000000e+03
7.090000000000000000e+02 1.221000000000000000e+03
7.080000000000000000e+02 1.183000000000000000e+03
7.070000000000000000e+02 1.232000000000000000e+03
7.060000000000000000e+02 1.200000000000000000e+03
7.050000000000000000e+02 1.191000000000000000e+03
7.040000000000000000e+02 1.027000000000000000e+03
7.030000000000000000e+02 8.810000000000000000e+02
7.020000000000000000e+02 8.540000000000000000e+02
7.010000000000000000e+02 8.210000000000000000e+02
7.000000000000000000e+02 7.700000000000000000e+02
6.990000000000000000e+02 7.780000000000000000e+02
6.980000000000000000e+02 7.300000000000000000e+02
6.970000000000000000e+02 7.300000000000000000e+02
6.960000000000000000e+02 6.860000000000000000e+02
6.950000000000000000e+02 8.020000000000000000e+02
6.940000000000000000e+02 7.990000000000000000e+02
6.930000000000000000e+02 8.270000000000000000e+02
6.920000000000000000e+02 7.130000000000000000e+02
6.910000000000000000e+02 6.150000000000000000e+02
6.900000000000000000e+02 4.660000000000000000e+02
6.890000000000000000e+02 4.080000000000000000e+02
6.880000000000000000e+02 3.630000000000000000e+02
6.870000000000000000e+02 3.740000000000000000e+02
6.860000000000000000e+02 3.750000000000000000e+02
6.850000000000000000e+02 3.680000000000000000e+02
6.840000000000000000e+02 4.030000000000000000e+02
6.830000000000000000e+02 3.380000000000000000e+02
6.820000000000000000e+02 3.220000000000000000e+02
6.810000000000000000e+02 3.280000000000000000e+02
6.800000000000000000e+02 3.170000000000000000e+02
6.790000000000000000e+02 2.720000000000000000e+02
6.780000000000000000e+02 2.260000000000000000e+02
6.770000000000000000e+02 2.320000000000000000e+02
6.760000000000000000e+02 2.190000000000000000e+02
6.750000000000000000e+02 2.100000000000000000e+02
6.740000000000000000e+02 1.820000000000000000e+02
6.730000000000000000e+02 1.630000000000000000e+02
6.720000000000000000e+02 1.480000000000000000e+02
6.710000000000000000e+02 1.680000000000000000e+02
6.700000000000000000e+02 1.980000000000000000e+02
6.690000000000000000e+02 2.260000000000000000e+02
6.680000000000000000e+02 1.870000000000000000e+02
6.670000000000000000e+02 2.770000000000000000e+02
6.660000000000000000e+02 2.690000000000000000e+02
6.650000000000000000e+02 2.990000000000000000e+02
6.640000000000000000e+02 3.250000000000000000e+02
6.630000000000000000e+02 3.060000000000000000e+02
6.620000000000000000e+02 3.000000000000000000e+02
6.610000000000000000e+02 2.720000000000000000e+02
6.600000000000000000e+02 3.340000000000000000e+02
6.590000000000000000e+02 3.120000000000000000e+02
6.580000000000000000e+02 3.900000000000000000e+02
6.570000000000000000e+02 4.100000000000000000e+02
6.560000000000000000e+02 4.190000000000000000e+02
6.550000000000000000e+02 4.890000000000000000e+02
6.540000000000000000e+02 5.980000000000000000e+02
6.530000000000000000e+02 6.600000000000000000e+02
6.520000000000000000e+02 7.440000000000000000e+02
6.510000000000000000e+02 8.150000000000000000e+02
6.500000000000000000e+02 7.830000000000000000e+02
6.490000000000000000e+02 8.940000000000000000e+02
6.480000000000000000e+02 8.890000000000000000e+02
6.470000000000000000e+02 1.005000000000000000e+03
6.460000000000000000e+02 1.030000000000000000e+03
6.450000000000000000e+02 1.045000000000000000e+03
6.440000000000000000e+02 1.059000000000000000e+03
6.430000000000000000e+02 1.026000000000000000e+03
6.420000000000000000e+02 9.640000000000000000e+02
6.410000000000000000e+02 9.120000000000000000e+02
6.400000000000000000e+02 9.030000000000000000e+02
6.390000000000000000e+02 9.580000000000000000e+02
6.380000000000000000e+02 1.029000000000000000e+03
6.370000000000000000e+02 1.209000000000000000e+03
6.360000000000000000e+02 -1.000000000000000000e+00
6.350000000000000000e+02 -1.000000000000000000e+00
6.340000000000000000e+02 -1.000000000000000000e+00
6.330000000000000000e+02 -1.000000000000000000e+00
6.320000000000000000e+02 -1.000000000000000000e+00
6.310000000000000000e+02 -1.000000000000000000e+00
6.300000000000000000e+02 -1.000000000000000000e+00
6.290000000000000000e+02 -1.000000000000000000e+00
6.280000000000000000e+02 -1.000000000000000000e+00
6.270000000000000000e+02 -1.000000000000000000e+00
6.260000000000000000e+02 -1.000000000000000000e+00
6.250000000000000000e+02 -1.000000000000000000e+00
6.240000000000000000e+02 -1.000000000000000000e+00
6.230000000000000000e+02 -1.000000000000000000e+00
6.220000000000000000e+02 -1.000000000000000000e+00
6.210000000000000000e+02 -1.000000000000000000e+00
6.200000000000000000e+02 -1.000000000000000000e+00
6.190000000000000000e+02 1.846000000000000000e+03
6.180000000000000000e+02 1.711000000000000000e+03
6.170000000000000000e+02 1.679000000000000000e+03
6.160000000000000000e+02 1.501000000000000000e+03
6.150000000000000000e+02 1.455000000000000000e+03
6.140000000000000000e+02 1.458000000000000000e+03
6.130000000000000000e+02 1.534000000000000000e+03
6.120000000000000000e+02 1.390000000000000000e+03
6.110000000000000000e+02 1.337000000000000000e+03
6.100000000000000000e+02 1.195000000000000000e+03
6.090000000000000000e+02 1.241000000000000000e+03
6.080000000000000000e+02 1.208000000000000000e+03
6.070000000000000000e+02 1.175000000000000000e+03
6.060000000000000000e+02 1.158000000000000000e+03
6.050000000000000000e+02 1.193000000000000000e+03
6.040000000000000000e+02 1.284000000000000000e+03
6.030000000000000000e+02 1.387000000000000000e+03
6.020000000000000000e+02 1.545000000000000000e+03
6.010000000000000000e+02 1.681000000000000000e+03
6.000000000000000000e+02 1.749000000000000000e+03
5.990000000000000000e+02 1.594000000000000000e+03
5.980000000000000000e+02 1.351000000000000000e+03
5.970000000000000000e+02 1.078000000000000000e+03
5.960000000000000000e+02 9.250000000000000000e+02
5.950000000000000000e+02 8.590000000000000000e+02
5.940000000000000000e+02 8.190000000000000000e+02
5.930000000000000000e+02 7.740000000000000000e+02
5.920000000000000000e+02 7.590000000000000000e+02
5.910000000000000000e+02 7.050000000000000000e+02
5.900000000000000000e+02 6.540000000000000000e+02
5.890000000000000000e+02 5.860000000000000000e+02
5.880000000000000000e+02 5.330000000000000000e+02
5.870000000000000000e+02 4.690000000000000000e+02
5.860000000000000000e+02 4.530000000000000000e+02
5.850000000000000000e+02 4.210000000000000000e+02
5.840000000000000000e+02 4.140000000000000000e+02
5.830000000000000000e+02 4.760000000000000000e+02
5.820000000000000000e+02 4.430000000000000000e+02
5.810000000000000000e+02 4.870000000000000000e+02
5.800000000000000000e+02 6.380000000000000000e+02
5.790000000000000000e+02 7.980000000000000000e+02
5.780000000000000000e+02 7.310000000000000000e+02
5.770000000000000000e+02 7.180000000000000000e+02
5.760000000000000000e+02 7.720000000000000000e+02
5.750000000000000000e+02 9.380000000000000000e+02
5.740000000000000000e+02 1.040000000000000000e+03
5.730000000000000000e+02 1.260000000000000000e+03
5.720000000000000000e+02 1.442000000000000000e+03
5.710000000000000000e+02 1.669000000000000000e+03
5.700000000000000000e+02 2.079000000000000000e+03
5.690000000000000000e+02 2.351000000000000000e+03
5.680000000000000000e+02 2.450000000000000000e+03
5.670000000000000000e+02 2.377000000000000000e+03
5.660000000000000000e+02 2.454000000000000000e+03
5.650000000000000000e+02 2.520000000000000000e+03
5.640000000000000000e+02 2.412000000000000000e+03
5.630000000000000000e+02 2.667000000000000000e+03
5.620000000000000000e+02 2.690000000000000000e+03
5.610000000000000000e+02 2.837000000000000000e+03
5.600000000000000000e+02 2.649000000000000000e+03
5.590000000000000000e+02 2.363000000000000000e+03
5.580000000000000000e+02 2.154000000000000000e+03
5.570000000000000000e+02 1.969000000000000000e+03
5.560000000000000000e+02 1.999000000000000000e+03
5.550000000000000000e+02 1.980000000000000000e+03
5.540000000000000000e+02 1.828000000000000000e+03
5.530000000000000000e+02 1.793000000000000000e+03
5.520000000000000000e+02 1.689000000000000000e+03
5.510000000000000000e+02 1.598000000000000000e+03
5.500000000000000000e+02 1.530000000000000000e+03
5.490000000000000000e+02 1.465000000000000000e+03
5.480000000000000000e+02 1.471000000000000000e+03
5.470000000000000000e+02 1.525000000000000000e+03
5.460000000000000000e+02 1.708000000000000000e+03
5.450000000000000000e+02 1.609000000000000000e+03
5.440000000000000000e+02 1.469000000000000000e+03
5.430000000000000000e+02 1.378000000000000000e+03
5.420000000000000000e+02 1.262000000000000000e+03
5.410000000000000000e+02 1.269000000000000000e+03
5.400000000000000000e+02 1.160000000000000000e+03
5.390000000000000000e+02 9.800000000000000000e+02
5.380000000000000000e+02 9.760000000000000000e+02
5.370000000000000000e+02 9.340000000000000000e+02
5.360000000000000000e+02 9.290000000000000000e+02
5.350000000000000000e+02 9.040000000000000000e+02
5.340000000000000000e+02 7.690000000000000000e+02
5.330000000000000000e+02 9.380000000000000000e+02
5.320000000000000000e+02 9.710000000000000000e+02
5.310000000000000000e+02 1.006000000000000000e+03
5.300000000000000000e+02 1.121000000000000000e+03
5.290000000000000000e+02 1.122000000000000000e+03
5.280000000000000000e+02 1.217000000000000000e+03
5.270000000000000000e+02 1.291000000000000000e+03
5.260000000000000000e+02 1.440000000000000000e+03
5.250000000000000000e+02 1.590000000000000000e+03
5.240000000000000000e+02 1.644000000000000000e+03
5.230000000000000000e+02 2.050000000000000000e+03
5.220000000000000000e+02 2.431000000000000000e+03
5.210000000000000000e+02 2.811000000000000000e+03
5.200000000000000000e+02 3.308000000000000000e+03
5.190000000000000000e+02 3.896000000000000000e+03
5.180000000000000000e+02 3.996000000000000000e+03
5.170000000000000000e+02 4.351000000000000000e+03
5.160000000000000000e+02 4.361000000000000000e+03
5.150000000000000000e+02 4.664000000000000000e+03
5.140000000000000000e+02 5.244000000000000000e+03
5.130000000000000000e+02 5.702000000000000000e+03
5.120000000000000000e+02 6.568000000000000000e+03
5.110000000000000000e+02 7.153000000000000000e+03
5.100000000000000000e+02 7.346000000000000000e+03
5.090000000000000000e+02 7.901000000000000000e+03
5.080000000000000000e+02 7.626000000000000000e+03
5.070000000000000000e+02 7.354000000000000000e+03
5.060000000000000000e+02 7.420000000000000000e+03
5.050000000000000000e+02 7.215000000000000000e+03
5.040000000000000000e+02 7.108000000000000000e+03
5.030000000000000000e+02 7.594000000000000000e+03
5.020000000000000000e+02 8.477000000000000000e+03
5.010000000000000000e+02 8.545000000000000000e+03
5.000000000000000000e+02 9.355000000000000000e+03
4.990000000000000000e+02 1.021800000000000000e+04
4.980000000000000000e+02 9.960000000000000000e+03
4.970000000000000000e+02 9.731000000000000000e+03
4.960000000000000000e+02 9.699000000000000000e+03
4.950000000000000000e+02 8.665000000000000000e+03
4.940000000000000000e+02 8.952000000000000000e+03
4.930000000000000000e+02 9.397000000000000000e+03
4.920000000000000000e+02 9.413000000000000000e+03
4.910000000000000000e+02 9.983000000000000000e+03
4.900000000000000000e+02 1.060500000000000000e+04
4.890000000000000000e+02 1.057900000000000000e+04
4.880000000000000000e+02 1.060900000000000000e+04
4.870000000000000000e+02 1.089300000000000000e+04
4.860000000000000000e+02 1.038500000000000000e+04
4.850000000000000000e+02 1.009600000000000000e+04
4.840000000000000000e+02 9.730000000000000000e+03
4.830000000000000000e+02 9.044000000000000000e+03
4.820000000000000000e+02 8.141000000000000000e+03
4.810000000000000000e+02 8.483000000000000000e+03
4.800000000000000000e+02 8.524000000000000000e+03
4.790000000000000000e+02 8.177000000000000000e+03
4.780000000000000000e+02 8.219000000000000000e+03
4.770000000000000000e+02 8.261000000000000000e+03
4.760000000000000000e+02 7.687000000000000000e+03
4.750000000000000000e+02 7.624000000000000000e+03
4.740000000000000000e+02 7.762000000000000000e+03
4.730000000000000000e+02 7.705000000000000000e+03
4.720000000000000000e+02 7.546000000000000000e+03
4.710000000000000000e+02 7.000000000000000000e+03
4.700000000000000000e+02 6.446000000000000000e+03
4.690000000000000000e+02 5.858000000000000000e+03
4.680000000000000000e+02 5.792000000000000000e+03
4.670000000000000000e+02 5.261000000000000000e+03
4.660000000000000000e+02 5.063000000000000000e+03
4.650000000000000000e+02 5.231000000000000000e+03
4.640000000000000000e+02 4.640000000000000000e+03
4.630000000000000000e+02 4.265000000000000000e+03
4.620000000000000000e+02 4.021000000000000000e+03
4.610000000000000000e+02 3.499000000000000000e+03
4.600000000000000000e+02 3.232000000000000000e+03
4.590000000000000000e+02 2.879000000000000000e+03
4.580000000000000000e+02 2.626000000000000000e+03
4.570000000000000000e+02 2.471000000000000000e+03
4.560000000000000000e+02 2.478000000000000000e+03
4.550000000000000000e+02 2.649000000000000000e+03
4.540000000000000000e+02 3.048000000000000000e+03
4.530000000000000000e+02 3.937000000000000000e+03
4.520000000000000000e+02 4.139000000000000000e+03
4.510000000000000000e+02 4.353000000000000000e+03
4.500000000000000000e+02 4.870000000000000000e+03
4.490000000000000000e+02 5.158000000000000000e+03
4.480000000000000000e+02 5.369000000000000000e+03
4.470000000000000000e+02 5.180000000000000000e+03
4.460000000000000000e+02 5.417000000000000000e+03
4.450000000000000000e+02 5.438000000000000000e+03
4.440000000000000000e+02 5.115000000000000000e+03
4.430000000000000000e+02 4.192000000000000000e+03
4.420000000000000000e+02 3.582000000000000000e+03
4.410000000000000000e+02 3.307000000000000000e+03
4.400000000000000000e+02 3.011000000000000000e+03
4.390000000000000000e+02 3.231000000000000000e+03
4.380000000000000000e+02 3.723000000000000000e+03
4.370000000000000000e+02 4.336000000000000000e+03
4.360000000000000000e+02 5.179000000000000000e+03
4.350000000000000000e+02 5.851000000000000000e+03
4.340000000000000000e+02 6.122000000000000000e+03
4.330000000000000000e+02 6.200000000000000000e+03
4.320000000000000000e+02 5.545000000000000000e+03
4.310000000000000000e+02 4.196000000000000000e+03
4.300000000000000000e+02 3.239000000000000000e+03
4.290000000000000000e+02 3.221000000000000000e+03
4.280000000000000000e+02 3.398000000000000000e+03
4.270000000000000000e+02 3.770000000000000000e+03
4.260000000000000000e+02 5.477000000000000000e+03
4.250000000000000000e+02 8.128000000000000000e+03
4.240000000000000000e+02 -1.000000000000000000e+00
4.230000000000000000e+02 -1.000000000000000000e+00
4.220000000000000000e+02 -1.000000000000000000e+00
4.210000000000000000e+02 -1.000000000000000000e+00
4.200000000000000000e+02 -1.000000000000000000e+00
4.190000000000000000e+02 -1.000000000000000000e+00
4.180000000000000000e+02 -1.000000000000000000e+00
4.170000000000000000e+02 -1.000000000000000000e+00
4.160000000000000000e+02 -1.000000000000000000e+00
4.150000000000000000e+02 -1.000000000000000000e+00
4.140000000000000000e+02 -1.000000000000000000e+00
4.130000000000000000e+02 -1.000000000000000000e+00
4.120000000000000000e+02 -1.000000000000000000e+00
4.110000000000000000e+02 -1.000000000000000000e+00
4.100000000000000000e+02 -1.000000000000000000e+00
4.090000000000000000e+02 -1.000000000000000000e+00
4.080000000000000000e+02 -1.000000000000000000e+00
4.070000000000000000e+02 2.086800000000000000e+04
4.060000000000000000e+02 2.199700000000000000e+04
4.050000000000000000e+02 2.198900000000000000e+04
4.040000000000000000e+02 2.158200000000000000e+04
4.030000000000000000e+02 2.073100000000000000e+04
4.020000000000000000e+02 1.938900000000000000e+04
4.010000000000000000e+02 1.855900000000000000e+04
4.000000000000000000e+02 1.757000000000000000e+04
3.990000000000000000e+02 1.561600000000000000e+04
3.980000000000000000e+02 1.370600000000000000e+04
3.970000000000000000e+02 1.186100000000000000e+04
3.960000000000000000e+02 1.061000000000000000e+04
3.950000000000000000e+02 1.026700000000000000e+04
3.940000000000000000e+02 9.689000000000000000e+03
3.930000000000000000e+02 8.462000000000000000e+03
3.920000000000000000e+02 7.063000000000000000e+03
3.910000000000000000e+02 5.127000000000000000e+03
3.900000000000000000e+02 3.206000000000000000e+03
3.890000000000000000e+02 2.203000000000000000e+03
3.880000000000000000e+02 1.989000000000000000e+03
3.870000000000000000e+02 1.836000000000000000e+03
3.860000000000000000e+02 1.717000000000000000e+03
3.850000000000000000e+02 1.473000000000000000e+03
3.840000000000000000e+02 1.467000000000000000e+03
3.830000000000000000e+02 1.832000000000000000e+03
3.820000000000000000e+02 2.543000000000000000e+03
3.810000000000000000e+02 3.573000000000000000e+03
3.800000000000000000e+02 4.641000000000000000e+03
3.790000000000000000e+02 6.048000000000000000e+03
3.780000000000000000e+02 7.365000000000000000e+03
3.770000000000000000e+02 8.895000000000000000e+03
3.760000000000000000e+02 1.054500000000000000e+04
3.750000000000000000e+02 1.211900000000000000e+04
3.740000000000000000e+02 1.371700000000000000e+04
3.730000000000000000e+02 1.556000000000000000e+04
3.720000000000000000e+02 1.789300000000000000e+04
3.710000000000000000e+02 1.886100000000000000e+04
3.700000000000000000e+02 1.966200000000000000e+04
3.690000000000000000e+02 2.073300000000000000e+04
3.680000000000000000e+02 2.070400000000000000e+04
3.670000000000000000e+02 2.021900000000000000e+04
3.660000000000000000e+02 1.897800000000000000e+04
3.650000000000000000e+02 1.793800000000000000e+04
3.640000000000000000e+02 1.653600000000000000e+04
3.630000000000000000e+02 1.544500000000000000e+04
3.620000000000000000e+02 1.426100000000000000e+04
3.610000000000000000e+02 1.370600000000000000e+04
3.600000000000000000e+02 1.309500000000000000e+04
3.590000000000000000e+02 1.256700000000000000e+04
3.580000000000000000e+02 1.283000000000000000e+04
3.570000000000000000e+02 1.362100000000000000e+04
3.560000000000000000e+02 1.433200000000000000e+04
3.550000000000000000e+02 1.504300000000000000e+04
3.540000000000000000e+02 1.562000000000000000e+04
3.530000000000000000e+02 1.651100000000000000e+04
3.520000000000000000e+02 1.736600000000000000e+04
3.510000000000000000e+02 1.771900000000000000e+04
3.500000000000000000e+02 1.811300000000000000e+04
3.490000000000000000e+02 1.811900000000000000e+04
3.480000000000000000e+02 1.777300000000000000e+04
3.470000000000000000e+02 1.704200000000000000e+04
3.460000000000000000e+02 1.602700000000000000e+04
3.450000000000000000e+02 1.486100000000000000e+04
3.440000000000000000e+02 1.409300000000000000e+04
3.430000000000000000e+02 1.351100000000000000e+04
3.420000000000000000e+02 1.300700000000000000e+04
3.410000000000000000e+02 1.270400000000000000e+04
3.400000000000000000e+02 1.241100000000000000e+04
3.390000000000000000e+02 1.189200000000000000e+04
3.380000000000000000e+02 1.151300000000000000e+04
3.370000000000000000e+02 1.098400000000000000e+04
3.360000000000000000e+02 1.073100000000000000e+04
3.350000000000000000e+02 1.044800000000000000e+04
3.340000000000000000e+02 1.018400000000000000e+04
3.330000000000000000e+02 1.010300000000000000e+04
3.320000000000000000e+02 9.929000000000000000e+03
3.310000000000000000e+02 9.852000000000000000e+03
3.300000000000000000e+02 9.672000000000000000e+03
3.290000000000000000e+02 9.473000000000000000e+03
3.280000000000000000e+02 9.370000000000000000e+03
3.270000000000000000e+02 9.072000000000000000e+03
3.260000000000000000e+02 9.043000000000000000e+03
3.250000000000000000e+02 8.804000000000000000e+03
3.240000000000000000e+02 8.496000000000000000e+03
3.230000000000000000e+02 8.140000000000000000e+03
3.220000000000000000e+02 7.836000000000000000e+03
3.210000000000000000e+02 7.741000000000000000e+03
3.200000000000000000e+02 7.504000000000000000e+03
3.190000000000000000e+02 7.187000000000000000e+03
3.180000000000000000e+02 7.207000000000000000e+03
3.170000000000000000e+02 7.334000000000000000e+03
3.160000000000000000e+02 7.386000000000000000e+03
3.150000000000000000e+02 7.369000000000000000e+03
3.140000000000000000e+02 7.181000000000000000e+03
3.130000000000000000e+02 7.044000000000000000e+03
3.120000000000000000e+02 6.992000000000000000e+03
3.110000000000000000e+02 5.748000000000000000e+03
3.100000000000000000e+02 5.578000000000000000e+03
3.090000000000000000e+02 5.415000000000000000e+03
3.080000000000000000e+02 6.146000000000000000e+03
3.070000000000000000e+02 5.799000000000000000e+03
3.060000000000000000e+02 5.673000000000000000e+03
3.050000000000000000e+02 5.479000000000000000e+03
3.040000000000000000e+02 5.290000000000000000e+03
3.030000000000000000e+02 5.104000000000000000e+03
3.020000000000000000e+02 4.939000000000000000e+03
3.010000000000000000e+02 4.739000000000000000e+03
3.000000000000000000e+02 4.382000000000000000e+03
2.990000000000000000e+02 4.158000000000000000e+03
2.980000000000000000e+02 3.881000000000000000e+03
2.970000000000000000e+02 3.540000000000000000e+03
2.960000000000000000e+02 3.390000000000000000e+03
2.950000000000000000e+02 3.033000000000000000e+03
2.940000000000000000e+02 2.773000000000000000e+03
2.930000000000000000e+02 2.537000000000000000e+03
2.920000000000000000e+02 2.251000000000000000e+03
2.910000000000000000e+02 2.018000000000000000e+03
2.900000000000000000e+02 1.789000000000000000e+03
2.890000000000000000e+02 1.599000000000000000e+03
2.880000000000000000e+02 1.392000000000000000e+03
2.870000000000000000e+02 1.156000000000000000e+03
2.860000000000000000e+02 9.750000000000000000e+02
2.850000000000000000e+02 7.520000000000000000e+02
2.840000000000000000e+02 6.230000000000000000e+02
2.830000000000000000e+02 5.170000000000000000e+02
2.820000000000000000e+02 3.560000000000000000e+02
2.810000000000000000e+02 2.470000000000000000e+02
2.800000000000000000e+02 1.740000000000000000e+02
2.790000000000000000e+02 1.240000000000000000e+02
2.780000000000000000e+02 1.170000000000000000e+02
2.770000000000000000e+02 1.160000000000000000e+02
2.760000000000000000e+02 1.090000000000000000e+02
2.750000000000000000e+02 1.170000000000000000e+02
2.740000000000000000e+02 1.260000000000000000e+02
2.730000000000000000e+02 1.270000000000000000e+02
2.720000000000000000e+02 1.420000000000000000e+02
2.710000000000000000e+02 1.340000000000000000e+02
2.700000000000000000e+02 1.630000000000000000e+02
2.690000000000000000e+02 1.430000000000000000e+02
2.680000000000000000e+02 1.840000000000000000e+02
2.670000000000000000e+02 1.790000000000000000e+02
2.660000000000000000e+02 1.820000000000000000e+02
2.650000000000000000e+02 2.060000000000000000e+02
2.640000000000000000e+02 2.010000000000000000e+02
2.630000000000000000e+02 2.260000000000000000e+02
2.620000000000000000e+02 2.630000000000000000e+02
2.610000000000000000e+02 2.350000000000000000e+02
2.600000000000000000e+02 2.300000000000000000e+02
2.590000000000000000e+02 2.570000000000000000e+02
2.580000000000000000e+02 2.700000000000000000e+02
2.570000000000000000e+02 3.210000000000000000e+02
2.560000000000000000e+02 2.960000000000000000e+02
2.550000000000000000e+02 3.340000000000000000e+02
2.540000000000000000e+02 3.380000000000000000e+02
2.530000000000000000e+02 3.530000000000000000e+02
2.520000000000000000e+02 3.850000000000000000e+02
2.510000000000000000e+02 3.690000000000000000e+02
2.500000000000000000e+02 3.890000000000000000e+02
2.490000000000000000e+02 4.110000000000000000e+02
2.480000000000000000e+02 4.200000000000000000e+02
2.470000000000000000e+02 4.280000000000000000e+02
2.460000000000000000e+02 4.280000000000000000e+02
2.450000000000000000e+02 4.980000000000000000e+02
2.440000000000000000e+02 5.220000000000000000e+02
2.430000000000000000e+02 5.250000000000000000e+02
2.420000000000000000e+02 5.100000000000000000e+02
2.410000000000000000e+02 5.250000000000000000e+02
2.400000000000000000e+02 5.720000000000000000e+02
2.390000000000000000e+02 5.610000000000000000e+02
2.380000000000000000e+02 6.180000000000000000e+02
2.370000000000000000e+02 5.740000000000000000e+02
2.360000000000000000e+02 6.060000000000000000e+02
2.350000000000000000e+02 6.320000000000000000e+02
2.340000000000000000e+02 5.840000000000000000e+02
2.330000000000000000e+02 6.250000000000000000e+02
2.320000000000000000e+02 6.720000000000000000e+02
2.310000000000000000e+02 5.980000000000000000e+02
2.300000000000000000e+02 6.990000000000000000e+02
2.290000000000000000e+02 7.440000000000000000e+02
2.280000000000000000e+02 7.850000000000000000e+02
2.270000000000000000e+02 8.270000000000000000e+02
2.260000000000000000e+02 8.920000000000000000e+02
2.250000000000000000e+02 9.260000000000000000e+02
2.240000000000000000e+02 1.000000000000000000e+03
2.230000000000000000e+02 9.780000000000000000e+02
2.220000000000000000e+02 9.170000000000000000e+02
2.210000000000000000e+02 1.041000000000000000e+03
2.200000000000000000e+02 1.018000000000000000e+03
2.190000000000000000e+02 1.031000000000000000e+03
2.180000000000000000e+02 1.100000000000000000e+03
2.170000000000000000e+02 1.250000000000000000e+03
2.160000000000000000e+02 1.224000000000000000e+03
2.150000000000000000e+02 1.183000000000000000e+03
2.140000000000000000e+02 1.188000000000000000e+03
2.130000000000000000e+02 1.257000000000000000e+03
2.120000000000000000e+02 -1.000000000000000000e+00
2.110000000000000000e+02 -1.000000000000000000e+00
2.100000000000000000e+02 -1.000000000000000000e+00
2.090000000000000000e+02 -1.000000000000000000e+00
2.080000000000000000e+02 -1.000000000000000000e+00
2.070000000000000000e+02 -1.000000000000000000e+00
2.060000000000000000e+02 -1.000000000000000000e+00
2.050000000000000000e+02 -1.000000000000000000e+00
2.040000000000000000e+02 -1.000000000000000000e+00
2.030000000000000000e+02 -1.000000000000000000e+00
2.020000000000000000e+02 -1.000000000000000000e+00
2.010000000000000000e+02 -1.000000000000000000e+00
2.000000000000000000e+02 -1.000000000000000000e+00
1.990000000000000000e+02 -1.000000000000000000e+00
1.980000000000000000e+02 -1.000000000000000000e+00
1.970000000000000000e+02 -1.000000000000000000e+00
1.960000000000000000e+02 -1.000000000000000000e+00
1.950000000000000000e+02 1.973000000000000000e+03
1.940000000000000000e+02 2.042000000000000000e+03
1.930000000000000000e+02 1.957000000000000000e+03
1.920000000000000000e+02 1.981000000000000000e+03
1.910000000000000000e+02 2.214000000000000000e+03
1.900000000000000000e+02 2.415000000000000000e+03
1.890000000000000000e+02 2.422000000000000000e+03
1.880000000000000000e+02 2.512000000000000000e+03
1.870000000000000000e+02 2.508000000000000000e+03
1.860000000000000000e+02 2.540000000000000000e+03
1.850000000000000000e+02 2.482000000000000000e+03
1.840000000000000000e+02 2.306000000000000000e+03
1.830000000000000000e+02 2.162000000000000000e+03
1.820000000000000000e+02 2.152000000000000000e+03
1.810000000000000000e+02 2.180000000000000000e+03
1.800000000000000000e+02 2.134000000000000000e+03
1.790000000000000000e+02 1.969000000000000000e+03
1.780000000000000000e+02 1.817000000000000000e+03
1.770000000000000000e+02 1.842000000000000000e+03
1.760000000000000000e+02 1.794000000000000000e+03
1.750000000000000000e+02 1.919000000000000000e+03
1.740000000000000000e+02 2.098000000000000000e+03
1.730000000000000000e+02 2.248000000000000000e+03
1.720000000000000000e+02 2.352000000000000000e+03
1.710000000000000000e+02 2.253000000000000000e+03
1.700000000000000000e+02 2.427000000000000000e+03
1.690000000000000000e+02 2.667000000000000000e+03
1.680000000000000000e+02 3.089000000000000000e+03
1.670000000000000000e+02 3.208000000000000000e+03
1.660000000000000000e+02 3.305000000000000000e+03
1.650000000000000000e+02 3.437000000000000000e+03
1.640000000000000000e+02 3.680000000000000000e+03
1.630000000000000000e+02 4.002000000000000000e+03
1.620000000000000000e+02 4.231000000000000000e+03
1.610000000000000000e+02 4.477000000000000000e+03
1.600000000000000000e+02 4.568000000000000000e+03
1.590000000000000000e+02 4.402000000000000000e+03
1.580000000000000000e+02 4.194000000000000000e+03
1.570000000000000000e+02 3.648000000000000000e+03
1.560000000000000000e+02 3.305000000000000000e+03
1.550000000000000000e+02 3.144000000000000000e+03
1.540000000000000000e+02 2.888000000000000000e+03
1.530000000000000000e+02 2.828000000000000000e+03
1.520000000000000000e+02 2.780000000000000000e+03
1.510000000000000000e+02 2.590000000000000000e+03
1.500000000000000000e+02 2.729000000000000000e+03
1.490000000000000000e+02 2.624000000000000000e+03
1.480000000000000000e+02 2.710000000000000000e+03
1.470000000000000000e+02 2.729000000000000000e+03
1.460000000000000000e+02 2.671000000000000000e+03
1.450000000000000000e+02 2.711000000000000000e+03
1.440000000000000000e+02 2.673000000000000000e+03
1.430000000000000000e+02 2.665000000000000000e+03
1.420000000000000000e+02 2.684000000000000000e+03
1.410000000000000000e+02 2.705000000000000000e+03
1.400000000000000000e+02 2.806000000000000000e+03
1.390000000000000000e+02 2.848000000000000000e+03
1.380000000000000000e+02 2.800000000000000000e+03
1.370000000000000000e+02 2.910000000000000000e+03
1.360000000000000000e+02 3.052000000000000000e+03
1.350000000000000000e+02 3.423000000000000000e+03
1.340000000000000000e+02 3.769000000000000000e+03
1.330000000000000000e+02 3.702000000000000000e+03
1.320000000000000000e+02 3.630000000000000000e+03
1.310000000000000000e+02 3.892000000000000000e+03
1.300000000000000000e+02 4.158000000000000000e+03
1.290000000000000000e+02 4.106000000000000000e+03
1.280000000000000000e+02 3.904000000000000000e+03
1.270000000000000000e+02 3.671000000000000000e+03
1.260000000000000000e+02 3.373000000000000000e+03
1.250000000000000000e+02 2.998000000000000000e+03
1.240000000000000000e+02 3.040000000000000000e+03
1.230000000000000000e+02 3.076000000000000000e+03
1.220000000000000000e+02 3.030000000000000000e+03
1.210000000000000000e+02 2.999000000000000000e+03
1.200000000000000000e+02 3.406000000000000000e+03
1.190000000000000000e+02 3.949000000000000000e+03
1.180000000000000000e+02 4.378000000000000000e+03
1.170000000000000000e+02 4.937000000000000000e+03
1.160000000000000000e+02 5.107000000000000000e+03
1.150000000000000000e+02 5.494000000000000000e+03
1.140000000000000000e+02 5.501000000000000000e+03
1.130000000000000000e+02 5.222000000000000000e+03
1.120000000000000000e+02 5.122000000000000000e+03
1.110000000000000000e+02 4.407000000000000000e+03
1.100000000000000000e+02 3.479000000000000000e+03
1.090000000000000000e+02 2.864000000000000000e+03
1.080000000000000000e+02 2.303000000000000000e+03
1.070000000000000000e+02 2.327000000000000000e+03
1.060000000000000000e+02 2.282000000000000000e+03
1.050000000000000000e+02 2.150000000000000000e+03
1.040000000000000000e+02 2.011000000000000000e+03
1.030000000000000000e+02 2.065000000000000000e+03
1.020000000000000000e+02 1.890000000000000000e+03
1.010000000000000000e+02 1.843000000000000000e+03
1.000000000000000000e+02 1.699000000000000000e+03
9.900000000000000000e+01 1.577000000000000000e+03
9.800000000000000000e+01 1.602000000000000000e+03
9.700000000000000000e+01 1.629000000000000000e+03
9.600000000000000000e+01 1.574000000000000000e+03
9.500000000000000000e+01 1.852000000000000000e+03
9.400000000000000000e+01 2.143000000000000000e+03
9.300000000000000000e+01 2.197000000000000000e+03
9.200000000000000000e+01 2.655000000000000000e+03
9.100000000000000000e+01 2.768000000000000000e+03
9.000000000000000000e+01 2.702000000000000000e+03
8.900000000000000000e+01 2.856000000000000000e+03
8.800000000000000000e+01 2.476000000000000000e+03
8.700000000000000000e+01 1.680000000000000000e+03
8.600000000000000000e+01 1.206000000000000000e+03
8.500000000000000000e+01 1.040000000000000000e+03
8.400000000000000000e+01 9.800000000000000000e+02
8.300000000000000000e+01 9.380000000000000000e+02
8.200000000000000000e+01 9.110000000000000000e+02
8.100000000000000000e+01 7.990000000000000000e+02
8.000000000000000000e+01 8.540000000000000000e+02
7.900000000000000000e+01 8.170000000000000000e+02
7.800000000000000000e+01 7.920000000000000000e+02
7.700000000000000000e+01 7.240000000000000000e+02
7.600000000000000000e+01 6.160000000000000000e+02
7.500000000000000000e+01 5.640000000000000000e+02
7.400000000000000000e+01 5.070000000000000000e+02
7.300000000000000000e+01 4.610000000000000000e+02
7.200000000000000000e+01 5.460000000000000000e+02
7.100000000000000000e+01 5.780000000000000000e+02
7.000000000000000000e+01 7.140000000000000000e+02
6.900000000000000000e+01 6.870000000000000000e+02
6.800000000000000000e+01 6.850000000000000000e+02
6.700000000000000000e+01 6.540000000000000000e+02
6.600000000000000000e+01 4.250000000000000000e+02
6.500000000000000000e+01 3.100000000000000000e+02
6.400000000000000000e+01 3.750000000000000000e+02
6.300000000000000000e+01 3.380000000000000000e+02
6.200000000000000000e+01 2.860000000000000000e+02
6.100000000000000000e+01 2.590000000000000000e+02
6.000000000000000000e+01 2.430000000000000000e+02
5.900000000000000000e+01 2.860000000000000000e+02
5.800000000000000000e+01 2.490000000000000000e+02
5.700000000000000000e+01 1.910000000000000000e+02
5.600000000000000000e+01 1.270000000000000000e+02
5.500000000000000000e+01 8.700000000000000000e+01
5.400000000000000000e+01 6.100000000000000000e+01
5.300000000000000000e+01 5.700000000000000000e+01
5.200000000000000000e+01 6.600000000000000000e+01
5.100000000000000000e+01 7.000000000000000000e+01
5.000000000000000000e+01 6.500000000000000000e+01
4.900000000000000000e+01 4.100000000000000000e+01
4.800000000000000000e+01 4.400000000000000000e+01
4.700000000000000000e+01 4.500000000000000000e+01
4.600000000000000000e+01 4.900000000000000000e+01
4.500000000000000000e+01 5.300000000000000000e+01
4.400000000000000000e+01 5.900000000000000000e+01
4.300000000000000000e+01 8.300000000000000000e+01
4.200000000000000000e+01 7.000000000000000000e+01
4.100000000000000000e+01 8.100000000000000000e+01
4.000000000000000000e+01 7.500000000000000000e+01
3.900000000000000000e+01 7.800000000000000000e+01
3.800000000000000000e+01 1.100000000000000000e+02
3.700000000000000000e+01 1.570000000000000000e+02
3.600000000000000000e+01 1.570000000000000000e+02
3.500000000000000000e+01 1.580000000000000000e+02
3.400000000000000000e+01 1.910000000000000000e+02
3.300000000000000000e+01 2.090000000000000000e+02
3.200000000000000000e+01 2.100000000000000000e+02
3.100000000000000000e+01 2.640000000000000000e+02
3.000000000000000000e+01 3.450000000000000000e+02
2.900000000000000000e+01 3.400000000000000000e+02
2.800000000000000000e+01 1.890000000000000000e+02
2.700000000000000000e+01 1.620000000000000000e+02
2.600000000000000000e+01 1.300000000000000000e+02
2.500000000000000000e+01 1.310000000000000000e+02
2.400000000000000000e+01 1.080000000000000000e+02
2.300000000000000000e+01 1.240000000000000000e+02
2.200000000000000000e+01 1.190000000000000000e+02
2.100000000000000000e+01 1.390000000000000000e+02
2.000000000000000000e+01 1.810000000000000000e+02
1.900000000000000000e+01 2.180000000000000000e+02
1.800000000000000000e+01 1.750000000000000000e+02
1.700000000000000000e+01 1.600000000000000000e+02
1.600000000000000000e+01 1.630000000000000000e+02
1.500000000000000000e+01 1.280000000000000000e+02
1.400000000000000000e+01 1.490000000000000000e+02
1.300000000000000000e+01 1.980000000000000000e+02
1.200000000000000000e+01 1.490000000000000000e+02
1.100000000000000000e+01 1.500000000000000000e+02
1.000000000000000000e+01 1.570000000000000000e+02
9.000000000000000000e+00 1.490000000000000000e+02
8.000000000000000000e+00 1.230000000000000000e+02
7.000000000000000000e+00 1.790000000000000000e+02
6.000000000000000000e+00 1.710000000000000000e+02
5.000000000000000000e+00 1.880000000000000000e+02
4.000000000000000000e+00 2.710000000000000000e+02
3.000000000000000000e+00 2.020000000000000000e+02
2.000000000000000000e+00 1.490000000000000000e+02
1.000000000000000000e+00 1.060000000000000000e+02
