1.043000000000000000e+03 0.000000000000000000e+00
1.042000000000000000e+03 0.000000000000000000e+00
1.041000000000000000e+03 0.000000000000000000e+00
1.040000000000000000e+03 0.000000000000000000e+00
1.039000000000000000e+03 0.000000000000000000e+00
1.038000000000000000e+03 0.000000000000000000e+00
1.037000000000000000e+03 0.000000000000000000e+00
1.036000000000000000e+03 0.000000000000000000e+00
1.035000000000000000e+03 0.000000000000000000e+00
1.034000000000000000e+03 0.000000000000000000e+00
1.033000000000000000e+03 0.000000000000000000e+00
1.032000000000000000e+03 0.000000000000000000e+00
1.031000000000000000e+03 0.000000000000000000e+00
1.030000000000000000e+03 0.000000000000000000e+00
1.029000000000000000e+03 0.000000000000000000e+00
1.028000000000000000e+03 0.000000000000000000e+00
1.027000000000000000e+03 0.000000000000000000e+00
1.026000000000000000e+03 0.000000000000000000e+00
1.025000000000000000e+03 0.000000000000000000e+00
1.024000000000000000e+03 0.000000000000000000e+00
1.023000000000000000e+03 0.000000000000000000e+00
1.022000000000000000e+03 0.000000000000000000e+00
1.021000000000000000e+03 0.000000000000000000e+00
1.020000000000000000e+03 0.000000000000000000e+00
1.019000000000000000e+03 0.000000000000000000e+00
1.018000000000000000e+03 0.000000000000000000e+00
1.017000000000000000e+03 0.000000000000000000e+00
1.016000000000000000e+03 0.000000000000000000e+00
1.015000000000000000e+03 0.000000000000000000e+00
1.014000000000000000e+03 0.000000000000000000e+00
1.013000000000000000e+03 0.000000000000000000e+00
1.012000000000000000e+03 0.000000000000000000e+00
1.011000000000000000e+03 0.000000000000000000e+00
1.010000000000000000e+03 0.000000000000000000e+00
1.009000000000000000e+03 0.000000000000000000e+00
1.008000000000000000e+03 0.000000000000000000e+00
1.007000000000000000e+03 0.000000000000000000e+00
1.006000000000000000e+03 0.000000000000000000e+00
1.005000000000000000e+03 0.000000000000000000e+00
1.004000000000000000e+03 0.000000000000000000e+00
1.003000000000000000e+03 0.000000000000000000e+00
1.002000000000000000e+03 0.000000000000000000e+00
1.001000000000000000e+03 0.000000000000000000e+00
1.000000000000000000e+03 0.000000000000000000e+00
9.990000000000000000e+02 0.000000000000000000e+00
9.980000000000000000e+02 0.000000000000000000e+00
9.970000000000000000e+02 0.000000000000000000e+00
9.960000000000000000e+02 0.000000000000000000e+00
9.950000000000000000e+02 0.000000000000000000e+00
9.940000000000000000e+02 0.000000000000000000e+00
9.930000000000000000e+02 0.000000000000000000e+00
9.920000000000000000e+02 0.000000000000000000e+00
9.910000000000000000e+02 0.000000000000000000e+00
9.900000000000000000e+02 0.000000000000000000e+00
9.890000000000000000e+02 0.000000000000000000e+00
9.880000000000000000e+02 0.000000000000000000e+00
9.870000000000000000e+02 0.000000000000000000e+00
9.860000000000000000e+02 0.000000000000000000e+00
9.850000000000000000e+02 0.000000000000000000e+00
9.840000000000000000e+02 0.000000000000000000e+00
9.830000000000000000e+02 0.000000000000000000e+00
9.820000000000000000e+02 0.000000000000000000e+00
9.810000000000000000e+02 0.000000000000000000e+00
9.800000000000000000e+02 0.000000000000000000e+00
9.790000000000000000e+02 1.000000000000000000e+00
9.780000000000000000e+02 0.000000000000000000e+00
9.770000000000000000e+02 0.000000000000000000e+00
9.760000000000000000e+02 1.000000000000000000e+00
9.750000000000000000e+02 5.000000000000000000e+00
9.740000000000000000e+02 1.800000000000000000e+01
9.730000000000000000e+02 4.300000000000000000e+01
9.720000000000000000e+02 3.150000000000000000e+02
9.710000000000000000e+02 2.895000000000000000e+03
9.700000000000000000e+02 1.999000000000000000e+03
9.690000000000000000e+02 1.248000000000000000e+03
9.680000000000000000e+02 6.150000000000000000e+02
9.670000000000000000e+02 2.270000000000000000e+02
9.660000000000000000e+02 1.190000000000000000e+02
9.650000000000000000e+02 9.400000000000000000e+01
9.640000000000000000e+02 9.600000000000000000e+01
9.630000000000000000e+02 5.800000000000000000e+01
9.620000000000000000e+02 4.800000000000000000e+01
9.610000000000000000e+02 3.800000000000000000e+01
9.600000000000000000e+02 4.500000000000000000e+01
9.590000000000000000e+02 3.900000000000000000e+01
9.580000000000000000e+02 3.300000000000000000e+01
9.570000000000000000e+02 3.900000000000000000e+01
9.560000000000000000e+02 2.500000000000000000e+01
9.550000000000000000e+02 1.800000000000000000e+01
9.540000000000000000e+02 2.300000000000000000e+01
9.530000000000000000e+02 1.500000000000000000e+01
9.520000000000000000e+02 8.000000000000000000e+00
9.510000000000000000e+02 9.000000000000000000e+00
9.500000000000000000e+02 6.000000000000000000e+00
9.490000000000000000e+02 1.200000000000000000e+01
9.480000000000000000e+02 1.000000000000000000e+01
9.470000000000000000e+02 4.000000000000000000e+00
9.460000000000000000e+02 4.000000000000000000e+00
9.450000000000000000e+02 4.000000000000000000e+00
9.440000000000000000e+02 5.000000000000000000e+00
9.430000000000000000e+02 2.000000000000000000e+00
9.420000000000000000e+02 3.000000000000000000e+00
9.410000000000000000e+02 0.000000000000000000e+00
9.400000000000000000e+02 3.000000000000000000e+00
9.390000000000000000e+02 2.000000000000000000e+00
9.380000000000000000e+02 0.000000000000000000e+00
9.370000000000000000e+02 1.000000000000000000e+00
9.360000000000000000e+02 0.000000000000000000e+00
9.350000000000000000e+02 0.000000000000000000e+00
9.340000000000000000e+02 0.000000000000000000e+00
9.330000000000000000e+02 0.000000000000000000e+00
9.320000000000000000e+02 0.000000000000000000e+00
9.310000000000000000e+02 1.000000000000000000e+00
9.300000000000000000e+02 1.000000000000000000e+00
9.290000000000000000e+02 1.000000000000000000e+00
9.280000000000000000e+02 2.000000000000000000e+00
9.270000000000000000e+02 1.000000000000000000e+00
9.260000000000000000e+02 6.000000000000000000e+00
9.250000000000000000e+02 1.000000000000000000e+01
9.240000000000000000e+02 4.000000000000000000e+00
9.230000000000000000e+02 1.400000000000000000e+01
9.220000000000000000e+02 1.600000000000000000e+01
9.210000000000000000e+02 1.600000000000000000e+01
9.200000000000000000e+02 2.500000000000000000e+01
9.190000000000000000e+02 2.800000000000000000e+01
9.180000000000000000e+02 3.600000000000000000e+01
9.170000000000000000e+02 4.000000000000000000e+01
9.160000000000000000e+02 4.700000000000000000e+01
9.150000000000000000e+02 6.900000000000000000e+01
9.140000000000000000e+02 7.100000000000000000e+01
9.130000000000000000e+02 8.800000000000000000e+01
9.120000000000000000e+02 1.100000000000000000e+02
9.110000000000000000e+02 1.430000000000000000e+02
9.100000000000000000e+02 1.320000000000000000e+02
9.090000000000000000e+02 1.270000000000000000e+02
9.080000000000000000e+02 1.620000000000000000e+02
9.070000000000000000e+02 2.510000000000000000e+02
9.060000000000000000e+02 2.360000000000000000e+02
9.050000000000000000e+02 2.430000000000000000e+02
9.040000000000000000e+02 2.650000000000000000e+02
9.030000000000000000e+02 2.540000000000000000e+02
9.020000000000000000e+02 3.320000000000000000e+02
9.010000000000000000e+02 4.600000000000000000e+02
9.000000000000000000e+02 3.800000000000000000e+02
8.990000000000000000e+02 3.950000000000000000e+02
8.980000000000000000e+02 4.810000000000000000e+02
8.970000000000000000e+02 4.700000000000000000e+02
8.960000000000000000e+02 4.490000000000000000e+02
8.950000000000000000e+02 5.150000000000000000e+02
8.940000000000000000e+02 4.310000000000000000e+02
8.930000000000000000e+02 4.320000000000000000e+02
8.920000000000000000e+02 4.740000000000000000e+02
8.910000000000000000e+02 4.770000000000000000e+02
8.900000000000000000e+02 4.950000000000000000e+02
8.890000000000000000e+02 5.100000000000000000e+02
8.880000000000000000e+02 4.260000000000000000e+02
8.870000000000000000e+02 4.090000000000000000e+02
8.860000000000000000e+02 4.490000000000000000e+02
8.850000000000000000e+02 4.420000000000000000e+02
8.840000000000000000e+02 3.250000000000000000e+02
8.830000000000000000e+02 4.150000000000000000e+02
8.820000000000000000e+02 3.820000000000000000e+02
8.810000000000000000e+02 3.100000000000000000e+02
8.800000000000000000e+02 2.810000000000000000e+02
8.790000000000000000e+02 3.050000000000000000e+02
8.780000000000000000e+02 2.500000000000000000e+02
8.770000000000000000e+02 2.470000000000000000e+02
8.760000000000000000e+02 2.190000000000000000e+02
8.750000000000000000e+02 1.890000000000000000e+02
8.740000000000000000e+02 1.690000000000000000e+02
8.730000000000000000e+02 1.990000000000000000e+02
8.720000000000000000e+02 1.580000000000000000e+02
8.710000000000000000e+02 1.140000000000000000e+02
8.700000000000000000e+02 9.200000000000000000e+01
8.690000000000000000e+02 5.700000000000000000e+01
8.680000000000000000e+02 6.100000000000000000e+01
8.670000000000000000e+02 4.500000000000000000e+01
8.660000000000000000e+02 4.400000000000000000e+01
8.650000000000000000e+02 1.600000000000000000e+01
8.640000000000000000e+02 2.500000000000000000e+01
8.630000000000000000e+02 2.200000000000000000e+01
8.620000000000000000e+02 6.000000000000000000e+00
8.610000000000000000e+02 1.000000000000000000e+01
8.600000000000000000e+02 1.000000000000000000e+01
8.590000000000000000e+02 5.000000000000000000e+00
8.580000000000000000e+02 0.000000000000000000e+00
8.570000000000000000e+02 1.000000000000000000e+00
8.560000000000000000e+02 0.000000000000000000e+00
8.550000000000000000e+02 0.000000000000000000e+00
8.540000000000000000e+02 1.000000000000000000e+00
8.530000000000000000e+02 4.000000000000000000e+00
8.520000000000000000e+02 0.000000000000000000e+00
8.510000000000000000e+02 1.000000000000000000e+01
8.500000000000000000e+02 4.000000000000000000e+00
8.490000000000000000e+02 6.000000000000000000e+00
8.480000000000000000e+02 -1.000000000000000000e+00
8.470000000000000000e+02 -1.000000000000000000e+00
8.460000000000000000e+02 -1.000000000000000000e+00
8.450000000000000000e+02 -1.000000000000000000e+00
8.440000000000000000e+02 -1.000000000000000000e+00
8.430000000000000000e+02 -1.000000000000000000e+00
8.420000000000000000e+02 -1.000000000000000000e+00
8.410000000000000000e+02 -1.000000000000000000e+00
8.400000000000000000e+02 -1.000000000000000000e+00
8.390000000000000000e+02 -1.000000000000000000e+00
8.380000000000000000e+02 -1.000000000000000000e+00
8.370000000000000000e+02 -1.000000000000000000e+00
8.360000000000000000e+02 -1.000000000000000000e+00
8.350000000000000000e+02 -1.000000000000000000e+00
8.340000000000000000e+02 -1.000000000000000000e+00
8.330000000000000000e+02 -1.000000000000000000e+00
8.320000000000000000e+02 -1.000000000000000000e+00
8.310000000000000000e+02 1.677300000000000000e+04
8.300000000000000000e+02 1.763300000000000000e+04
8.290000000000000000e+02 1.867700000000000000e+04
8.280000000000000000e+02 1.940800000000000000e+04
8.270000000000000000e+02 1.789400000000000000e+04
8.260000000000000000e+02 1.868000000000000000e+04
8.250000000000000000e+02 2.172800000000000000e+04
8.240000000000000000e+02 2.491900000000000000e+04
8.230000000000000000e+02 2.245100000000000000e+04
8.220000000000000000e+02 2.106800000000000000e+04
8.210000000000000000e+02 2.363100000000000000e+04
8.200000000000000000e+02 2.639300000000000000e+04
8.190000000000000000e+02 2.638100000000000000e+04
8.180000000000000000e+02 2.580100000000000000e+04
8.170000000000000000e+02 2.499900000000000000e+04
8.160000000000000000e+02 2.464300000000000000e+04
8.150000000000000000e+02 2.616100000000000000e+04
8.140000000000000000e+02 2.854300000000000000e+04
8.130000000000000000e+02 2.735500000000000000e+04
8.120000000000000000e+02 2.509600000000000000e+04
8.110000000000000000e+02 2.588300000000000000e+04
8.100000000000000000e+02 2.785100000000000000e+04
8.090000000000000000e+02 2.863800000000000000e+04
8.080000000000000000e+02 2.619700000000000000e+04
8.070000000000000000e+02 2.453100000000000000e+04
8.060000000000000000e+02 2.482000000000000000e+04
8.050000000000000000e+02 2.583000000000000000e+04
8.040000000000000000e+02 2.735400000000000000e+04
8.030000000000000000e+02 2.587400000000000000e+04
8.020000000000000000e+02 2.285700000000000000e+04
8.010000000000000000e+02 2.030700000000000000e+04
8.000000000000000000e+02 2.005300000000000000e+04
7.990000000000000000e+02 2.193500000000000000e+04
7.980000000000000000e+02 2.229400000000000000e+04
7.970000000000000000e+02 1.858600000000000000e+04
7.960000000000000000e+02 1.708300000000000000e+04
7.950000000000000000e+02 1.654800000000000000e+04
7.940000000000000000e+02 1.544000000000000000e+04
7.930000000000000000e+02 1.544700000000000000e+04
7.920000000000000000e+02 1.526100000000000000e+04
7.910000000000000000e+02 1.232300000000000000e+04
7.900000000000000000e+02 9.624000000000000000e+03
7.890000000000000000e+02 9.194000000000000000e+03
7.880000000000000000e+02 9.756000000000000000e+03
7.870000000000000000e+02 8.835000000000000000e+03
7.860000000000000000e+02 7.423000000000000000e+03
7.850000000000000000e+02 6.305000000000000000e+03
7.840000000000000000e+02 5.696000000000000000e+03
7.830000000000000000e+02 4.620000000000000000e+03
7.820000000000000000e+02 3.582000000000000000e+03
7.810000000000000000e+02 2.985000000000000000e+03
7.800000000000000000e+02 2.511000000000000000e+03
7.790000000000000000e+02 1.766000000000000000e+03
7.780000000000000000e+02 1.406000000000000000e+03
7.770000000000000000e+02 1.289000000000000000e+03
7.760000000000000000e+02 1.042000000000000000e+03
7.750000000000000000e+02 8.970000000000000000e+02
7.740000000000000000e+02 8.940000000000000000e+02
7.730000000000000000e+02 1.157000000000000000e+03
7.720000000000000000e+02 1.606000000000000000e+03
7.710000000000000000e+02 2.034000000000000000e+03
7.700000000000000000e+02 2.475000000000000000e+03
7.690000000000000000e+02 3.302000000000000000e+03
7.680000000000000000e+02 4.431000000000000000e+03
7.670000000000000000e+02 5.279000000000000000e+03
7.660000000000000000e+02 6.144000000000000000e+03
7.650000000000000000e+02 7.825000000000000000e+03
7.640000000000000000e+02 9.153000000000000000e+03
7.630000000000000000e+02 9.762000000000000000e+03
7.620000000000000000e+02 1.064900000000000000e+04
7.610000000000000000e+02 1.308600000000000000e+04
7.600000000000000000e+02 1.628300000000000000e+04
7.590000000000000000e+02 1.745600000000000000e+04
7.580000000000000000e+02 1.823300000000000000e+04
7.570000000000000000e+02 1.977300000000000000e+04
7.560000000000000000e+02 2.102300000000000000e+04
7.550000000000000000e+02 2.381400000000000000e+04
7.540000000000000000e+02 2.678600000000000000e+04
7.530000000000000000e+02 2.875400000000000000e+04
7.520000000000000000e+02 2.948200000000000000e+04
7.510000000000000000e+02 3.076700000000000000e+04
7.500000000000000000e+02 3.069700000000000000e+04
7.490000000000000000e+02 3.540000000000000000e+04
7.480000000000000000e+02 3.961800000000000000e+04
7.470000000000000000e+02 4.008700000000000000e+04
7.460000000000000000e+02 3.686400000000000000e+04
7.450000000000000000e+02 3.591300000000000000e+04
7.440000000000000000e+02 4.029800000000000000e+04
7.430000000000000000e+02 4.617500000000000000e+04
7.420000000000000000e+02 4.756700000000000000e+04
7.410000000000000000e+02 4.507900000000000000e+04
7.400000000000000000e+02 4.305200000000000000e+04
7.390000000000000000e+02 4.484200000000000000e+04
7.380000000000000000e+02 4.633700000000000000e+04
7.370000000000000000e+02 4.941200000000000000e+04
7.360000000000000000e+02 5.106000000000000000e+04
7.350000000000000000e+02 4.383000000000000000e+04
7.340000000000000000e+02 4.272100000000000000e+04
7.330000000000000000e+02 4.157300000000000000e+04
7.320000000000000000e+02 4.820400000000000000e+04
7.310000000000000000e+02 4.960200000000000000e+04
7.300000000000000000e+02 4.827000000000000000e+04
7.290000000000000000e+02 4.434600000000000000e+04
7.280000000000000000e+02 4.661700000000000000e+04
7.270000000000000000e+02 4.728500000000000000e+04
7.260000000000000000e+02 4.483200000000000000e+04
7.250000000000000000e+02 4.310200000000000000e+04
7.240000000000000000e+02 4.144700000000000000e+04
7.230000000000000000e+02 4.262800000000000000e+04
7.220000000000000000e+02 4.311900000000000000e+04
7.210000000000000000e+02 4.022200000000000000e+04
7.200000000000000000e+02 3.737900000000000000e+04
7.190000000000000000e+02 3.645200000000000000e+04
7.180000000000000000e+02 3.866000000000000000e+04
7.170000000000000000e+02 3.568000000000000000e+04
7.160000000000000000e+02 3.059900000000000000e+04
7.150000000000000000e+02 2.764300000000000000e+04
7.140000000000000000e+02 2.851800000000000000e+04
7.130000000000000000e+02 2.830600000000000000e+04
7.120000000000000000e+02 2.626100000000000000e+04
7.110000000000000000e+02 2.336200000000000000e+04
7.100000000000000000e+02 2.063500000000000000e+04
7.090000000000000000e+02 1.894800000000000000e+04
7.080000000000000000e+02 1.592300000000000000e+04
7.070000000000000000e+02 1.435800000000000000e+04
7.060000000000000000e+02 1.305700000000000000e+04
7.050000000000000000e+02 1.179500000000000000e+04
7.040000000000000000e+02 9.663000000000000000e+03
7.030000000000000000e+02 7.017000000000000000e+03
7.020000000000000000e+02 5.563000000000000000e+03
7.010000000000000000e+02 4.530000000000000000e+03
7.000000000000000000e+02 3.679000000000000000e+03
6.990000000000000000e+02 3.065000000000000000e+03
6.980000000000000000e+02 1.945000000000000000e+03
6.970000000000000000e+02 1.596000000000000000e+03
6.960000000000000000e+02 1.132000000000000000e+03
6.950000000000000000e+02 9.780000000000000000e+02
6.940000000000000000e+02 1.085000000000000000e+03
6.930000000000000000e+02 1.582000000000000000e+03
6.920000000000000000e+02 2.398000000000000000e+03
6.910000000000000000e+02 3.591000000000000000e+03
6.900000000000000000e+02 4.504000000000000000e+03
6.890000000000000000e+02 5.499000000000000000e+03
6.880000000000000000e+02 6.479000000000000000e+03
6.870000000000000000e+02 8.647000000000000000e+03
6.860000000000000000e+02 1.161800000000000000e+04
6.850000000000000000e+02 1.455000000000000000e+04
6.840000000000000000e+02 1.621100000000000000e+04
6.830000000000000000e+02 1.705100000000000000e+04
6.820000000000000000e+02 2.113900000000000000e+04
6.810000000000000000e+02 2.305200000000000000e+04
6.800000000000000000e+02 2.531200000000000000e+04
6.790000000000000000e+02 2.906100000000000000e+04
6.780000000000000000e+02 3.235300000000000000e+04
6.770000000000000000e+02 3.593400000000000000e+04
6.760000000000000000e+02 3.674700000000000000e+04
6.750000000000000000e+02 3.672500000000000000e+04
6.740000000000000000e+02 3.688700000000000000e+04
6.730000000000000000e+02 3.900700000000000000e+04
6.720000000000000000e+02 4.538600000000000000e+04
6.710000000000000000e+02 5.141800000000000000e+04
6.700000000000000000e+02 5.336300000000000000e+04
6.690000000000000000e+02 4.933800000000000000e+04
6.680000000000000000e+02 4.890000000000000000e+04
6.670000000000000000e+02 5.019300000000000000e+04
6.660000000000000000e+02 5.575700000000000000e+04
6.650000000000000000e+02 6.063700000000000000e+04
6.640000000000000000e+02 6.447200000000000000e+04
6.630000000000000000e+02 6.719600000000000000e+04
6.620000000000000000e+02 6.473600000000000000e+04
6.610000000000000000e+02 5.920300000000000000e+04
6.600000000000000000e+02 5.560700000000000000e+04
6.590000000000000000e+02 5.737200000000000000e+04
6.580000000000000000e+02 6.405200000000000000e+04
6.570000000000000000e+02 6.941100000000000000e+04
6.560000000000000000e+02 7.112500000000000000e+04
6.550000000000000000e+02 6.882400000000000000e+04
6.540000000000000000e+02 6.402000000000000000e+04
6.530000000000000000e+02 6.248000000000000000e+04
6.520000000000000000e+02 6.330500000000000000e+04
6.510000000000000000e+02 6.421900000000000000e+04
6.500000000000000000e+02 6.594900000000000000e+04
6.490000000000000000e+02 6.602600000000000000e+04
6.480000000000000000e+02 6.685100000000000000e+04
6.470000000000000000e+02 6.750500000000000000e+04
6.460000000000000000e+02 6.461400000000000000e+04
6.450000000000000000e+02 6.075000000000000000e+04
6.440000000000000000e+02 5.724900000000000000e+04
6.430000000000000000e+02 5.536700000000000000e+04
6.420000000000000000e+02 5.759100000000000000e+04
6.410000000000000000e+02 6.017500000000000000e+04
6.400000000000000000e+02 5.917300000000000000e+04
6.390000000000000000e+02 5.440300000000000000e+04
6.380000000000000000e+02 4.864600000000000000e+04
6.370000000000000000e+02 4.403900000000000000e+04
6.360000000000000000e+02 -1.000000000000000000e+00
6.350000000000000000e+02 -1.000000000000000000e+00
6.340000000000000000e+02 -1.000000000000000000e+00
6.330000000000000000e+02 -1.000000000000000000e+00
6.320000000000000000e+02 -1.000000000000000000e+00
6.310000000000000000e+02 -1.000000000000000000e+00
6.300000000000000000e+02 -1.000000000000000000e+00
6.290000000000000000e+02 -1.000000000000000000e+00
6.280000000000000000e+02 -1.000000000000000000e+00
6.270000000000000000e+02 -1.000000000000000000e+00
6.260000000000000000e+02 -1.000000000000000000e+00
6.250000000000000000e+02 -1.000000000000000000e+00
6.240000000000000000e+02 -1.000000000000000000e+00
6.230000000000000000e+02 -1.000000000000000000e+00
6.220000000000000000e+02 -1.000000000000000000e+00
6.210000000000000000e+02 -1.000000000000000000e+00
6.200000000000000000e+02 -1.000000000000000000e+00
6.190000000000000000e+02 4.298000000000000000e+03
6.180000000000000000e+02 2.740000000000000000e+03
6.170000000000000000e+02 1.627000000000000000e+03
6.160000000000000000e+02 1.103000000000000000e+03
6.150000000000000000e+02 1.000000000000000000e+03
6.140000000000000000e+02 1.355000000000000000e+03
6.130000000000000000e+02 2.392000000000000000e+03
6.120000000000000000e+02 3.625000000000000000e+03
6.110000000000000000e+02 5.130000000000000000e+03
6.100000000000000000e+02 7.535000000000000000e+03
6.090000000000000000e+02 9.872000000000000000e+03
6.080000000000000000e+02 1.217600000000000000e+04
6.070000000000000000e+02 1.562800000000000000e+04
6.060000000000000000e+02 1.813900000000000000e+04
6.050000000000000000e+02 2.097300000000000000e+04
6.040000000000000000e+02 2.504500000000000000e+04
6.030000000000000000e+02 3.131700000000000000e+04
6.020000000000000000e+02 3.419100000000000000e+04
6.010000000000000000e+02 3.672100000000000000e+04
6.000000000000000000e+02 3.700700000000000000e+04
5.990000000000000000e+02 3.846800000000000000e+04
5.980000000000000000e+02 4.272400000000000000e+04
5.970000000000000000e+02 4.988600000000000000e+04
5.960000000000000000e+02 5.471900000000000000e+04
5.950000000000000000e+02 5.608500000000000000e+04
5.940000000000000000e+02 5.772700000000000000e+04
5.930000000000000000e+02 5.840200000000000000e+04
5.920000000000000000e+02 6.189500000000000000e+04
5.910000000000000000e+02 6.428700000000000000e+04
5.900000000000000000e+02 6.507500000000000000e+04
5.890000000000000000e+02 6.848100000000000000e+04
5.880000000000000000e+02 6.695500000000000000e+04
5.870000000000000000e+02 6.853100000000000000e+04
5.860000000000000000e+02 7.451900000000000000e+04
5.850000000000000000e+02 7.821200000000000000e+04
5.840000000000000000e+02 7.770700000000000000e+04
5.830000000000000000e+02 7.584800000000000000e+04
5.820000000000000000e+02 7.294800000000000000e+04
5.810000000000000000e+02 6.851300000000000000e+04
5.800000000000000000e+02 7.142400000000000000e+04
5.790000000000000000e+02 7.581500000000000000e+04
5.780000000000000000e+02 7.808200000000000000e+04
5.770000000000000000e+02 8.058900000000000000e+04
5.760000000000000000e+02 7.995800000000000000e+04
5.750000000000000000e+02 7.791700000000000000e+04
5.740000000000000000e+02 7.859000000000000000e+04
5.730000000000000000e+02 7.854400000000000000e+04
5.720000000000000000e+02 7.631600000000000000e+04
5.710000000000000000e+02 7.566200000000000000e+04
5.700000000000000000e+02 7.492100000000000000e+04
5.690000000000000000e+02 7.403800000000000000e+04
5.680000000000000000e+02 7.494100000000000000e+04
5.670000000000000000e+02 7.624100000000000000e+04
5.660000000000000000e+02 7.510100000000000000e+04
5.650000000000000000e+02 7.510500000000000000e+04
5.640000000000000000e+02 7.353900000000000000e+04
5.630000000000000000e+02 6.567300000000000000e+04
5.620000000000000000e+02 6.332800000000000000e+04
5.610000000000000000e+02 6.260400000000000000e+04
5.600000000000000000e+02 6.046400000000000000e+04
5.590000000000000000e+02 6.416100000000000000e+04
5.580000000000000000e+02 6.429000000000000000e+04
5.570000000000000000e+02 6.064700000000000000e+04
5.560000000000000000e+02 5.533900000000000000e+04
5.550000000000000000e+02 4.876400000000000000e+04
5.540000000000000000e+02 4.533700000000000000e+04
5.530000000000000000e+02 4.392900000000000000e+04
5.520000000000000000e+02 4.315600000000000000e+04
5.510000000000000000e+02 4.281800000000000000e+04
5.500000000000000000e+02 4.109200000000000000e+04
5.490000000000000000e+02 3.772200000000000000e+04
5.480000000000000000e+02 3.415800000000000000e+04
5.470000000000000000e+02 3.027100000000000000e+04
5.460000000000000000e+02 2.572600000000000000e+04
5.450000000000000000e+02 2.263900000000000000e+04
5.440000000000000000e+02 1.850100000000000000e+04
5.430000000000000000e+02 1.494900000000000000e+04
5.420000000000000000e+02 1.116700000000000000e+04
5.410000000000000000e+02 7.782000000000000000e+03
5.400000000000000000e+02 5.563000000000000000e+03
5.390000000000000000e+02 4.103000000000000000e+03
5.380000000000000000e+02 2.640000000000000000e+03
5.370000000000000000e+02 1.650000000000000000e+03
5.360000000000000000e+02 9.910000000000000000e+02
5.350000000000000000e+02 1.246000000000000000e+03
5.340000000000000000e+02 2.249000000000000000e+03
5.330000000000000000e+02 3.988000000000000000e+03
5.320000000000000000e+02 5.850000000000000000e+03
5.310000000000000000e+02 8.741000000000000000e+03
5.300000000000000000e+02 1.196600000000000000e+04
5.290000000000000000e+02 1.558400000000000000e+04
5.280000000000000000e+02 2.197700000000000000e+04
5.270000000000000000e+02 2.738800000000000000e+04
5.260000000000000000e+02 3.051100000000000000e+04
5.250000000000000000e+02 3.419900000000000000e+04
5.240000000000000000e+02 3.917400000000000000e+04
5.230000000000000000e+02 3.664100000000000000e+04
5.220000000000000000e+02 3.837900000000000000e+04
5.210000000000000000e+02 4.013900000000000000e+04
5.200000000000000000e+02 5.120200000000000000e+04
5.190000000000000000e+02 5.142600000000000000e+04
5.180000000000000000e+02 5.329700000000000000e+04
5.170000000000000000e+02 5.542600000000000000e+04
5.160000000000000000e+02 6.070400000000000000e+04
5.150000000000000000e+02 6.542900000000000000e+04
5.140000000000000000e+02 6.948600000000000000e+04
5.130000000000000000e+02 7.201700000000000000e+04
5.120000000000000000e+02 7.132600000000000000e+04
5.110000000000000000e+02 7.080200000000000000e+04
5.100000000000000000e+02 6.939400000000000000e+04
5.090000000000000000e+02 7.013600000000000000e+04
5.080000000000000000e+02 6.996000000000000000e+04
5.070000000000000000e+02 7.168400000000000000e+04
5.060000000000000000e+02 7.695000000000000000e+04
5.050000000000000000e+02 8.268100000000000000e+04
5.040000000000000000e+02 8.207100000000000000e+04
5.030000000000000000e+02 8.201800000000000000e+04
5.020000000000000000e+02 8.408100000000000000e+04
5.010000000000000000e+02 8.493400000000000000e+04
5.000000000000000000e+02 8.216200000000000000e+04
4.990000000000000000e+02 7.988900000000000000e+04
4.980000000000000000e+02 7.992700000000000000e+04
4.970000000000000000e+02 8.001100000000000000e+04
4.960000000000000000e+02 7.803400000000000000e+04
4.950000000000000000e+02 7.732300000000000000e+04
4.940000000000000000e+02 7.844200000000000000e+04
4.930000000000000000e+02 7.811600000000000000e+04
4.920000000000000000e+02 7.719000000000000000e+04
4.910000000000000000e+02 7.936100000000000000e+04
4.900000000000000000e+02 8.129200000000000000e+04
4.890000000000000000e+02 7.968400000000000000e+04
4.880000000000000000e+02 7.655400000000000000e+04
4.870000000000000000e+02 7.255300000000000000e+04
4.860000000000000000e+02 6.931900000000000000e+04
4.850000000000000000e+02 6.750800000000000000e+04
4.840000000000000000e+02 6.457500000000000000e+04
4.830000000000000000e+02 6.364100000000000000e+04
4.820000000000000000e+02 6.434100000000000000e+04
4.810000000000000000e+02 6.736000000000000000e+04
4.800000000000000000e+02 7.008200000000000000e+04
4.790000000000000000e+02 7.087100000000000000e+04
4.780000000000000000e+02 7.088500000000000000e+04
4.770000000000000000e+02 7.270000000000000000e+04
4.760000000000000000e+02 7.362300000000000000e+04
4.750000000000000000e+02 6.973900000000000000e+04
4.740000000000000000e+02 6.715700000000000000e+04
4.730000000000000000e+02 6.732400000000000000e+04
4.720000000000000000e+02 6.908500000000000000e+04
4.710000000000000000e+02 6.766900000000000000e+04
4.700000000000000000e+02 6.817200000000000000e+04
4.690000000000000000e+02 7.002800000000000000e+04
4.680000000000000000e+02 7.334000000000000000e+04
4.670000000000000000e+02 7.267600000000000000e+04
4.660000000000000000e+02 6.973000000000000000e+04
4.650000000000000000e+02 6.891800000000000000e+04
4.640000000000000000e+02 6.841500000000000000e+04
4.630000000000000000e+02 6.976600000000000000e+04
4.620000000000000000e+02 7.231500000000000000e+04
4.610000000000000000e+02 7.154800000000000000e+04
4.600000000000000000e+02 6.972700000000000000e+04
4.590000000000000000e+02 6.598600000000000000e+04
4.580000000000000000e+02 6.351700000000000000e+04
4.570000000000000000e+02 6.082600000000000000e+04
4.560000000000000000e+02 5.842600000000000000e+04
4.550000000000000000e+02 5.588000000000000000e+04
4.540000000000000000e+02 5.238700000000000000e+04
4.530000000000000000e+02 5.134800000000000000e+04
4.520000000000000000e+02 4.724300000000000000e+04
4.510000000000000000e+02 4.459000000000000000e+04
4.500000000000000000e+02 4.436400000000000000e+04
4.490000000000000000e+02 4.458300000000000000e+04
4.480000000000000000e+02 4.642300000000000000e+04
4.470000000000000000e+02 4.261900000000000000e+04
4.460000000000000000e+02 3.797300000000000000e+04
4.450000000000000000e+02 3.488300000000000000e+04
4.440000000000000000e+02 3.284200000000000000e+04
4.430000000000000000e+02 2.970700000000000000e+04
4.420000000000000000e+02 2.488400000000000000e+04
4.410000000000000000e+02 1.939700000000000000e+04
4.400000000000000000e+02 1.311200000000000000e+04
4.390000000000000000e+02 9.624000000000000000e+03
4.380000000000000000e+02 1.034400000000000000e+04
4.370000000000000000e+02 1.369100000000000000e+04
4.360000000000000000e+02 1.303500000000000000e+04
4.350000000000000000e+02 1.077800000000000000e+04
4.340000000000000000e+02 1.370900000000000000e+04
4.330000000000000000e+02 2.122600000000000000e+04
4.320000000000000000e+02 3.205100000000000000e+04
4.310000000000000000e+02 4.225500000000000000e+04
4.300000000000000000e+02 5.212600000000000000e+04
4.290000000000000000e+02 6.201400000000000000e+04
4.280000000000000000e+02 6.827300000000000000e+04
4.270000000000000000e+02 7.476800000000000000e+04
4.260000000000000000e+02 7.969700000000000000e+04
4.250000000000000000e+02 7.851300000000000000e+04
4.240000000000000000e+02 -1.000000000000000000e+00
4.230000000000000000e+02 -1.000000000000000000e+00
4.220000000000000000e+02 -1.000000000000000000e+00
4.210000000000000000e+02 -1.000000000000000000e+00
4.200000000000000000e+02 -1.000000000000000000e+00
4.190000000000000000e+02 -1.000000000000000000e+00
4.180000000000000000e+02 -1.000000000000000000e+00
4.170000000000000000e+02 -1.000000000000000000e+00
4.160000000000000000e+02 -1.000000000000000000e+00
4.150000000000000000e+02 -1.000000000000000000e+00
4.140000000000000000e+02 -1.000000000000000000e+00
4.130000000000000000e+02 -1.000000000000000000e+00
4.120000000000000000e+02 -1.000000000000000000e+00
4.110000000000000000e+02 -1.000000000000000000e+00
4.100000000000000000e+02 -1.000000000000000000e+00
4.090000000000000000e+02 -1.000000000000000000e+00
4.080000000000000000e+02 -1.000000000000000000e+00
4.070000000000000000e+02 6.280800000000000000e+04
4.060000000000000000e+02 6.498800000000000000e+04
4.050000000000000000e+02 6.385500000000000000e+04
4.040000000000000000e+02 6.100700000000000000e+04
4.030000000000000000e+02 5.911300000000000000e+04
4.020000000000000000e+02 5.601200000000000000e+04
4.010000000000000000e+02 5.139300000000000000e+04
4.000000000000000000e+02 4.666900000000000000e+04
3.990000000000000000e+02 4.240800000000000000e+04
3.980000000000000000e+02 3.630400000000000000e+04
3.970000000000000000e+02 3.030100000000000000e+04
3.960000000000000000e+02 2.564700000000000000e+04
3.950000000000000000e+02 2.094500000000000000e+04
3.940000000000000000e+02 1.789200000000000000e+04
3.930000000000000000e+02 1.814700000000000000e+04
3.920000000000000000e+02 2.050400000000000000e+04
3.910000000000000000e+02 2.463400000000000000e+04
3.900000000000000000e+02 2.766300000000000000e+04
3.890000000000000000e+02 3.151600000000000000e+04
3.880000000000000000e+02 3.433800000000000000e+04
3.870000000000000000e+02 3.792600000000000000e+04
3.860000000000000000e+02 3.961500000000000000e+04
3.850000000000000000e+02 4.217500000000000000e+04
3.840000000000000000e+02 4.468100000000000000e+04
3.830000000000000000e+02 4.700700000000000000e+04
3.820000000000000000e+02 4.858100000000000000e+04
3.810000000000000000e+02 5.067900000000000000e+04
3.800000000000000000e+02 5.151000000000000000e+04
3.790000000000000000e+02 5.415700000000000000e+04
3.780000000000000000e+02 5.706400000000000000e+04
3.770000000000000000e+02 6.132300000000000000e+04
3.760000000000000000e+02 6.523300000000000000e+04
3.750000000000000000e+02 7.171800000000000000e+04
3.740000000000000000e+02 7.969100000000000000e+04
3.730000000000000000e+02 8.554700000000000000e+04
3.720000000000000000e+02 8.870800000000000000e+04
3.710000000000000000e+02 9.186000000000000000e+04
3.700000000000000000e+02 9.923200000000000000e+04
3.690000000000000000e+02 1.048700000000000000e+05
3.680000000000000000e+02 1.117130000000000000e+05
3.670000000000000000e+02 1.125380000000000000e+05
3.660000000000000000e+02 1.153750000000000000e+05
3.650000000000000000e+02 1.179290000000000000e+05
3.640000000000000000e+02 1.179200000000000000e+05
3.630000000000000000e+02 1.172240000000000000e+05
3.620000000000000000e+02 1.161960000000000000e+05
3.610000000000000000e+02 1.172030000000000000e+05
3.600000000000000000e+02 1.163800000000000000e+05
3.590000000000000000e+02 1.138300000000000000e+05
3.580000000000000000e+02 1.143200000000000000e+05
3.570000000000000000e+02 1.131310000000000000e+05
3.560000000000000000e+02 1.130540000000000000e+05
3.550000000000000000e+02 1.093600000000000000e+05
3.540000000000000000e+02 1.061250000000000000e+05
3.530000000000000000e+02 1.022790000000000000e+05
3.520000000000000000e+02 9.872600000000000000e+04
3.510000000000000000e+02 9.500000000000000000e+04
3.500000000000000000e+02 8.604300000000000000e+04
3.490000000000000000e+02 8.250400000000000000e+04
3.480000000000000000e+02 7.578300000000000000e+04
3.470000000000000000e+02 7.302400000000000000e+04
3.460000000000000000e+02 7.391000000000000000e+04
3.450000000000000000e+02 7.727800000000000000e+04
3.440000000000000000e+02 7.899000000000000000e+04
3.430000000000000000e+02 7.946200000000000000e+04
3.420000000000000000e+02 8.027400000000000000e+04
3.410000000000000000e+02 8.188700000000000000e+04
3.400000000000000000e+02 8.412000000000000000e+04
3.390000000000000000e+02 8.238900000000000000e+04
3.380000000000000000e+02 8.207600000000000000e+04
3.370000000000000000e+02 8.101100000000000000e+04
3.360000000000000000e+02 8.032300000000000000e+04
3.350000000000000000e+02 7.958800000000000000e+04
3.340000000000000000e+02 7.902800000000000000e+04
3.330000000000000000e+02 7.665900000000000000e+04
3.320000000000000000e+02 7.621800000000000000e+04
3.310000000000000000e+02 7.462500000000000000e+04
3.300000000000000000e+02 7.715800000000000000e+04
3.290000000000000000e+02 7.383400000000000000e+04
3.280000000000000000e+02 7.220400000000000000e+04
3.270000000000000000e+02 7.046400000000000000e+04
3.260000000000000000e+02 6.937400000000000000e+04
3.250000000000000000e+02 6.818500000000000000e+04
3.240000000000000000e+02 6.696400000000000000e+04
3.230000000000000000e+02 6.583900000000000000e+04
3.220000000000000000e+02 6.451200000000000000e+04
3.210000000000000000e+02 6.272300000000000000e+04
3.200000000000000000e+02 6.061400000000000000e+04
3.190000000000000000e+02 5.863600000000000000e+04
3.180000000000000000e+02 5.799500000000000000e+04
3.170000000000000000e+02 5.653100000000000000e+04
3.160000000000000000e+02 5.515800000000000000e+04
3.150000000000000000e+02 5.337600000000000000e+04
3.140000000000000000e+02 5.260200000000000000e+04
3.130000000000000000e+02 5.102800000000000000e+04
3.120000000000000000e+02 4.919700000000000000e+04
3.110000000000000000e+02 3.640300000000000000e+04
3.100000000000000000e+02 3.540000000000000000e+04
3.090000000000000000e+02 3.443300000000000000e+04
3.080000000000000000e+02 4.312800000000000000e+04
3.070000000000000000e+02 4.182900000000000000e+04
3.060000000000000000e+02 4.051100000000000000e+04
3.050000000000000000e+02 3.924200000000000000e+04
3.040000000000000000e+02 3.759500000000000000e+04
3.030000000000000000e+02 3.650400000000000000e+04
3.020000000000000000e+02 3.469900000000000000e+04
3.010000000000000000e+02 3.330400000000000000e+04
3.000000000000000000e+02 3.172400000000000000e+04
2.990000000000000000e+02 3.041300000000000000e+04
2.980000000000000000e+02 2.872300000000000000e+04
2.970000000000000000e+02 2.749300000000000000e+04
2.960000000000000000e+02 2.567000000000000000e+04
2.950000000000000000e+02 2.395700000000000000e+04
2.940000000000000000e+02 2.211200000000000000e+04
2.930000000000000000e+02 2.039600000000000000e+04
2.920000000000000000e+02 1.874300000000000000e+04
2.910000000000000000e+02 1.683100000000000000e+04
2.900000000000000000e+02 1.518100000000000000e+04
2.890000000000000000e+02 1.362300000000000000e+04
2.880000000000000000e+02 1.179700000000000000e+04
2.870000000000000000e+02 1.018800000000000000e+04
2.860000000000000000e+02 8.817000000000000000e+03
2.850000000000000000e+02 7.086000000000000000e+03
2.840000000000000000e+02 5.903000000000000000e+03
2.830000000000000000e+02 4.600000000000000000e+03
2.820000000000000000e+02 3.280000000000000000e+03
2.810000000000000000e+02 1.989000000000000000e+03
2.800000000000000000e+02 1.140000000000000000e+03
2.790000000000000000e+02 8.880000000000000000e+02
2.780000000000000000e+02 7.650000000000000000e+02
2.770000000000000000e+02 8.100000000000000000e+02
2.760000000000000000e+02 7.570000000000000000e+02
2.750000000000000000e+02 7.710000000000000000e+02
2.740000000000000000e+02 8.760000000000000000e+02
2.730000000000000000e+02 9.140000000000000000e+02
2.720000000000000000e+02 1.005000000000000000e+03
2.710000000000000000e+02 1.046000000000000000e+03
2.700000000000000000e+02 1.026000000000000000e+03
2.690000000000000000e+02 1.069000000000000000e+03
2.680000000000000000e+02 1.208000000000000000e+03
2.670000000000000000e+02 1.145000000000000000e+03
2.660000000000000000e+02 1.161000000000000000e+03
2.650000000000000000e+02 1.104000000000000000e+03
2.640000000000000000e+02 1.213000000000000000e+03
2.630000000000000000e+02 1.156000000000000000e+03
2.620000000000000000e+02 1.141000000000000000e+03
2.610000000000000000e+02 1.047000000000000000e+03
2.600000000000000000e+02 1.105000000000000000e+03
2.590000000000000000e+02 1.059000000000000000e+03
2.580000000000000000e+02 1.007000000000000000e+03
2.570000000000000000e+02 9.870000000000000000e+02
2.560000000000000000e+02 9.800000000000000000e+02
2.550000000000000000e+02 9.250000000000000000e+02
2.540000000000000000e+02 8.340000000000000000e+02
2.530000000000000000e+02 8.060000000000000000e+02
2.520000000000000000e+02 7.630000000000000000e+02
2.510000000000000000e+02 6.980000000000000000e+02
2.500000000000000000e+02 6.980000000000000000e+02
2.490000000000000000e+02 6.160000000000000000e+02
2.480000000000000000e+02 6.000000000000000000e+02
2.470000000000000000e+02 6.190000000000000000e+02
2.460000000000000000e+02 5.460000000000000000e+02
2.450000000000000000e+02 5.650000000000000000e+02
2.440000000000000000e+02 5.200000000000000000e+02
2.430000000000000000e+02 5.450000000000000000e+02
2.420000000000000000e+02 4.800000000000000000e+02
2.410000000000000000e+02 4.810000000000000000e+02
2.400000000000000000e+02 4.750000000000000000e+02
2.390000000000000000e+02 4.980000000000000000e+02
2.380000000000000000e+02 5.260000000000000000e+02
2.370000000000000000e+02 5.800000000000000000e+02
2.360000000000000000e+02 6.640000000000000000e+02
2.350000000000000000e+02 6.730000000000000000e+02
2.340000000000000000e+02 8.010000000000000000e+02
2.330000000000000000e+02 8.600000000000000000e+02
2.320000000000000000e+02 1.042000000000000000e+03
2.310000000000000000e+02 1.289000000000000000e+03
2.300000000000000000e+02 1.338000000000000000e+03
2.290000000000000000e+02 1.551000000000000000e+03
2.280000000000000000e+02 1.825000000000000000e+03
2.270000000000000000e+02 1.960000000000000000e+03
2.260000000000000000e+02 2.073000000000000000e+03
2.250000000000000000e+02 2.209000000000000000e+03
2.240000000000000000e+02 2.537000000000000000e+03
2.230000000000000000e+02 3.280000000000000000e+03
2.220000000000000000e+02 3.752000000000000000e+03
2.210000000000000000e+02 4.247000000000000000e+03
2.200000000000000000e+02 4.946000000000000000e+03
2.190000000000000000e+02 5.702000000000000000e+03
2.180000000000000000e+02 6.261000000000000000e+03
2.170000000000000000e+02 7.213000000000000000e+03
2.160000000000000000e+02 9.035000000000000000e+03
2.150000000000000000e+02 9.900000000000000000e+03
2.140000000000000000e+02 9.821000000000000000e+03
2.130000000000000000e+02 9.778000000000000000e+03
2.120000000000000000e+02 -1.000000000000000000e+00
2.110000000000000000e+02 -1.000000000000000000e+00
2.100000000000000000e+02 -1.000000000000000000e+00
2.090000000000000000e+02 -1.000000000000000000e+00
2.080000000000000000e+02 -1.000000000000000000e+00
2.070000000000000000e+02 -1.000000000000000000e+00
2.060000000000000000e+02 -1.000000000000000000e+00
2.050000000000000000e+02 -1.000000000000000000e+00
2.040000000000000000e+02 -1.000000000000000000e+00
2.030000000000000000e+02 -1.000000000000000000e+00
2.020000000000000000e+02 -1.000000000000000000e+00
2.010000000000000000e+02 -1.000000000000000000e+00
2.000000000000000000e+02 -1.000000000000000000e+00
1.990000000000000000e+02 -1.000000000000000000e+00
1.980000000000000000e+02 -1.000000000000000000e+00
1.970000000000000000e+02 -1.000000000000000000e+00
1.960000000000000000e+02 -1.000000000000000000e+00
1.950000000000000000e+02 1.493500000000000000e+04
1.940000000000000000e+02 1.563100000000000000e+04
1.930000000000000000e+02 1.596300000000000000e+04
1.920000000000000000e+02 1.653600000000000000e+04
1.910000000000000000e+02 1.680200000000000000e+04
1.900000000000000000e+02 1.797800000000000000e+04
1.890000000000000000e+02 1.814800000000000000e+04
1.880000000000000000e+02 1.817700000000000000e+04
1.870000000000000000e+02 1.881500000000000000e+04
1.860000000000000000e+02 1.960700000000000000e+04
1.850000000000000000e+02 2.050400000000000000e+04
1.840000000000000000e+02 1.979600000000000000e+04
1.830000000000000000e+02 1.995700000000000000e+04
1.820000000000000000e+02 2.034400000000000000e+04
1.810000000000000000e+02 2.003100000000000000e+04
1.800000000000000000e+02 1.949800000000000000e+04
1.790000000000000000e+02 1.916800000000000000e+04
1.780000000000000000e+02 1.990100000000000000e+04
1.770000000000000000e+02 1.923500000000000000e+04
1.760000000000000000e+02 2.105800000000000000e+04
1.750000000000000000e+02 2.145700000000000000e+04
1.740000000000000000e+02 2.344100000000000000e+04
1.730000000000000000e+02 2.532900000000000000e+04
1.720000000000000000e+02 2.612900000000000000e+04
1.710000000000000000e+02 2.612300000000000000e+04
1.700000000000000000e+02 2.712600000000000000e+04
1.690000000000000000e+02 2.789800000000000000e+04
1.680000000000000000e+02 2.785000000000000000e+04
1.670000000000000000e+02 2.686800000000000000e+04
1.660000000000000000e+02 2.677100000000000000e+04
1.650000000000000000e+02 2.651400000000000000e+04
1.640000000000000000e+02 2.587400000000000000e+04
1.630000000000000000e+02 2.571100000000000000e+04
1.620000000000000000e+02 2.617200000000000000e+04
1.610000000000000000e+02 2.513600000000000000e+04
1.600000000000000000e+02 2.453900000000000000e+04
1.590000000000000000e+02 2.448700000000000000e+04
1.580000000000000000e+02 2.508600000000000000e+04
1.570000000000000000e+02 2.599000000000000000e+04
1.560000000000000000e+02 2.639400000000000000e+04
1.550000000000000000e+02 2.642500000000000000e+04
1.540000000000000000e+02 2.705700000000000000e+04
1.530000000000000000e+02 2.817300000000000000e+04
1.520000000000000000e+02 2.925100000000000000e+04
1.510000000000000000e+02 3.042100000000000000e+04
1.500000000000000000e+02 3.117100000000000000e+04
1.490000000000000000e+02 3.215400000000000000e+04
1.480000000000000000e+02 3.283700000000000000e+04
1.470000000000000000e+02 3.395700000000000000e+04
1.460000000000000000e+02 3.483900000000000000e+04
1.450000000000000000e+02 3.551500000000000000e+04
1.440000000000000000e+02 3.740700000000000000e+04
1.430000000000000000e+02 3.905000000000000000e+04
1.420000000000000000e+02 4.181800000000000000e+04
1.410000000000000000e+02 4.254400000000000000e+04
1.400000000000000000e+02 4.026100000000000000e+04
1.390000000000000000e+02 3.959200000000000000e+04
1.380000000000000000e+02 4.026000000000000000e+04
1.370000000000000000e+02 4.009100000000000000e+04
1.360000000000000000e+02 3.870000000000000000e+04
1.350000000000000000e+02 3.886900000000000000e+04
1.340000000000000000e+02 3.859200000000000000e+04
1.330000000000000000e+02 3.963100000000000000e+04
1.320000000000000000e+02 4.085100000000000000e+04
1.310000000000000000e+02 4.221300000000000000e+04
1.300000000000000000e+02 4.209300000000000000e+04
1.290000000000000000e+02 4.302700000000000000e+04
1.280000000000000000e+02 4.430500000000000000e+04
1.270000000000000000e+02 4.544000000000000000e+04
1.260000000000000000e+02 4.422000000000000000e+04
1.250000000000000000e+02 4.318400000000000000e+04
1.240000000000000000e+02 4.310000000000000000e+04
1.230000000000000000e+02 4.473300000000000000e+04
1.220000000000000000e+02 4.449000000000000000e+04
1.210000000000000000e+02 4.149700000000000000e+04
1.200000000000000000e+02 3.976800000000000000e+04
1.190000000000000000e+02 3.862000000000000000e+04
1.180000000000000000e+02 3.884100000000000000e+04
1.170000000000000000e+02 3.900300000000000000e+04
1.160000000000000000e+02 3.743200000000000000e+04
1.150000000000000000e+02 3.641400000000000000e+04
1.140000000000000000e+02 3.634000000000000000e+04
1.130000000000000000e+02 3.457300000000000000e+04
1.120000000000000000e+02 3.256200000000000000e+04
1.110000000000000000e+02 3.159600000000000000e+04
1.100000000000000000e+02 3.132700000000000000e+04
1.090000000000000000e+02 3.123200000000000000e+04
1.080000000000000000e+02 3.129900000000000000e+04
1.070000000000000000e+02 3.021700000000000000e+04
1.060000000000000000e+02 3.183100000000000000e+04
1.050000000000000000e+02 3.176500000000000000e+04
1.040000000000000000e+02 3.025800000000000000e+04
1.030000000000000000e+02 2.807000000000000000e+04
1.020000000000000000e+02 2.751800000000000000e+04
1.010000000000000000e+02 2.666900000000000000e+04
1.000000000000000000e+02 2.393300000000000000e+04
9.900000000000000000e+01 1.933200000000000000e+04
9.800000000000000000e+01 1.909500000000000000e+04
9.700000000000000000e+01 1.887500000000000000e+04
9.600000000000000000e+01 2.244400000000000000e+04
9.500000000000000000e+01 2.302000000000000000e+04
9.400000000000000000e+01 2.419900000000000000e+04
9.300000000000000000e+01 2.442200000000000000e+04
9.200000000000000000e+01 2.604900000000000000e+04
9.100000000000000000e+01 2.323500000000000000e+04
9.000000000000000000e+01 2.254700000000000000e+04
8.900000000000000000e+01 2.017300000000000000e+04
8.800000000000000000e+01 1.745100000000000000e+04
8.700000000000000000e+01 1.697600000000000000e+04
8.600000000000000000e+01 1.745400000000000000e+04
8.500000000000000000e+01 1.736200000000000000e+04
8.400000000000000000e+01 1.596400000000000000e+04
8.300000000000000000e+01 1.577700000000000000e+04
8.200000000000000000e+01 1.557400000000000000e+04
8.100000000000000000e+01 1.485800000000000000e+04
8.000000000000000000e+01 1.519200000000000000e+04
7.900000000000000000e+01 1.527000000000000000e+04
7.800000000000000000e+01 1.301400000000000000e+04
7.700000000000000000e+01 1.266400000000000000e+04
7.600000000000000000e+01 1.498700000000000000e+04
7.500000000000000000e+01 1.448100000000000000e+04
7.400000000000000000e+01 1.363100000000000000e+04
7.300000000000000000e+01 9.432000000000000000e+03
7.200000000000000000e+01 7.410000000000000000e+03
7.100000000000000000e+01 6.233000000000000000e+03
7.000000000000000000e+01 5.987000000000000000e+03
6.900000000000000000e+01 5.779000000000000000e+03
6.800000000000000000e+01 5.771000000000000000e+03
6.700000000000000000e+01 5.297000000000000000e+03
6.600000000000000000e+01 6.669000000000000000e+03
6.500000000000000000e+01 9.167000000000000000e+03
6.400000000000000000e+01 8.902000000000000000e+03
6.300000000000000000e+01 5.208000000000000000e+03
6.200000000000000000e+01 2.419000000000000000e+03
6.100000000000000000e+01 1.706000000000000000e+03
6.000000000000000000e+01 1.461000000000000000e+03
5.900000000000000000e+01 1.292000000000000000e+03
5.800000000000000000e+01 1.128000000000000000e+03
5.700000000000000000e+01 7.840000000000000000e+02
5.600000000000000000e+01 6.210000000000000000e+02
5.500000000000000000e+01 6.270000000000000000e+02
5.400000000000000000e+01 4.510000000000000000e+02
5.300000000000000000e+01 3.010000000000000000e+02
5.200000000000000000e+01 1.400000000000000000e+02
5.100000000000000000e+01 1.120000000000000000e+02
5.000000000000000000e+01 1.230000000000000000e+02
4.900000000000000000e+01 1.650000000000000000e+02
4.800000000000000000e+01 3.470000000000000000e+02
4.700000000000000000e+01 4.360000000000000000e+02
4.600000000000000000e+01 4.960000000000000000e+02
4.500000000000000000e+01 4.030000000000000000e+02
4.400000000000000000e+01 4.450000000000000000e+02
4.300000000000000000e+01 5.180000000000000000e+02
4.200000000000000000e+01 7.240000000000000000e+02
4.100000000000000000e+01 1.244000000000000000e+03
4.000000000000000000e+01 2.255000000000000000e+03
3.900000000000000000e+01 2.975000000000000000e+03
3.800000000000000000e+01 3.489000000000000000e+03
3.700000000000000000e+01 3.760000000000000000e+03
3.600000000000000000e+01 2.998000000000000000e+03
3.500000000000000000e+01 2.085000000000000000e+03
3.400000000000000000e+01 1.838000000000000000e+03
3.300000000000000000e+01 1.799000000000000000e+03
3.200000000000000000e+01 2.077000000000000000e+03
3.100000000000000000e+01 3.221000000000000000e+03
3.000000000000000000e+01 3.594000000000000000e+03
2.900000000000000000e+01 3.758000000000000000e+03
2.800000000000000000e+01 3.505000000000000000e+03
2.700000000000000000e+01 3.636000000000000000e+03
2.600000000000000000e+01 5.809000000000000000e+03
2.500000000000000000e+01 6.599000000000000000e+03
2.400000000000000000e+01 4.621000000000000000e+03
2.300000000000000000e+01 3.557000000000000000e+03
2.200000000000000000e+01 3.783000000000000000e+03
2.100000000000000000e+01 3.339000000000000000e+03
2.000000000000000000e+01 3.115000000000000000e+03
1.900000000000000000e+01 3.562000000000000000e+03
1.800000000000000000e+01 6.520000000000000000e+03
1.700000000000000000e+01 1.114400000000000000e+04
1.600000000000000000e+01 1.104200000000000000e+04
1.500000000000000000e+01 7.351000000000000000e+03
1.400000000000000000e+01 3.918000000000000000e+03
1.300000000000000000e+01 3.146000000000000000e+03
1.200000000000000000e+01 2.855000000000000000e+03
1.100000000000000000e+01 3.165000000000000000e+03
1.000000000000000000e+01 4.878000000000000000e+03
9.000000000000000000e+00 7.014000000000000000e+03
8.000000000000000000e+00 7.350000000000000000e+03
7.000000000000000000e+00 4.219000000000000000e+03
6.000000000000000000e+00 3.171000000000000000e+03
5.000000000000000000e+00 4.412000000000000000e+03
4.000000000000000000e+00 3.492000000000000000e+03
3.000000000000000000e+00 3.100000000000000000e+03
2.000000000000000000e+00 3.722000000000000000e+03
1.000000000000000000e+00 3.511000000000000000e+03
