1.043000000000000000e+03 0.000000000000000000e+00
1.042000000000000000e+03 0.000000000000000000e+00
1.041000000000000000e+03 0.000000000000000000e+00
1.040000000000000000e+03 0.000000000000000000e+00
1.039000000000000000e+03 0.000000000000000000e+00
1.038000000000000000e+03 0.000000000000000000e+00
1.037000000000000000e+03 0.000000000000000000e+00
1.036000000000000000e+03 0.000000000000000000e+00
1.035000000000000000e+03 0.000000000000000000e+00
1.034000000000000000e+03 0.000000000000000000e+00
1.033000000000000000e+03 0.000000000000000000e+00
1.032000000000000000e+03 0.000000000000000000e+00
1.031000000000000000e+03 0.000000000000000000e+00
1.030000000000000000e+03 0.000000000000000000e+00
1.029000000000000000e+03 0.000000000000000000e+00
1.028000000000000000e+03 0.000000000000000000e+00
1.027000000000000000e+03 0.000000000000000000e+00
1.026000000000000000e+03 0.000000000000000000e+00
1.025000000000000000e+03 0.000000000000000000e+00
1.024000000000000000e+03 0.000000000000000000e+00
1.023000000000000000e+03 0.000000000000000000e+00
1.022000000000000000e+03 0.000000000000000000e+00
1.021000000000000000e+03 0.000000000000000000e+00
1.020000000000000000e+03 1.000000000000000000e+00
1.019000000000000000e+03 0.000000000000000000e+00
1.018000000000000000e+03 0.000000000000000000e+00
1.017000000000000000e+03 0.000000000000000000e+00
1.016000000000000000e+03 0.000000000000000000e+00
1.015000000000000000e+03 0.000000000000000000e+00
1.014000000000000000e+03 0.000000000000000000e+00
1.013000000000000000e+03 0.000000000000000000e+00
1.012000000000000000e+03 0.000000000000000000e+00
1.011000000000000000e+03 0.000000000000000000e+00
1.010000000000000000e+03 0.000000000000000000e+00
1.009000000000000000e+03 0.000000000000000000e+00
1.008000000000000000e+03 0.000000000000000000e+00
1.007000000000000000e+03 0.000000000000000000e+00
1.006000000000000000e+03 0.000000000000000000e+00
1.005000000000000000e+03 0.000000000000000000e+00
1.004000000000000000e+03 0.000000000000000000e+00
1.003000000000000000e+03 0.000000000000000000e+00
1.002000000000000000e+03 0.000000000000000000e+00
1.001000000000000000e+03 0.000000000000000000e+00
1.000000000000000000e+03 0.000000000000000000e+00
9.990000000000000000e+02 0.000000000000000000e+00
9.980000000000000000e+02 0.000000000000000000e+00
9.970000000000000000e+02 0.000000000000000000e+00
9.960000000000000000e+02 0.000000000000000000e+00
9.950000000000000000e+02 0.000000000000000000e+00
9.940000000000000000e+02 0.000000000000000000e+00
9.930000000000000000e+02 0.000000000000000000e+00
9.920000000000000000e+02 0.000000000000000000e+00
9.910000000000000000e+02 0.000000000000000000e+00
9.900000000000000000e+02 0.000000000000000000e+00
9.890000000000000000e+02 0.000000000000000000e+00
9.880000000000000000e+02 0.000000000000000000e+00
9.870000000000000000e+02 0.000000000000000000e+00
9.860000000000000000e+02 0.000000000000000000e+00
9.850000000000000000e+02 0.000000000000000000e+00
9.840000000000000000e+02 0.000000000000000000e+00
9.830000000000000000e+02 0.000000000000000000e+00
9.820000000000000000e+02 0.000000000000000000e+00
9.810000000000000000e+02 0.000000000000000000e+00
9.800000000000000000e+02 0.000000000000000000e+00
9.790000000000000000e+02 0.000000000000000000e+00
9.780000000000000000e+02 0.000000000000000000e+00
9.770000000000000000e+02 0.000000000000000000e+00
9.760000000000000000e+02 0.000000000000000000e+00
9.750000000000000000e+02 0.000000000000000000e+00
9.740000000000000000e+02 0.000000000000000000e+00
9.730000000000000000e+02 0.000000000000000000e+00
9.720000000000000000e+02 0.000000000000000000e+00
9.710000000000000000e+02 0.000000000000000000e+00
9.700000000000000000e+02 0.000000000000000000e+00
9.690000000000000000e+02 0.000000000000000000e+00
9.680000000000000000e+02 0.000000000000000000e+00
9.670000000000000000e+02 0.000000000000000000e+00
9.660000000000000000e+02 0.000000000000000000e+00
9.650000000000000000e+02 0.000000000000000000e+00
9.640000000000000000e+02 0.000000000000000000e+00
9.630000000000000000e+02 0.000000000000000000e+00
9.620000000000000000e+02 0.000000000000000000e+00
9.610000000000000000e+02 0.000000000000000000e+00
9.600000000000000000e+02 0.000000000000000000e+00
9.590000000000000000e+02 0.000000000000000000e+00
9.580000000000000000e+02 1.000000000000000000e+00
9.570000000000000000e+02 0.000000000000000000e+00
9.560000000000000000e+02 0.000000000000000000e+00
9.550000000000000000e+02 0.000000000000000000e+00
9.540000000000000000e+02 0.000000000000000000e+00
9.530000000000000000e+02 1.000000000000000000e+00
9.520000000000000000e+02 0.000000000000000000e+00
9.510000000000000000e+02 0.000000000000000000e+00
9.500000000000000000e+02 1.000000000000000000e+00
9.490000000000000000e+02 0.000000000000000000e+00
9.480000000000000000e+02 0.000000000000000000e+00
9.470000000000000000e+02 1.000000000000000000e+00
9.460000000000000000e+02 2.000000000000000000e+00
9.450000000000000000e+02 1.000000000000000000e+00
9.440000000000000000e+02 3.000000000000000000e+00
9.430000000000000000e+02 0.000000000000000000e+00
9.420000000000000000e+02 0.000000000000000000e+00
9.410000000000000000e+02 3.000000000000000000e+00
9.400000000000000000e+02 2.000000000000000000e+00
9.390000000000000000e+02 2.000000000000000000e+00
9.380000000000000000e+02 1.000000000000000000e+00
9.370000000000000000e+02 0.000000000000000000e+00
9.360000000000000000e+02 1.000000000000000000e+00
9.350000000000000000e+02 3.000000000000000000e+00
9.340000000000000000e+02 1.000000000000000000e+00
9.330000000000000000e+02 1.000000000000000000e+00
9.320000000000000000e+02 2.000000000000000000e+00
9.310000000000000000e+02 1.000000000000000000e+00
9.300000000000000000e+02 0.000000000000000000e+00
9.290000000000000000e+02 2.000000000000000000e+00
9.280000000000000000e+02 3.000000000000000000e+00
9.270000000000000000e+02 2.000000000000000000e+00
9.260000000000000000e+02 0.000000000000000000e+00
9.250000000000000000e+02 0.000000000000000000e+00
9.240000000000000000e+02 1.000000000000000000e+00
9.230000000000000000e+02 2.000000000000000000e+00
9.220000000000000000e+02 2.000000000000000000e+00
9.210000000000000000e+02 1.000000000000000000e+00
9.200000000000000000e+02 1.000000000000000000e+00
9.190000000000000000e+02 1.000000000000000000e+00
9.180000000000000000e+02 0.000000000000000000e+00
9.170000000000000000e+02 0.000000000000000000e+00
9.160000000000000000e+02 0.000000000000000000e+00
9.150000000000000000e+02 0.000000000000000000e+00
9.140000000000000000e+02 0.000000000000000000e+00
9.130000000000000000e+02 0.000000000000000000e+00
9.120000000000000000e+02 0.000000000000000000e+00
9.110000000000000000e+02 0.000000000000000000e+00
9.100000000000000000e+02 1.000000000000000000e+00
9.090000000000000000e+02 1.000000000000000000e+00
9.080000000000000000e+02 0.000000000000000000e+00
9.070000000000000000e+02 0.000000000000000000e+00
9.060000000000000000e+02 1.000000000000000000e+00
9.050000000000000000e+02 0.000000000000000000e+00
9.040000000000000000e+02 0.000000000000000000e+00
9.030000000000000000e+02 0.000000000000000000e+00
9.020000000000000000e+02 0.000000000000000000e+00
9.010000000000000000e+02 0.000000000000000000e+00
9.000000000000000000e+02 0.000000000000000000e+00
8.990000000000000000e+02 0.000000000000000000e+00
8.980000000000000000e+02 0.000000000000000000e+00
8.970000000000000000e+02 0.000000000000000000e+00
8.960000000000000000e+02 0.000000000000000000e+00
8.950000000000000000e+02 0.000000000000000000e+00
8.940000000000000000e+02 0.000000000000000000e+00
8.930000000000000000e+02 0.000000000000000000e+00
8.920000000000000000e+02 0.000000000000000000e+00
8.910000000000000000e+02 0.000000000000000000e+00
8.900000000000000000e+02 0.000000000000000000e+00
8.890000000000000000e+02 0.000000000000000000e+00
8.880000000000000000e+02 0.000000000000000000e+00
8.870000000000000000e+02 0.000000000000000000e+00
8.860000000000000000e+02 0.000000000000000000e+00
8.850000000000000000e+02 0.000000000000000000e+00
8.840000000000000000e+02 1.000000000000000000e+00
8.830000000000000000e+02 0.000000000000000000e+00
8.820000000000000000e+02 0.000000000000000000e+00
8.810000000000000000e+02 1.000000000000000000e+00
8.800000000000000000e+02 0.000000000000000000e+00
8.790000000000000000e+02 0.000000000000000000e+00
8.780000000000000000e+02 1.000000000000000000e+00
8.770000000000000000e+02 0.000000000000000000e+00
8.760000000000000000e+02 1.000000000000000000e+00
8.750000000000000000e+02 1.000000000000000000e+00
8.740000000000000000e+02 0.000000000000000000e+00
8.730000000000000000e+02 1.000000000000000000e+00
8.720000000000000000e+02 2.000000000000000000e+00
8.710000000000000000e+02 4.000000000000000000e+00
8.700000000000000000e+02 3.000000000000000000e+00
8.690000000000000000e+02 2.000000000000000000e+00
8.680000000000000000e+02 4.000000000000000000e+00
8.670000000000000000e+02 7.000000000000000000e+00
8.660000000000000000e+02 3.000000000000000000e+00
8.650000000000000000e+02 8.000000000000000000e+00
8.640000000000000000e+02 7.000000000000000000e+00
8.630000000000000000e+02 3.000000000000000000e+00
8.620000000000000000e+02 7.000000000000000000e+00
8.610000000000000000e+02 1.300000000000000000e+01
8.600000000000000000e+02 5.000000000000000000e+00
8.590000000000000000e+02 1.000000000000000000e+01
8.580000000000000000e+02 6.000000000000000000e+00
8.570000000000000000e+02 1.700000000000000000e+01
8.560000000000000000e+02 5.000000000000000000e+00
8.550000000000000000e+02 6.000000000000000000e+00
8.540000000000000000e+02 5.000000000000000000e+00
8.530000000000000000e+02 7.000000000000000000e+00
8.520000000000000000e+02 7.000000000000000000e+00
8.510000000000000000e+02 6.000000000000000000e+00
8.500000000000000000e+02 1.200000000000000000e+01
8.490000000000000000e+02 1.200000000000000000e+01
8.480000000000000000e+02 -1.000000000000000000e+00
8.470000000000000000e+02 -1.000000000000000000e+00
8.460000000000000000e+02 -1.000000000000000000e+00
8.450000000000000000e+02 -1.000000000000000000e+00
8.440000000000000000e+02 -1.000000000000000000e+00
8.430000000000000000e+02 -1.000000000000000000e+00
8.420000000000000000e+02 -1.000000000000000000e+00
8.410000000000000000e+02 -1.000000000000000000e+00
8.400000000000000000e+02 -1.000000000000000000e+00
8.390000000000000000e+02 -1.000000000000000000e+00
8.380000000000000000e+02 -1.000000000000000000e+00
8.370000000000000000e+02 -1.000000000000000000e+00
8.360000000000000000e+02 -1.000000000000000000e+00
8.350000000000000000e+02 -1.000000000000000000e+00
8.340000000000000000e+02 -1.000000000000000000e+00
8.330000000000000000e+02 -1.000000000000000000e+00
8.320000000000000000e+02 -1.000000000000000000e+00
8.310000000000000000e+02 4.720000000000000000e+02
8.300000000000000000e+02 4.160000000000000000e+02
8.290000000000000000e+02 4.350000000000000000e+02
8.280000000000000000e+02 4.220000000000000000e+02
8.270000000000000000e+02 3.640000000000000000e+02
8.260000000000000000e+02 3.360000000000000000e+02
8.250000000000000000e+02 3.480000000000000000e+02
8.240000000000000000e+02 3.890000000000000000e+02
8.230000000000000000e+02 2.770000000000000000e+02
8.220000000000000000e+02 2.650000000000000000e+02
8.210000000000000000e+02 2.560000000000000000e+02
8.200000000000000000e+02 2.460000000000000000e+02
8.190000000000000000e+02 2.020000000000000000e+02
8.180000000000000000e+02 2.260000000000000000e+02
8.170000000000000000e+02 2.770000000000000000e+02
8.160000000000000000e+02 2.700000000000000000e+02
8.150000000000000000e+02 2.590000000000000000e+02
8.140000000000000000e+02 3.040000000000000000e+02
8.130000000000000000e+02 3.340000000000000000e+02
8.120000000000000000e+02 2.950000000000000000e+02
8.110000000000000000e+02 2.640000000000000000e+02
8.100000000000000000e+02 3.380000000000000000e+02
8.090000000000000000e+02 3.700000000000000000e+02
8.080000000000000000e+02 4.550000000000000000e+02
8.070000000000000000e+02 5.080000000000000000e+02
8.060000000000000000e+02 5.870000000000000000e+02
8.050000000000000000e+02 6.000000000000000000e+02
8.040000000000000000e+02 5.920000000000000000e+02
8.030000000000000000e+02 6.450000000000000000e+02
8.020000000000000000e+02 6.770000000000000000e+02
8.010000000000000000e+02 7.630000000000000000e+02
8.000000000000000000e+02 8.780000000000000000e+02
7.990000000000000000e+02 9.480000000000000000e+02
7.980000000000000000e+02 9.830000000000000000e+02
7.970000000000000000e+02 1.063000000000000000e+03
7.960000000000000000e+02 1.245000000000000000e+03
7.950000000000000000e+02 1.355000000000000000e+03
7.940000000000000000e+02 1.594000000000000000e+03
7.930000000000000000e+02 1.395000000000000000e+03
7.920000000000000000e+02 1.157000000000000000e+03
7.910000000000000000e+02 1.127000000000000000e+03
7.900000000000000000e+02 1.185000000000000000e+03
7.890000000000000000e+02 1.373000000000000000e+03
7.880000000000000000e+02 1.552000000000000000e+03
7.870000000000000000e+02 1.677000000000000000e+03
7.860000000000000000e+02 1.901000000000000000e+03
7.850000000000000000e+02 2.387000000000000000e+03
7.840000000000000000e+02 2.497000000000000000e+03
7.830000000000000000e+02 2.118000000000000000e+03
7.820000000000000000e+02 1.995000000000000000e+03
7.810000000000000000e+02 1.924000000000000000e+03
7.800000000000000000e+02 1.849000000000000000e+03
7.790000000000000000e+02 1.891000000000000000e+03
7.780000000000000000e+02 2.017000000000000000e+03
7.770000000000000000e+02 2.068000000000000000e+03
7.760000000000000000e+02 2.077000000000000000e+03
7.750000000000000000e+02 2.181000000000000000e+03
7.740000000000000000e+02 2.196000000000000000e+03
7.730000000000000000e+02 2.642000000000000000e+03
7.720000000000000000e+02 2.629000000000000000e+03
7.710000000000000000e+02 2.296000000000000000e+03
7.700000000000000000e+02 2.305000000000000000e+03
7.690000000000000000e+02 2.290000000000000000e+03
7.680000000000000000e+02 2.026000000000000000e+03
7.670000000000000000e+02 1.713000000000000000e+03
7.660000000000000000e+02 1.619000000000000000e+03
7.650000000000000000e+02 1.752000000000000000e+03
7.640000000000000000e+02 2.017000000000000000e+03
7.630000000000000000e+02 2.231000000000000000e+03
7.620000000000000000e+02 2.161000000000000000e+03
7.610000000000000000e+02 2.202000000000000000e+03
7.600000000000000000e+02 1.947000000000000000e+03
7.590000000000000000e+02 1.564000000000000000e+03
7.580000000000000000e+02 1.426000000000000000e+03
7.570000000000000000e+02 1.441000000000000000e+03
7.560000000000000000e+02 1.436000000000000000e+03
7.550000000000000000e+02 1.489000000000000000e+03
7.540000000000000000e+02 1.398000000000000000e+03
7.530000000000000000e+02 1.348000000000000000e+03
7.520000000000000000e+02 1.389000000000000000e+03
7.510000000000000000e+02 1.428000000000000000e+03
7.500000000000000000e+02 1.147000000000000000e+03
7.490000000000000000e+02 9.450000000000000000e+02
7.480000000000000000e+02 9.620000000000000000e+02
7.470000000000000000e+02 9.320000000000000000e+02
7.460000000000000000e+02 7.850000000000000000e+02
7.450000000000000000e+02 5.910000000000000000e+02
7.440000000000000000e+02 6.500000000000000000e+02
7.430000000000000000e+02 6.450000000000000000e+02
7.420000000000000000e+02 6.650000000000000000e+02
7.410000000000000000e+02 5.870000000000000000e+02
7.400000000000000000e+02 6.140000000000000000e+02
7.390000000000000000e+02 6.200000000000000000e+02
7.380000000000000000e+02 6.160000000000000000e+02
7.370000000000000000e+02 4.990000000000000000e+02
7.360000000000000000e+02 4.110000000000000000e+02
7.350000000000000000e+02 3.440000000000000000e+02
7.340000000000000000e+02 3.960000000000000000e+02
7.330000000000000000e+02 4.470000000000000000e+02
7.320000000000000000e+02 5.150000000000000000e+02
7.310000000000000000e+02 5.820000000000000000e+02
7.300000000000000000e+02 6.380000000000000000e+02
7.290000000000000000e+02 7.260000000000000000e+02
7.280000000000000000e+02 7.700000000000000000e+02
7.270000000000000000e+02 7.660000000000000000e+02
7.260000000000000000e+02 7.840000000000000000e+02
7.250000000000000000e+02 8.410000000000000000e+02
7.240000000000000000e+02 9.150000000000000000e+02
7.230000000000000000e+02 9.520000000000000000e+02
7.220000000000000000e+02 1.091000000000000000e+03
7.210000000000000000e+02 1.323000000000000000e+03
7.200000000000000000e+02 1.459000000000000000e+03
7.190000000000000000e+02 1.508000000000000000e+03
7.180000000000000000e+02 1.520000000000000000e+03
7.170000000000000000e+02 1.664000000000000000e+03
7.160000000000000000e+02 1.894000000000000000e+03
7.150000000000000000e+02 1.953000000000000000e+03
7.140000000000000000e+02 1.918000000000000000e+03
7.130000000000000000e+02 2.029000000000000000e+03
7.120000000000000000e+02 2.309000000000000000e+03
7.110000000000000000e+02 2.509000000000000000e+03
7.100000000000000000e+02 2.530000000000000000e+03
7.090000000000000000e+02 2.580000000000000000e+03
7.080000000000000000e+02 2.642000000000000000e+03
7.070000000000000000e+02 2.991000000000000000e+03
7.060000000000000000e+02 3.261000000000000000e+03
7.050000000000000000e+02 3.680000000000000000e+03
7.040000000000000000e+02 3.821000000000000000e+03
7.030000000000000000e+02 3.555000000000000000e+03
7.020000000000000000e+02 3.730000000000000000e+03
7.010000000000000000e+02 3.341000000000000000e+03
7.000000000000000000e+02 2.799000000000000000e+03
6.990000000000000000e+02 2.712000000000000000e+03
6.980000000000000000e+02 3.019000000000000000e+03
6.970000000000000000e+02 3.307000000000000000e+03
6.960000000000000000e+02 3.975000000000000000e+03
6.950000000000000000e+02 4.285000000000000000e+03
6.940000000000000000e+02 4.166000000000000000e+03
6.930000000000000000e+02 4.303000000000000000e+03
6.920000000000000000e+02 4.378000000000000000e+03
6.910000000000000000e+02 4.528000000000000000e+03
6.900000000000000000e+02 3.809000000000000000e+03
6.890000000000000000e+02 3.260000000000000000e+03
6.880000000000000000e+02 3.027000000000000000e+03
6.870000000000000000e+02 3.104000000000000000e+03
6.860000000000000000e+02 3.210000000000000000e+03
6.850000000000000000e+02 3.356000000000000000e+03
6.840000000000000000e+02 3.540000000000000000e+03
6.830000000000000000e+02 2.897000000000000000e+03
6.820000000000000000e+02 2.742000000000000000e+03
6.810000000000000000e+02 2.860000000000000000e+03
6.800000000000000000e+02 2.857000000000000000e+03
6.790000000000000000e+02 2.722000000000000000e+03
6.780000000000000000e+02 2.652000000000000000e+03
6.770000000000000000e+02 2.453000000000000000e+03
6.760000000000000000e+02 2.513000000000000000e+03
6.750000000000000000e+02 2.485000000000000000e+03
6.740000000000000000e+02 2.375000000000000000e+03
6.730000000000000000e+02 2.063000000000000000e+03
6.720000000000000000e+02 1.760000000000000000e+03
6.710000000000000000e+02 1.496000000000000000e+03
6.700000000000000000e+02 1.142000000000000000e+03
6.690000000000000000e+02 1.074000000000000000e+03
6.680000000000000000e+02 9.590000000000000000e+02
6.670000000000000000e+02 9.610000000000000000e+02
6.660000000000000000e+02 8.760000000000000000e+02
6.650000000000000000e+02 9.060000000000000000e+02
6.640000000000000000e+02 8.720000000000000000e+02
6.630000000000000000e+02 7.310000000000000000e+02
6.620000000000000000e+02 6.390000000000000000e+02
6.610000000000000000e+02 5.670000000000000000e+02
6.600000000000000000e+02 4.710000000000000000e+02
6.590000000000000000e+02 4.300000000000000000e+02
6.580000000000000000e+02 4.290000000000000000e+02
6.570000000000000000e+02 3.790000000000000000e+02
6.560000000000000000e+02 3.920000000000000000e+02
6.550000000000000000e+02 3.440000000000000000e+02
6.540000000000000000e+02 3.710000000000000000e+02
6.530000000000000000e+02 3.360000000000000000e+02
6.520000000000000000e+02 3.410000000000000000e+02
6.510000000000000000e+02 4.220000000000000000e+02
6.500000000000000000e+02 4.520000000000000000e+02
6.490000000000000000e+02 4.780000000000000000e+02
6.480000000000000000e+02 6.410000000000000000e+02
6.470000000000000000e+02 7.390000000000000000e+02
6.460000000000000000e+02 8.720000000000000000e+02
6.450000000000000000e+02 1.034000000000000000e+03
6.440000000000000000e+02 1.210000000000000000e+03
6.430000000000000000e+02 1.317000000000000000e+03
6.420000000000000000e+02 1.443000000000000000e+03
6.410000000000000000e+02 1.465000000000000000e+03
6.400000000000000000e+02 1.517000000000000000e+03
6.390000000000000000e+02 1.605000000000000000e+03
6.380000000000000000e+02 1.883000000000000000e+03
6.370000000000000000e+02 1.963000000000000000e+03
6.360000000000000000e+02 -1.000000000000000000e+00
6.350000000000000000e+02 -1.000000000000000000e+00
6.340000000000000000e+02 -1.000000000000000000e+00
6.330000000000000000e+02 -1.000000000000000000e+00
6.320000000000000000e+02 -1.000000000000000000e+00
6.310000000000000000e+02 -1.000000000000000000e+00
6.300000000000000000e+02 -1.000000000000000000e+00
6.290000000000000000e+02 -1.000000000000000000e+00
6.280000000000000000e+02 -1.000000000000000000e+00
6.270000000000000000e+02 -1.000000000000000000e+00
6.260000000000000000e+02 -1.000000000000000000e+00
6.250000000000000000e+02 -1.000000000000000000e+00
6.240000000000000000e+02 -1.000000000000000000e+00
6.230000000000000000e+02 -1.000000000000000000e+00
6.220000000000000000e+02 -1.000000000000000000e+00
6.210000000000000000e+02 -1.000000000000000000e+00
6.200000000000000000e+02 -1.000000000000000000e+00
6.190000000000000000e+02 5.195000000000000000e+03
6.180000000000000000e+02 4.925000000000000000e+03
6.170000000000000000e+02 4.540000000000000000e+03
6.160000000000000000e+02 4.794000000000000000e+03
6.150000000000000000e+02 5.117000000000000000e+03
6.140000000000000000e+02 5.588000000000000000e+03
6.130000000000000000e+02 5.821000000000000000e+03
6.120000000000000000e+02 5.990000000000000000e+03
6.110000000000000000e+02 6.028000000000000000e+03
6.100000000000000000e+02 5.470000000000000000e+03
6.090000000000000000e+02 5.089000000000000000e+03
6.080000000000000000e+02 4.541000000000000000e+03
6.070000000000000000e+02 4.822000000000000000e+03
6.060000000000000000e+02 4.756000000000000000e+03
6.050000000000000000e+02 4.779000000000000000e+03
6.040000000000000000e+02 5.221000000000000000e+03
6.030000000000000000e+02 5.453000000000000000e+03
6.020000000000000000e+02 5.827000000000000000e+03
6.010000000000000000e+02 5.816000000000000000e+03
6.000000000000000000e+02 5.496000000000000000e+03
5.990000000000000000e+02 5.377000000000000000e+03
5.980000000000000000e+02 5.128000000000000000e+03
5.970000000000000000e+02 4.523000000000000000e+03
5.960000000000000000e+02 4.351000000000000000e+03
5.950000000000000000e+02 3.720000000000000000e+03
5.940000000000000000e+02 3.289000000000000000e+03
5.930000000000000000e+02 2.981000000000000000e+03
5.920000000000000000e+02 2.451000000000000000e+03
5.910000000000000000e+02 2.590000000000000000e+03
5.900000000000000000e+02 2.466000000000000000e+03
5.890000000000000000e+02 2.560000000000000000e+03
5.880000000000000000e+02 2.638000000000000000e+03
5.870000000000000000e+02 2.556000000000000000e+03
5.860000000000000000e+02 2.451000000000000000e+03
5.850000000000000000e+02 2.317000000000000000e+03
5.840000000000000000e+02 2.072000000000000000e+03
5.830000000000000000e+02 1.944000000000000000e+03
5.820000000000000000e+02 1.874000000000000000e+03
5.810000000000000000e+02 1.678000000000000000e+03
5.800000000000000000e+02 1.702000000000000000e+03
5.790000000000000000e+02 1.905000000000000000e+03
5.780000000000000000e+02 1.944000000000000000e+03
5.770000000000000000e+02 2.100000000000000000e+03
5.760000000000000000e+02 2.291000000000000000e+03
5.750000000000000000e+02 2.098000000000000000e+03
5.740000000000000000e+02 2.091000000000000000e+03
5.730000000000000000e+02 2.131000000000000000e+03
5.720000000000000000e+02 2.352000000000000000e+03
5.710000000000000000e+02 2.575000000000000000e+03
5.700000000000000000e+02 2.978000000000000000e+03
5.690000000000000000e+02 3.163000000000000000e+03
5.680000000000000000e+02 3.593000000000000000e+03
5.670000000000000000e+02 3.832000000000000000e+03
5.660000000000000000e+02 4.278000000000000000e+03
5.650000000000000000e+02 4.931000000000000000e+03
5.640000000000000000e+02 5.915000000000000000e+03
5.630000000000000000e+02 6.967000000000000000e+03
5.620000000000000000e+02 8.598000000000000000e+03
5.610000000000000000e+02 1.000900000000000000e+04
5.600000000000000000e+02 9.869000000000000000e+03
5.590000000000000000e+02 8.713000000000000000e+03
5.580000000000000000e+02 8.061000000000000000e+03
5.570000000000000000e+02 7.995000000000000000e+03
5.560000000000000000e+02 8.444000000000000000e+03
5.550000000000000000e+02 8.172000000000000000e+03
5.540000000000000000e+02 8.553000000000000000e+03
5.530000000000000000e+02 8.336000000000000000e+03
5.520000000000000000e+02 7.852000000000000000e+03
5.510000000000000000e+02 8.321000000000000000e+03
5.500000000000000000e+02 7.665000000000000000e+03
5.490000000000000000e+02 8.104000000000000000e+03
5.480000000000000000e+02 9.122000000000000000e+03
5.470000000000000000e+02 1.104500000000000000e+04
5.460000000000000000e+02 1.309600000000000000e+04
5.450000000000000000e+02 1.531500000000000000e+04
5.440000000000000000e+02 1.586000000000000000e+04
5.430000000000000000e+02 1.473100000000000000e+04
5.420000000000000000e+02 1.331700000000000000e+04
5.410000000000000000e+02 1.386100000000000000e+04
5.400000000000000000e+02 1.441900000000000000e+04
5.390000000000000000e+02 1.418600000000000000e+04
5.380000000000000000e+02 1.398900000000000000e+04
5.370000000000000000e+02 1.382100000000000000e+04
5.360000000000000000e+02 1.198400000000000000e+04
5.350000000000000000e+02 1.145300000000000000e+04
5.340000000000000000e+02 1.229300000000000000e+04
5.330000000000000000e+02 1.191400000000000000e+04
5.320000000000000000e+02 1.251700000000000000e+04
5.310000000000000000e+02 1.250600000000000000e+04
5.300000000000000000e+02 1.264200000000000000e+04
5.290000000000000000e+02 1.225300000000000000e+04
5.280000000000000000e+02 1.198500000000000000e+04
5.270000000000000000e+02 1.231500000000000000e+04
5.260000000000000000e+02 1.199800000000000000e+04
5.250000000000000000e+02 1.180000000000000000e+04
5.240000000000000000e+02 1.180000000000000000e+04
5.230000000000000000e+02 1.123500000000000000e+04
5.220000000000000000e+02 1.152400000000000000e+04
5.210000000000000000e+02 1.180000000000000000e+04
5.200000000000000000e+02 1.418600000000000000e+04
5.190000000000000000e+02 1.414900000000000000e+04
5.180000000000000000e+02 1.348900000000000000e+04
5.170000000000000000e+02 1.255800000000000000e+04
5.160000000000000000e+02 1.242800000000000000e+04
5.150000000000000000e+02 1.068700000000000000e+04
5.140000000000000000e+02 1.026500000000000000e+04
5.130000000000000000e+02 9.385000000000000000e+03
5.120000000000000000e+02 9.041000000000000000e+03
5.110000000000000000e+02 8.130000000000000000e+03
5.100000000000000000e+02 8.581000000000000000e+03
5.090000000000000000e+02 7.842000000000000000e+03
5.080000000000000000e+02 7.677000000000000000e+03
5.070000000000000000e+02 7.114000000000000000e+03
5.060000000000000000e+02 6.899000000000000000e+03
5.050000000000000000e+02 7.200000000000000000e+03
5.040000000000000000e+02 7.355000000000000000e+03
5.030000000000000000e+02 8.210000000000000000e+03
5.020000000000000000e+02 8.848000000000000000e+03
5.010000000000000000e+02 9.290000000000000000e+03
5.000000000000000000e+02 9.306000000000000000e+03
4.990000000000000000e+02 8.931000000000000000e+03
4.980000000000000000e+02 8.696000000000000000e+03
4.970000000000000000e+02 9.591000000000000000e+03
4.960000000000000000e+02 1.034800000000000000e+04
4.950000000000000000e+02 1.105200000000000000e+04
4.940000000000000000e+02 1.136200000000000000e+04
4.930000000000000000e+02 1.142100000000000000e+04
4.920000000000000000e+02 1.045100000000000000e+04
4.910000000000000000e+02 1.002100000000000000e+04
4.900000000000000000e+02 9.965000000000000000e+03
4.890000000000000000e+02 1.029300000000000000e+04
4.880000000000000000e+02 1.108100000000000000e+04
4.870000000000000000e+02 1.083100000000000000e+04
4.860000000000000000e+02 1.113200000000000000e+04
4.850000000000000000e+02 1.055200000000000000e+04
4.840000000000000000e+02 1.049000000000000000e+04
4.830000000000000000e+02 8.921000000000000000e+03
4.820000000000000000e+02 8.683000000000000000e+03
4.810000000000000000e+02 8.363000000000000000e+03
4.800000000000000000e+02 8.924000000000000000e+03
4.790000000000000000e+02 8.809000000000000000e+03
4.780000000000000000e+02 7.771000000000000000e+03
4.770000000000000000e+02 7.179000000000000000e+03
4.760000000000000000e+02 6.744000000000000000e+03
4.750000000000000000e+02 6.422000000000000000e+03
4.740000000000000000e+02 5.467000000000000000e+03
4.730000000000000000e+02 5.176000000000000000e+03
4.720000000000000000e+02 4.518000000000000000e+03
4.710000000000000000e+02 3.806000000000000000e+03
4.700000000000000000e+02 2.832000000000000000e+03
4.690000000000000000e+02 2.009000000000000000e+03
4.680000000000000000e+02 1.603000000000000000e+03
4.670000000000000000e+02 1.368000000000000000e+03
4.660000000000000000e+02 1.518000000000000000e+03
4.650000000000000000e+02 1.921000000000000000e+03
4.640000000000000000e+02 2.174000000000000000e+03
4.630000000000000000e+02 2.439000000000000000e+03
4.620000000000000000e+02 3.165000000000000000e+03
4.610000000000000000e+02 3.958000000000000000e+03
4.600000000000000000e+02 4.660000000000000000e+03
4.590000000000000000e+02 5.178000000000000000e+03
4.580000000000000000e+02 5.859000000000000000e+03
4.570000000000000000e+02 5.861000000000000000e+03
4.560000000000000000e+02 6.133000000000000000e+03
4.550000000000000000e+02 6.211000000000000000e+03
4.540000000000000000e+02 6.570000000000000000e+03
4.530000000000000000e+02 6.263000000000000000e+03
4.520000000000000000e+02 7.106000000000000000e+03
4.510000000000000000e+02 7.045000000000000000e+03
4.500000000000000000e+02 6.494000000000000000e+03
4.490000000000000000e+02 6.886000000000000000e+03
4.480000000000000000e+02 6.282000000000000000e+03
4.470000000000000000e+02 5.476000000000000000e+03
4.460000000000000000e+02 5.548000000000000000e+03
4.450000000000000000e+02 6.370000000000000000e+03
4.440000000000000000e+02 7.994000000000000000e+03
4.430000000000000000e+02 1.044900000000000000e+04
4.420000000000000000e+02 1.263900000000000000e+04
4.410000000000000000e+02 1.594000000000000000e+04
4.400000000000000000e+02 1.726800000000000000e+04
4.390000000000000000e+02 1.808800000000000000e+04
4.380000000000000000e+02 1.796500000000000000e+04
4.370000000000000000e+02 1.671800000000000000e+04
4.360000000000000000e+02 1.506300000000000000e+04
4.350000000000000000e+02 1.321700000000000000e+04
4.340000000000000000e+02 1.062600000000000000e+04
4.330000000000000000e+02 8.690000000000000000e+03
4.320000000000000000e+02 5.967000000000000000e+03
4.310000000000000000e+02 5.180000000000000000e+03
4.300000000000000000e+02 5.864000000000000000e+03
4.290000000000000000e+02 8.268000000000000000e+03
4.280000000000000000e+02 1.154100000000000000e+04
4.270000000000000000e+02 1.621700000000000000e+04
4.260000000000000000e+02 1.996500000000000000e+04
4.250000000000000000e+02 2.114100000000000000e+04
4.240000000000000000e+02 -1.000000000000000000e+00
4.230000000000000000e+02 -1.000000000000000000e+00
4.220000000000000000e+02 -1.000000000000000000e+00
4.210000000000000000e+02 -1.000000000000000000e+00
4.200000000000000000e+02 -1.000000000000000000e+00
4.190000000000000000e+02 -1.000000000000000000e+00
4.180000000000000000e+02 -1.000000000000000000e+00
4.170000000000000000e+02 -1.000000000000000000e+00
4.160000000000000000e+02 -1.000000000000000000e+00
4.150000000000000000e+02 -1.000000000000000000e+00
4.140000000000000000e+02 -1.000000000000000000e+00
4.130000000000000000e+02 -1.000000000000000000e+00
4.120000000000000000e+02 -1.000000000000000000e+00
4.110000000000000000e+02 -1.000000000000000000e+00
4.100000000000000000e+02 -1.000000000000000000e+00
4.090000000000000000e+02 -1.000000000000000000e+00
4.080000000000000000e+02 -1.000000000000000000e+00
4.070000000000000000e+02 2.625700000000000000e+04
4.060000000000000000e+02 2.682000000000000000e+04
4.050000000000000000e+02 2.549100000000000000e+04
4.040000000000000000e+02 2.488100000000000000e+04
4.030000000000000000e+02 2.430000000000000000e+04
4.020000000000000000e+02 2.180500000000000000e+04
4.010000000000000000e+02 1.961800000000000000e+04
4.000000000000000000e+02 1.806900000000000000e+04
3.990000000000000000e+02 1.630900000000000000e+04
3.980000000000000000e+02 1.501300000000000000e+04
3.970000000000000000e+02 1.539000000000000000e+04
3.960000000000000000e+02 1.566700000000000000e+04
3.950000000000000000e+02 1.614700000000000000e+04
3.940000000000000000e+02 1.821200000000000000e+04
3.930000000000000000e+02 2.065900000000000000e+04
3.920000000000000000e+02 2.244600000000000000e+04
3.910000000000000000e+02 2.364800000000000000e+04
3.900000000000000000e+02 2.473200000000000000e+04
3.890000000000000000e+02 2.695100000000000000e+04
3.880000000000000000e+02 2.847800000000000000e+04
3.870000000000000000e+02 2.976800000000000000e+04
3.860000000000000000e+02 3.097400000000000000e+04
3.850000000000000000e+02 3.267600000000000000e+04
3.840000000000000000e+02 3.366600000000000000e+04
3.830000000000000000e+02 3.434500000000000000e+04
3.820000000000000000e+02 3.456300000000000000e+04
3.810000000000000000e+02 3.509600000000000000e+04
3.800000000000000000e+02 3.610400000000000000e+04
3.790000000000000000e+02 3.593200000000000000e+04
3.780000000000000000e+02 3.588600000000000000e+04
3.770000000000000000e+02 3.583600000000000000e+04
3.760000000000000000e+02 3.598700000000000000e+04
3.750000000000000000e+02 3.652200000000000000e+04
3.740000000000000000e+02 3.759200000000000000e+04
3.730000000000000000e+02 3.885100000000000000e+04
3.720000000000000000e+02 4.089400000000000000e+04
3.710000000000000000e+02 4.227800000000000000e+04
3.700000000000000000e+02 4.391000000000000000e+04
3.690000000000000000e+02 4.568600000000000000e+04
3.680000000000000000e+02 4.484800000000000000e+04
3.670000000000000000e+02 4.340700000000000000e+04
3.660000000000000000e+02 4.103700000000000000e+04
3.650000000000000000e+02 3.811300000000000000e+04
3.640000000000000000e+02 3.621400000000000000e+04
3.630000000000000000e+02 3.400200000000000000e+04
3.620000000000000000e+02 3.294600000000000000e+04
3.610000000000000000e+02 3.133500000000000000e+04
3.600000000000000000e+02 3.100900000000000000e+04
3.590000000000000000e+02 3.003600000000000000e+04
3.580000000000000000e+02 3.018900000000000000e+04
3.570000000000000000e+02 3.076800000000000000e+04
3.560000000000000000e+02 3.196000000000000000e+04
3.550000000000000000e+02 3.330600000000000000e+04
3.540000000000000000e+02 3.429800000000000000e+04
3.530000000000000000e+02 3.544200000000000000e+04
3.520000000000000000e+02 3.594700000000000000e+04
3.510000000000000000e+02 3.634800000000000000e+04
3.500000000000000000e+02 3.677200000000000000e+04
3.490000000000000000e+02 3.617300000000000000e+04
3.480000000000000000e+02 3.492200000000000000e+04
3.470000000000000000e+02 3.312200000000000000e+04
3.460000000000000000e+02 3.111900000000000000e+04
3.450000000000000000e+02 2.978800000000000000e+04
3.440000000000000000e+02 2.884000000000000000e+04
3.430000000000000000e+02 2.756300000000000000e+04
3.420000000000000000e+02 2.665800000000000000e+04
3.410000000000000000e+02 2.597300000000000000e+04
3.400000000000000000e+02 2.465100000000000000e+04
3.390000000000000000e+02 2.367100000000000000e+04
3.380000000000000000e+02 2.289300000000000000e+04
3.370000000000000000e+02 2.200400000000000000e+04
3.360000000000000000e+02 2.122500000000000000e+04
3.350000000000000000e+02 2.046400000000000000e+04
3.340000000000000000e+02 1.972400000000000000e+04
3.330000000000000000e+02 1.887900000000000000e+04
3.320000000000000000e+02 1.802200000000000000e+04
3.310000000000000000e+02 1.775900000000000000e+04
3.300000000000000000e+02 1.725500000000000000e+04
3.290000000000000000e+02 1.699700000000000000e+04
3.280000000000000000e+02 1.694400000000000000e+04
3.270000000000000000e+02 1.666300000000000000e+04
3.260000000000000000e+02 1.615400000000000000e+04
3.250000000000000000e+02 1.568500000000000000e+04
3.240000000000000000e+02 1.520800000000000000e+04
3.230000000000000000e+02 1.484400000000000000e+04
3.220000000000000000e+02 1.450400000000000000e+04
3.210000000000000000e+02 1.424000000000000000e+04
3.200000000000000000e+02 1.411600000000000000e+04
3.190000000000000000e+02 1.353400000000000000e+04
3.180000000000000000e+02 1.318400000000000000e+04
3.170000000000000000e+02 1.302800000000000000e+04
3.160000000000000000e+02 1.253100000000000000e+04
3.150000000000000000e+02 1.208000000000000000e+04
3.140000000000000000e+02 1.176000000000000000e+04
3.130000000000000000e+02 1.164900000000000000e+04
3.120000000000000000e+02 1.139300000000000000e+04
3.110000000000000000e+02 9.317000000000000000e+03
3.100000000000000000e+02 9.180000000000000000e+03
3.090000000000000000e+02 9.055000000000000000e+03
3.080000000000000000e+02 1.066600000000000000e+04
3.070000000000000000e+02 1.033000000000000000e+04
3.060000000000000000e+02 9.682000000000000000e+03
3.050000000000000000e+02 9.373000000000000000e+03
3.040000000000000000e+02 8.828000000000000000e+03
3.030000000000000000e+02 8.306000000000000000e+03
3.020000000000000000e+02 7.765000000000000000e+03
3.010000000000000000e+02 7.459000000000000000e+03
3.000000000000000000e+02 6.953000000000000000e+03
2.990000000000000000e+02 6.469000000000000000e+03
2.980000000000000000e+02 6.021000000000000000e+03
2.970000000000000000e+02 5.557000000000000000e+03
2.960000000000000000e+02 5.241000000000000000e+03
2.950000000000000000e+02 4.846000000000000000e+03
2.940000000000000000e+02 4.315000000000000000e+03
2.930000000000000000e+02 4.040000000000000000e+03
2.920000000000000000e+02 3.563000000000000000e+03
2.910000000000000000e+02 3.137000000000000000e+03
2.900000000000000000e+02 2.718000000000000000e+03
2.890000000000000000e+02 2.561000000000000000e+03
2.880000000000000000e+02 2.064000000000000000e+03
2.870000000000000000e+02 1.676000000000000000e+03
2.860000000000000000e+02 1.468000000000000000e+03
2.850000000000000000e+02 1.167000000000000000e+03
2.840000000000000000e+02 9.490000000000000000e+02
2.830000000000000000e+02 7.910000000000000000e+02
2.820000000000000000e+02 5.580000000000000000e+02
2.810000000000000000e+02 4.520000000000000000e+02
2.800000000000000000e+02 3.190000000000000000e+02
2.790000000000000000e+02 2.910000000000000000e+02
2.780000000000000000e+02 2.890000000000000000e+02
2.770000000000000000e+02 2.990000000000000000e+02
2.760000000000000000e+02 3.760000000000000000e+02
2.750000000000000000e+02 4.050000000000000000e+02
2.740000000000000000e+02 4.260000000000000000e+02
2.730000000000000000e+02 5.190000000000000000e+02
2.720000000000000000e+02 5.100000000000000000e+02
2.710000000000000000e+02 6.240000000000000000e+02
2.700000000000000000e+02 7.200000000000000000e+02
2.690000000000000000e+02 8.300000000000000000e+02
2.680000000000000000e+02 9.470000000000000000e+02
2.670000000000000000e+02 1.035000000000000000e+03
2.660000000000000000e+02 1.211000000000000000e+03
2.650000000000000000e+02 1.313000000000000000e+03
2.640000000000000000e+02 1.441000000000000000e+03
2.630000000000000000e+02 1.569000000000000000e+03
2.620000000000000000e+02 1.873000000000000000e+03
2.610000000000000000e+02 2.024000000000000000e+03
2.600000000000000000e+02 2.146000000000000000e+03
2.590000000000000000e+02 2.306000000000000000e+03
2.580000000000000000e+02 2.515000000000000000e+03
2.570000000000000000e+02 2.706000000000000000e+03
2.560000000000000000e+02 2.869000000000000000e+03
2.550000000000000000e+02 3.002000000000000000e+03
2.540000000000000000e+02 3.205000000000000000e+03
2.530000000000000000e+02 3.387000000000000000e+03
2.520000000000000000e+02 3.703000000000000000e+03
2.510000000000000000e+02 3.905000000000000000e+03
2.500000000000000000e+02 4.087000000000000000e+03
2.490000000000000000e+02 4.371000000000000000e+03
2.480000000000000000e+02 4.763000000000000000e+03
2.470000000000000000e+02 5.028000000000000000e+03
2.460000000000000000e+02 5.264000000000000000e+03
2.450000000000000000e+02 5.372000000000000000e+03
2.440000000000000000e+02 5.564000000000000000e+03
2.430000000000000000e+02 5.677000000000000000e+03
2.420000000000000000e+02 5.904000000000000000e+03
2.410000000000000000e+02 6.038000000000000000e+03
2.400000000000000000e+02 6.282000000000000000e+03
2.390000000000000000e+02 6.542000000000000000e+03
2.380000000000000000e+02 7.170000000000000000e+03
2.370000000000000000e+02 7.379000000000000000e+03
2.360000000000000000e+02 7.690000000000000000e+03
2.350000000000000000e+02 7.994000000000000000e+03
2.340000000000000000e+02 8.152000000000000000e+03
2.330000000000000000e+02 7.938000000000000000e+03
2.320000000000000000e+02 7.602000000000000000e+03
2.310000000000000000e+02 7.123000000000000000e+03
2.300000000000000000e+02 6.752000000000000000e+03
2.290000000000000000e+02 6.762000000000000000e+03
2.280000000000000000e+02 7.066000000000000000e+03
2.270000000000000000e+02 6.904000000000000000e+03
2.260000000000000000e+02 6.829000000000000000e+03
2.250000000000000000e+02 6.802000000000000000e+03
2.240000000000000000e+02 6.603000000000000000e+03
2.230000000000000000e+02 6.662000000000000000e+03
2.220000000000000000e+02 6.726000000000000000e+03
2.210000000000000000e+02 6.640000000000000000e+03
2.200000000000000000e+02 6.712000000000000000e+03
2.190000000000000000e+02 6.893000000000000000e+03
2.180000000000000000e+02 6.826000000000000000e+03
2.170000000000000000e+02 6.795000000000000000e+03
2.160000000000000000e+02 6.557000000000000000e+03
2.150000000000000000e+02 6.713000000000000000e+03
2.140000000000000000e+02 6.710000000000000000e+03
2.130000000000000000e+02 6.638000000000000000e+03
2.120000000000000000e+02 -1.000000000000000000e+00
2.110000000000000000e+02 -1.000000000000000000e+00
2.100000000000000000e+02 -1.000000000000000000e+00
2.090000000000000000e+02 -1.000000000000000000e+00
2.080000000000000000e+02 -1.000000000000000000e+00
2.070000000000000000e+02 -1.000000000000000000e+00
2.060000000000000000e+02 -1.000000000000000000e+00
2.050000000000000000e+02 -1.000000000000000000e+00
2.040000000000000000e+02 -1.000000000000000000e+00
2.030000000000000000e+02 -1.000000000000000000e+00
2.020000000000000000e+02 -1.000000000000000000e+00
2.010000000000000000e+02 -1.000000000000000000e+00
2.000000000000000000e+02 -1.000000000000000000e+00
1.990000000000000000e+02 -1.000000000000000000e+00
1.980000000000000000e+02 -1.000000000000000000e+00
1.970000000000000000e+02 -1.000000000000000000e+00
1.960000000000000000e+02 -1.000000000000000000e+00
1.950000000000000000e+02 5.939000000000000000e+03
1.940000000000000000e+02 6.180000000000000000e+03
1.930000000000000000e+02 6.388000000000000000e+03
1.920000000000000000e+02 6.474000000000000000e+03
1.910000000000000000e+02 6.354000000000000000e+03
1.900000000000000000e+02 6.278000000000000000e+03
1.890000000000000000e+02 6.127000000000000000e+03
1.880000000000000000e+02 6.289000000000000000e+03
1.870000000000000000e+02 6.329000000000000000e+03
1.860000000000000000e+02 6.143000000000000000e+03
1.850000000000000000e+02 6.248000000000000000e+03
1.840000000000000000e+02 6.249000000000000000e+03
1.830000000000000000e+02 6.033000000000000000e+03
1.820000000000000000e+02 5.576000000000000000e+03
1.810000000000000000e+02 5.374000000000000000e+03
1.800000000000000000e+02 5.731000000000000000e+03
1.790000000000000000e+02 6.032000000000000000e+03
1.780000000000000000e+02 5.924000000000000000e+03
1.770000000000000000e+02 5.734000000000000000e+03
1.760000000000000000e+02 5.979000000000000000e+03
1.750000000000000000e+02 5.952000000000000000e+03
1.740000000000000000e+02 6.111000000000000000e+03
1.730000000000000000e+02 6.161000000000000000e+03
1.720000000000000000e+02 5.854000000000000000e+03
1.710000000000000000e+02 5.950000000000000000e+03
1.700000000000000000e+02 5.907000000000000000e+03
1.690000000000000000e+02 6.178000000000000000e+03
1.680000000000000000e+02 6.368000000000000000e+03
1.670000000000000000e+02 6.495000000000000000e+03
1.660000000000000000e+02 6.793000000000000000e+03
1.650000000000000000e+02 6.986000000000000000e+03
1.640000000000000000e+02 7.221000000000000000e+03
1.630000000000000000e+02 7.388000000000000000e+03
1.620000000000000000e+02 7.613000000000000000e+03
1.610000000000000000e+02 7.505000000000000000e+03
1.600000000000000000e+02 7.123000000000000000e+03
1.590000000000000000e+02 6.560000000000000000e+03
1.580000000000000000e+02 6.234000000000000000e+03
1.570000000000000000e+02 5.653000000000000000e+03
1.560000000000000000e+02 5.231000000000000000e+03
1.550000000000000000e+02 5.541000000000000000e+03
1.540000000000000000e+02 5.841000000000000000e+03
1.530000000000000000e+02 5.783000000000000000e+03
1.520000000000000000e+02 6.241000000000000000e+03
1.510000000000000000e+02 6.333000000000000000e+03
1.500000000000000000e+02 6.811000000000000000e+03
1.490000000000000000e+02 7.264000000000000000e+03
1.480000000000000000e+02 7.674000000000000000e+03
1.470000000000000000e+02 7.538000000000000000e+03
1.460000000000000000e+02 7.628000000000000000e+03
1.450000000000000000e+02 6.728000000000000000e+03
1.440000000000000000e+02 5.786000000000000000e+03
1.430000000000000000e+02 5.097000000000000000e+03
1.420000000000000000e+02 4.836000000000000000e+03
1.410000000000000000e+02 4.557000000000000000e+03
1.400000000000000000e+02 4.366000000000000000e+03
1.390000000000000000e+02 4.362000000000000000e+03
1.380000000000000000e+02 4.206000000000000000e+03
1.370000000000000000e+02 3.903000000000000000e+03
1.360000000000000000e+02 3.896000000000000000e+03
1.350000000000000000e+02 3.848000000000000000e+03
1.340000000000000000e+02 3.845000000000000000e+03
1.330000000000000000e+02 3.945000000000000000e+03
1.320000000000000000e+02 4.110000000000000000e+03
1.310000000000000000e+02 4.397000000000000000e+03
1.300000000000000000e+02 4.453000000000000000e+03
1.290000000000000000e+02 4.426000000000000000e+03
1.280000000000000000e+02 4.739000000000000000e+03
1.270000000000000000e+02 4.420000000000000000e+03
1.260000000000000000e+02 3.845000000000000000e+03
1.250000000000000000e+02 3.449000000000000000e+03
1.240000000000000000e+02 3.198000000000000000e+03
1.230000000000000000e+02 3.012000000000000000e+03
1.220000000000000000e+02 2.867000000000000000e+03
1.210000000000000000e+02 3.250000000000000000e+03
1.200000000000000000e+02 4.059000000000000000e+03
1.190000000000000000e+02 4.468000000000000000e+03
1.180000000000000000e+02 4.932000000000000000e+03
1.170000000000000000e+02 4.953000000000000000e+03
1.160000000000000000e+02 4.713000000000000000e+03
1.150000000000000000e+02 3.907000000000000000e+03
1.140000000000000000e+02 2.875000000000000000e+03
1.130000000000000000e+02 2.063000000000000000e+03
1.120000000000000000e+02 1.980000000000000000e+03
1.110000000000000000e+02 1.796000000000000000e+03
1.100000000000000000e+02 1.611000000000000000e+03
1.090000000000000000e+02 1.598000000000000000e+03
1.080000000000000000e+02 1.492000000000000000e+03
1.070000000000000000e+02 1.309000000000000000e+03
1.060000000000000000e+02 1.320000000000000000e+03
1.050000000000000000e+02 1.383000000000000000e+03
1.040000000000000000e+02 1.493000000000000000e+03
1.030000000000000000e+02 1.912000000000000000e+03
1.020000000000000000e+02 2.395000000000000000e+03
1.010000000000000000e+02 2.738000000000000000e+03
1.000000000000000000e+02 2.842000000000000000e+03
9.900000000000000000e+01 2.396000000000000000e+03
9.800000000000000000e+01 1.196000000000000000e+03
9.700000000000000000e+01 0.000000000000000000e+00
9.600000000000000000e+01 1.452000000000000000e+03
9.500000000000000000e+01 1.176000000000000000e+03
9.400000000000000000e+01 1.133000000000000000e+03
9.300000000000000000e+01 1.200000000000000000e+03
9.200000000000000000e+01 1.190000000000000000e+03
9.100000000000000000e+01 1.322000000000000000e+03
9.000000000000000000e+01 1.200000000000000000e+03
8.900000000000000000e+01 1.102000000000000000e+03
8.800000000000000000e+01 1.162000000000000000e+03
8.700000000000000000e+01 1.725000000000000000e+03
8.600000000000000000e+01 2.176000000000000000e+03
8.500000000000000000e+01 2.475000000000000000e+03
8.400000000000000000e+01 2.636000000000000000e+03
8.300000000000000000e+01 1.919000000000000000e+03
8.200000000000000000e+01 2.197000000000000000e+03
8.100000000000000000e+01 2.253000000000000000e+03
8.000000000000000000e+01 1.984000000000000000e+03
7.900000000000000000e+01 2.243000000000000000e+03
7.800000000000000000e+01 2.716000000000000000e+03
7.700000000000000000e+01 2.573000000000000000e+03
7.600000000000000000e+01 1.851000000000000000e+03
7.500000000000000000e+01 1.202000000000000000e+03
7.400000000000000000e+01 8.730000000000000000e+02
7.300000000000000000e+01 8.330000000000000000e+02
7.200000000000000000e+01 8.270000000000000000e+02
7.100000000000000000e+01 7.000000000000000000e+02
7.000000000000000000e+01 7.570000000000000000e+02
6.900000000000000000e+01 7.430000000000000000e+02
6.800000000000000000e+01 8.700000000000000000e+02
6.700000000000000000e+01 7.360000000000000000e+02
6.600000000000000000e+01 6.890000000000000000e+02
6.500000000000000000e+01 6.880000000000000000e+02
6.400000000000000000e+01 7.910000000000000000e+02
6.300000000000000000e+01 8.790000000000000000e+02
6.200000000000000000e+01 1.124000000000000000e+03
6.100000000000000000e+01 1.331000000000000000e+03
6.000000000000000000e+01 1.415000000000000000e+03
5.900000000000000000e+01 1.364000000000000000e+03
5.800000000000000000e+01 1.354000000000000000e+03
5.700000000000000000e+01 1.761000000000000000e+03
5.600000000000000000e+01 1.640000000000000000e+03
5.500000000000000000e+01 1.111000000000000000e+03
5.400000000000000000e+01 8.090000000000000000e+02
5.300000000000000000e+01 5.380000000000000000e+02
5.200000000000000000e+01 4.610000000000000000e+02
5.100000000000000000e+01 4.630000000000000000e+02
5.000000000000000000e+01 5.050000000000000000e+02
4.900000000000000000e+01 7.250000000000000000e+02
4.800000000000000000e+01 7.510000000000000000e+02
4.700000000000000000e+01 6.220000000000000000e+02
4.600000000000000000e+01 5.380000000000000000e+02
4.500000000000000000e+01 5.660000000000000000e+02
4.400000000000000000e+01 6.700000000000000000e+02
4.300000000000000000e+01 7.470000000000000000e+02
4.200000000000000000e+01 6.800000000000000000e+02
4.100000000000000000e+01 5.990000000000000000e+02
4.000000000000000000e+01 5.720000000000000000e+02
3.900000000000000000e+01 7.880000000000000000e+02
3.800000000000000000e+01 8.930000000000000000e+02
3.700000000000000000e+01 1.110000000000000000e+03
3.600000000000000000e+01 8.940000000000000000e+02
3.500000000000000000e+01 5.390000000000000000e+02
3.400000000000000000e+01 5.260000000000000000e+02
3.300000000000000000e+01 7.000000000000000000e+02
3.200000000000000000e+01 9.650000000000000000e+02
3.100000000000000000e+01 1.638000000000000000e+03
3.000000000000000000e+01 0.000000000000000000e+00
2.900000000000000000e+01 1.398000000000000000e+03
2.800000000000000000e+01 7.910000000000000000e+02
2.700000000000000000e+01 5.230000000000000000e+02
2.600000000000000000e+01 4.560000000000000000e+02
2.500000000000000000e+01 4.600000000000000000e+02
2.400000000000000000e+01 3.760000000000000000e+02
2.300000000000000000e+01 4.100000000000000000e+02
2.200000000000000000e+01 4.870000000000000000e+02
2.100000000000000000e+01 4.010000000000000000e+02
2.000000000000000000e+01 4.820000000000000000e+02
1.900000000000000000e+01 5.530000000000000000e+02
1.800000000000000000e+01 5.550000000000000000e+02
1.700000000000000000e+01 5.470000000000000000e+02
1.600000000000000000e+01 6.570000000000000000e+02
1.500000000000000000e+01 1.024000000000000000e+03
1.400000000000000000e+01 1.634000000000000000e+03
1.300000000000000000e+01 1.781000000000000000e+03
1.200000000000000000e+01 1.564000000000000000e+03
1.100000000000000000e+01 9.600000000000000000e+02
1.000000000000000000e+01 5.720000000000000000e+02
9.000000000000000000e+00 3.280000000000000000e+02
8.000000000000000000e+00 3.350000000000000000e+02
7.000000000000000000e+00 3.560000000000000000e+02
6.000000000000000000e+00 3.600000000000000000e+02
5.000000000000000000e+00 3.920000000000000000e+02
4.000000000000000000e+00 3.560000000000000000e+02
3.000000000000000000e+00 3.970000000000000000e+02
2.000000000000000000e+00 3.940000000000000000e+02
1.000000000000000000e+00 3.550000000000000000e+02
