1.043000000000000000e+03 0.000000000000000000e+00
1.042000000000000000e+03 0.000000000000000000e+00
1.041000000000000000e+03 0.000000000000000000e+00
1.040000000000000000e+03 0.000000000000000000e+00
1.039000000000000000e+03 0.000000000000000000e+00
1.038000000000000000e+03 0.000000000000000000e+00
1.037000000000000000e+03 0.000000000000000000e+00
1.036000000000000000e+03 0.000000000000000000e+00
1.035000000000000000e+03 0.000000000000000000e+00
1.034000000000000000e+03 0.000000000000000000e+00
1.033000000000000000e+03 0.000000000000000000e+00
1.032000000000000000e+03 0.000000000000000000e+00
1.031000000000000000e+03 0.000000000000000000e+00
1.030000000000000000e+03 0.000000000000000000e+00
1.029000000000000000e+03 0.000000000000000000e+00
1.028000000000000000e+03 0.000000000000000000e+00
1.027000000000000000e+03 0.000000000000000000e+00
1.026000000000000000e+03 0.000000000000000000e+00
1.025000000000000000e+03 2.000000000000000000e+00
1.024000000000000000e+03 5.000000000000000000e+00
1.023000000000000000e+03 6.000000000000000000e+00
1.022000000000000000e+03 1.000000000000000000e+00
1.021000000000000000e+03 1.000000000000000000e+00
1.020000000000000000e+03 0.000000000000000000e+00
1.019000000000000000e+03 0.000000000000000000e+00
1.018000000000000000e+03 0.000000000000000000e+00
1.017000000000000000e+03 0.000000000000000000e+00
1.016000000000000000e+03 0.000000000000000000e+00
1.015000000000000000e+03 0.000000000000000000e+00
1.014000000000000000e+03 0.000000000000000000e+00
1.013000000000000000e+03 0.000000000000000000e+00
1.012000000000000000e+03 0.000000000000000000e+00
1.011000000000000000e+03 0.000000000000000000e+00
1.010000000000000000e+03 0.000000000000000000e+00
1.009000000000000000e+03 0.000000000000000000e+00
1.008000000000000000e+03 0.000000000000000000e+00
1.007000000000000000e+03 0.000000000000000000e+00
1.006000000000000000e+03 0.000000000000000000e+00
1.005000000000000000e+03 1.000000000000000000e+00
1.004000000000000000e+03 0.000000000000000000e+00
1.003000000000000000e+03 1.000000000000000000e+00
1.002000000000000000e+03 0.000000000000000000e+00
1.001000000000000000e+03 0.000000000000000000e+00
1.000000000000000000e+03 0.000000000000000000e+00
9.990000000000000000e+02 1.000000000000000000e+00
9.980000000000000000e+02 1.000000000000000000e+00
9.970000000000000000e+02 1.000000000000000000e+00
9.960000000000000000e+02 2.000000000000000000e+00
9.950000000000000000e+02 2.000000000000000000e+00
9.940000000000000000e+02 4.000000000000000000e+00
9.930000000000000000e+02 8.000000000000000000e+00
9.920000000000000000e+02 1.000000000000000000e+01
9.910000000000000000e+02 8.000000000000000000e+00
9.900000000000000000e+02 7.000000000000000000e+00
9.890000000000000000e+02 7.000000000000000000e+00
9.880000000000000000e+02 1.100000000000000000e+01
9.870000000000000000e+02 2.000000000000000000e+00
9.860000000000000000e+02 5.000000000000000000e+00
9.850000000000000000e+02 1.100000000000000000e+01
9.840000000000000000e+02 1.100000000000000000e+01
9.830000000000000000e+02 7.000000000000000000e+00
9.820000000000000000e+02 1.400000000000000000e+01
9.810000000000000000e+02 1.300000000000000000e+01
9.800000000000000000e+02 1.200000000000000000e+01
9.790000000000000000e+02 2.000000000000000000e+01
9.780000000000000000e+02 1.600000000000000000e+01
9.770000000000000000e+02 1.800000000000000000e+01
9.760000000000000000e+02 1.600000000000000000e+01
9.750000000000000000e+02 2.100000000000000000e+01
9.740000000000000000e+02 1.700000000000000000e+01
9.730000000000000000e+02 1.400000000000000000e+01
9.720000000000000000e+02 1.900000000000000000e+01
9.710000000000000000e+02 2.900000000000000000e+01
9.700000000000000000e+02 1.600000000000000000e+01
9.690000000000000000e+02 1.600000000000000000e+01
9.680000000000000000e+02 2.400000000000000000e+01
9.670000000000000000e+02 2.500000000000000000e+01
9.660000000000000000e+02 2.100000000000000000e+01
9.650000000000000000e+02 2.700000000000000000e+01
9.640000000000000000e+02 1.100000000000000000e+01
9.630000000000000000e+02 1.100000000000000000e+01
9.620000000000000000e+02 1.600000000000000000e+01
9.610000000000000000e+02 2.100000000000000000e+01
9.600000000000000000e+02 6.000000000000000000e+00
9.590000000000000000e+02 9.000000000000000000e+00
9.580000000000000000e+02 1.200000000000000000e+01
9.570000000000000000e+02 5.000000000000000000e+00
9.560000000000000000e+02 9.000000000000000000e+00
9.550000000000000000e+02 2.100000000000000000e+01
9.540000000000000000e+02 7.000000000000000000e+00
9.530000000000000000e+02 2.000000000000000000e+00
9.520000000000000000e+02 1.000000000000000000e+00
9.510000000000000000e+02 1.000000000000000000e+00
9.500000000000000000e+02 3.000000000000000000e+00
9.490000000000000000e+02 2.000000000000000000e+00
9.480000000000000000e+02 2.000000000000000000e+00
9.470000000000000000e+02 4.000000000000000000e+00
9.460000000000000000e+02 1.000000000000000000e+00
9.450000000000000000e+02 1.000000000000000000e+00
9.440000000000000000e+02 1.000000000000000000e+00
9.430000000000000000e+02 0.000000000000000000e+00
9.420000000000000000e+02 1.000000000000000000e+00
9.410000000000000000e+02 0.000000000000000000e+00
9.400000000000000000e+02 0.000000000000000000e+00
9.390000000000000000e+02 0.000000000000000000e+00
9.380000000000000000e+02 0.000000000000000000e+00
9.370000000000000000e+02 0.000000000000000000e+00
9.360000000000000000e+02 0.000000000000000000e+00
9.350000000000000000e+02 0.000000000000000000e+00
9.340000000000000000e+02 0.000000000000000000e+00
9.330000000000000000e+02 0.000000000000000000e+00
9.320000000000000000e+02 0.000000000000000000e+00
9.310000000000000000e+02 0.000000000000000000e+00
9.300000000000000000e+02 0.000000000000000000e+00
9.290000000000000000e+02 1.000000000000000000e+00
9.280000000000000000e+02 1.000000000000000000e+00
9.270000000000000000e+02 2.000000000000000000e+00
9.260000000000000000e+02 2.000000000000000000e+00
9.250000000000000000e+02 3.000000000000000000e+00
9.240000000000000000e+02 4.000000000000000000e+00
9.230000000000000000e+02 4.000000000000000000e+00
9.220000000000000000e+02 3.000000000000000000e+00
9.210000000000000000e+02 1.300000000000000000e+01
9.200000000000000000e+02 7.000000000000000000e+00
9.190000000000000000e+02 1.900000000000000000e+01
9.180000000000000000e+02 1.500000000000000000e+01
9.170000000000000000e+02 1.600000000000000000e+01
9.160000000000000000e+02 1.800000000000000000e+01
9.150000000000000000e+02 2.700000000000000000e+01
9.140000000000000000e+02 3.000000000000000000e+01
9.130000000000000000e+02 2.700000000000000000e+01
9.120000000000000000e+02 2.800000000000000000e+01
9.110000000000000000e+02 3.300000000000000000e+01
9.100000000000000000e+02 5.700000000000000000e+01
9.090000000000000000e+02 8.400000000000000000e+01
9.080000000000000000e+02 6.100000000000000000e+01
9.070000000000000000e+02 6.200000000000000000e+01
9.060000000000000000e+02 9.200000000000000000e+01
9.050000000000000000e+02 7.500000000000000000e+01
9.040000000000000000e+02 8.900000000000000000e+01
9.030000000000000000e+02 7.000000000000000000e+01
9.020000000000000000e+02 8.900000000000000000e+01
9.010000000000000000e+02 1.050000000000000000e+02
9.000000000000000000e+02 1.280000000000000000e+02
8.990000000000000000e+02 1.010000000000000000e+02
8.980000000000000000e+02 1.500000000000000000e+02
8.970000000000000000e+02 1.440000000000000000e+02
8.960000000000000000e+02 1.290000000000000000e+02
8.950000000000000000e+02 1.330000000000000000e+02
8.940000000000000000e+02 1.630000000000000000e+02
8.930000000000000000e+02 1.640000000000000000e+02
8.920000000000000000e+02 1.000000000000000000e+02
8.910000000000000000e+02 1.700000000000000000e+02
8.900000000000000000e+02 1.800000000000000000e+02
8.890000000000000000e+02 1.310000000000000000e+02
8.880000000000000000e+02 1.580000000000000000e+02
8.870000000000000000e+02 1.500000000000000000e+02
8.860000000000000000e+02 1.140000000000000000e+02
8.850000000000000000e+02 1.150000000000000000e+02
8.840000000000000000e+02 1.480000000000000000e+02
8.830000000000000000e+02 1.330000000000000000e+02
8.820000000000000000e+02 1.080000000000000000e+02
8.810000000000000000e+02 8.300000000000000000e+01
8.800000000000000000e+02 7.300000000000000000e+01
8.790000000000000000e+02 8.800000000000000000e+01
8.780000000000000000e+02 9.200000000000000000e+01
8.770000000000000000e+02 7.300000000000000000e+01
8.760000000000000000e+02 5.300000000000000000e+01
8.750000000000000000e+02 5.100000000000000000e+01
8.740000000000000000e+02 7.500000000000000000e+01
8.730000000000000000e+02 5.300000000000000000e+01
8.720000000000000000e+02 2.300000000000000000e+01
8.710000000000000000e+02 2.400000000000000000e+01
8.700000000000000000e+02 2.900000000000000000e+01
8.690000000000000000e+02 2.300000000000000000e+01
8.680000000000000000e+02 2.000000000000000000e+01
8.670000000000000000e+02 1.100000000000000000e+01
8.660000000000000000e+02 6.000000000000000000e+00
8.650000000000000000e+02 6.000000000000000000e+00
8.640000000000000000e+02 3.000000000000000000e+00
8.630000000000000000e+02 3.000000000000000000e+00
8.620000000000000000e+02 5.000000000000000000e+00
8.610000000000000000e+02 2.000000000000000000e+00
8.600000000000000000e+02 0.000000000000000000e+00
8.590000000000000000e+02 0.000000000000000000e+00
8.580000000000000000e+02 0.000000000000000000e+00
8.570000000000000000e+02 0.000000000000000000e+00
8.560000000000000000e+02 0.000000000000000000e+00
8.550000000000000000e+02 1.000000000000000000e+00
8.540000000000000000e+02 0.000000000000000000e+00
8.530000000000000000e+02 0.000000000000000000e+00
8.520000000000000000e+02 1.000000000000000000e+00
8.510000000000000000e+02 0.000000000000000000e+00
8.500000000000000000e+02 2.000000000000000000e+00
8.490000000000000000e+02 3.000000000000000000e+00
8.480000000000000000e+02 -1.000000000000000000e+00
8.470000000000000000e+02 -1.000000000000000000e+00
8.460000000000000000e+02 -1.000000000000000000e+00
8.450000000000000000e+02 -1.000000000000000000e+00
8.440000000000000000e+02 -1.000000000000000000e+00
8.430000000000000000e+02 -1.000000000000000000e+00
8.420000000000000000e+02 -1.000000000000000000e+00
8.410000000000000000e+02 -1.000000000000000000e+00
8.400000000000000000e+02 -1.000000000000000000e+00
8.390000000000000000e+02 -1.000000000000000000e+00
8.380000000000000000e+02 -1.000000000000000000e+00
8.370000000000000000e+02 -1.000000000000000000e+00
8.360000000000000000e+02 -1.000000000000000000e+00
8.350000000000000000e+02 -1.000000000000000000e+00
8.340000000000000000e+02 -1.000000000000000000e+00
8.330000000000000000e+02 -1.000000000000000000e+00
8.320000000000000000e+02 -1.000000000000000000e+00
8.310000000000000000e+02 6.299000000000000000e+03
8.300000000000000000e+02 7.330000000000000000e+03
8.290000000000000000e+02 8.542000000000000000e+03
8.280000000000000000e+02 9.151000000000000000e+03
8.270000000000000000e+02 8.077000000000000000e+03
8.260000000000000000e+02 8.079000000000000000e+03
8.250000000000000000e+02 9.138000000000000000e+03
8.240000000000000000e+02 1.011000000000000000e+04
8.230000000000000000e+02 1.072300000000000000e+04
8.220000000000000000e+02 1.092100000000000000e+04
8.210000000000000000e+02 9.972000000000000000e+03
8.200000000000000000e+02 1.012100000000000000e+04
8.190000000000000000e+02 1.123800000000000000e+04
8.180000000000000000e+02 1.219900000000000000e+04
8.170000000000000000e+02 1.240400000000000000e+04
8.160000000000000000e+02 1.189600000000000000e+04
8.150000000000000000e+02 1.156700000000000000e+04
8.140000000000000000e+02 1.184100000000000000e+04
8.130000000000000000e+02 1.236700000000000000e+04
8.120000000000000000e+02 1.343000000000000000e+04
8.110000000000000000e+02 1.299900000000000000e+04
8.100000000000000000e+02 1.313300000000000000e+04
8.090000000000000000e+02 1.150300000000000000e+04
8.080000000000000000e+02 1.128900000000000000e+04
8.070000000000000000e+02 1.171500000000000000e+04
8.060000000000000000e+02 1.237000000000000000e+04
8.050000000000000000e+02 1.201300000000000000e+04
8.040000000000000000e+02 1.117200000000000000e+04
8.030000000000000000e+02 1.018100000000000000e+04
8.020000000000000000e+02 1.033000000000000000e+04
8.010000000000000000e+02 1.046400000000000000e+04
8.000000000000000000e+02 1.095100000000000000e+04
7.990000000000000000e+02 1.008600000000000000e+04
7.980000000000000000e+02 9.525000000000000000e+03
7.970000000000000000e+02 7.978000000000000000e+03
7.960000000000000000e+02 7.566000000000000000e+03
7.950000000000000000e+02 7.574000000000000000e+03
7.940000000000000000e+02 7.811000000000000000e+03
7.930000000000000000e+02 7.102000000000000000e+03
7.920000000000000000e+02 5.672000000000000000e+03
7.910000000000000000e+02 5.416000000000000000e+03
7.900000000000000000e+02 5.218000000000000000e+03
7.890000000000000000e+02 5.070000000000000000e+03
7.880000000000000000e+02 4.447000000000000000e+03
7.870000000000000000e+02 3.985000000000000000e+03
7.860000000000000000e+02 3.279000000000000000e+03
7.850000000000000000e+02 2.728000000000000000e+03
7.840000000000000000e+02 2.417000000000000000e+03
7.830000000000000000e+02 2.179000000000000000e+03
7.820000000000000000e+02 1.894000000000000000e+03
7.810000000000000000e+02 1.546000000000000000e+03
7.800000000000000000e+02 1.124000000000000000e+03
7.790000000000000000e+02 8.400000000000000000e+02
7.780000000000000000e+02 6.560000000000000000e+02
7.770000000000000000e+02 5.850000000000000000e+02
7.760000000000000000e+02 4.470000000000000000e+02
7.750000000000000000e+02 4.160000000000000000e+02
7.740000000000000000e+02 3.850000000000000000e+02
7.730000000000000000e+02 4.550000000000000000e+02
7.720000000000000000e+02 5.500000000000000000e+02
7.710000000000000000e+02 7.610000000000000000e+02
7.700000000000000000e+02 1.028000000000000000e+03
7.690000000000000000e+02 1.419000000000000000e+03
7.680000000000000000e+02 1.712000000000000000e+03
7.670000000000000000e+02 1.822000000000000000e+03
7.660000000000000000e+02 2.205000000000000000e+03
7.650000000000000000e+02 2.802000000000000000e+03
7.640000000000000000e+02 3.868000000000000000e+03
7.630000000000000000e+02 4.404000000000000000e+03
7.620000000000000000e+02 4.623000000000000000e+03
7.610000000000000000e+02 5.139000000000000000e+03
7.600000000000000000e+02 5.477000000000000000e+03
7.590000000000000000e+02 6.675000000000000000e+03
7.580000000000000000e+02 7.495000000000000000e+03
7.570000000000000000e+02 8.461000000000000000e+03
7.560000000000000000e+02 9.055000000000000000e+03
7.550000000000000000e+02 9.409000000000000000e+03
7.540000000000000000e+02 1.004700000000000000e+04
7.530000000000000000e+02 1.065200000000000000e+04
7.520000000000000000e+02 1.166700000000000000e+04
7.510000000000000000e+02 1.196300000000000000e+04
7.500000000000000000e+02 1.236000000000000000e+04
7.490000000000000000e+02 1.281900000000000000e+04
7.480000000000000000e+02 1.366500000000000000e+04
7.470000000000000000e+02 1.540900000000000000e+04
7.460000000000000000e+02 1.633000000000000000e+04
7.450000000000000000e+02 1.632800000000000000e+04
7.440000000000000000e+02 1.590800000000000000e+04
7.430000000000000000e+02 1.582100000000000000e+04
7.420000000000000000e+02 1.637100000000000000e+04
7.410000000000000000e+02 1.716100000000000000e+04
7.400000000000000000e+02 1.864800000000000000e+04
7.390000000000000000e+02 1.974600000000000000e+04
7.380000000000000000e+02 1.800300000000000000e+04
7.370000000000000000e+02 1.858700000000000000e+04
7.360000000000000000e+02 1.771100000000000000e+04
7.350000000000000000e+02 1.763200000000000000e+04
7.340000000000000000e+02 1.779600000000000000e+04
7.330000000000000000e+02 1.794400000000000000e+04
7.320000000000000000e+02 1.894000000000000000e+04
7.310000000000000000e+02 1.821000000000000000e+04
7.300000000000000000e+02 1.794800000000000000e+04
7.290000000000000000e+02 1.821200000000000000e+04
7.280000000000000000e+02 1.834700000000000000e+04
7.270000000000000000e+02 1.857000000000000000e+04
7.260000000000000000e+02 1.820100000000000000e+04
7.250000000000000000e+02 1.706900000000000000e+04
7.240000000000000000e+02 1.628000000000000000e+04
7.230000000000000000e+02 1.487200000000000000e+04
7.220000000000000000e+02 1.511600000000000000e+04
7.210000000000000000e+02 1.637000000000000000e+04
7.200000000000000000e+02 1.676900000000000000e+04
7.190000000000000000e+02 1.549800000000000000e+04
7.180000000000000000e+02 1.318200000000000000e+04
7.170000000000000000e+02 1.153200000000000000e+04
7.160000000000000000e+02 9.783000000000000000e+03
7.150000000000000000e+02 1.144600000000000000e+04
7.140000000000000000e+02 1.254800000000000000e+04
7.130000000000000000e+02 1.240700000000000000e+04
7.120000000000000000e+02 1.078900000000000000e+04
7.110000000000000000e+02 8.956000000000000000e+03
7.100000000000000000e+02 7.398000000000000000e+03
7.090000000000000000e+02 6.299000000000000000e+03
7.080000000000000000e+02 5.610000000000000000e+03
7.070000000000000000e+02 6.482000000000000000e+03
7.060000000000000000e+02 6.458000000000000000e+03
7.050000000000000000e+02 5.290000000000000000e+03
7.040000000000000000e+02 3.940000000000000000e+03
7.030000000000000000e+02 2.461000000000000000e+03
7.020000000000000000e+02 2.089000000000000000e+03
7.010000000000000000e+02 1.929000000000000000e+03
7.000000000000000000e+02 1.877000000000000000e+03
6.990000000000000000e+02 1.386000000000000000e+03
6.980000000000000000e+02 1.095000000000000000e+03
6.970000000000000000e+02 7.490000000000000000e+02
6.960000000000000000e+02 4.850000000000000000e+02
6.950000000000000000e+02 4.500000000000000000e+02
6.940000000000000000e+02 4.330000000000000000e+02
6.930000000000000000e+02 5.270000000000000000e+02
6.920000000000000000e+02 7.700000000000000000e+02
6.910000000000000000e+02 9.980000000000000000e+02
6.900000000000000000e+02 1.399000000000000000e+03
6.890000000000000000e+02 1.889000000000000000e+03
6.880000000000000000e+02 2.094000000000000000e+03
6.870000000000000000e+02 2.397000000000000000e+03
6.860000000000000000e+02 3.104000000000000000e+03
6.850000000000000000e+02 4.332000000000000000e+03
6.840000000000000000e+02 5.673000000000000000e+03
6.830000000000000000e+02 6.377000000000000000e+03
6.820000000000000000e+02 7.297000000000000000e+03
6.810000000000000000e+02 6.860000000000000000e+03
6.800000000000000000e+02 7.525000000000000000e+03
6.790000000000000000e+02 8.511000000000000000e+03
6.780000000000000000e+02 9.900000000000000000e+03
6.770000000000000000e+02 1.186800000000000000e+04
6.760000000000000000e+02 1.309800000000000000e+04
6.750000000000000000e+02 1.504000000000000000e+04
6.740000000000000000e+02 1.590100000000000000e+04
6.730000000000000000e+02 1.499800000000000000e+04
6.720000000000000000e+02 1.486700000000000000e+04
6.710000000000000000e+02 1.499400000000000000e+04
6.700000000000000000e+02 1.749200000000000000e+04
6.690000000000000000e+02 2.048800000000000000e+04
6.680000000000000000e+02 2.307000000000000000e+04
6.670000000000000000e+02 2.176600000000000000e+04
6.660000000000000000e+02 1.941300000000000000e+04
6.650000000000000000e+02 2.008100000000000000e+04
6.640000000000000000e+02 2.116200000000000000e+04
6.630000000000000000e+02 2.183500000000000000e+04
6.620000000000000000e+02 2.315300000000000000e+04
6.610000000000000000e+02 2.422700000000000000e+04
6.600000000000000000e+02 2.608600000000000000e+04
6.590000000000000000e+02 2.658000000000000000e+04
6.580000000000000000e+02 2.655700000000000000e+04
6.570000000000000000e+02 2.694100000000000000e+04
6.560000000000000000e+02 2.792000000000000000e+04
6.550000000000000000e+02 2.513200000000000000e+04
6.540000000000000000e+02 2.304900000000000000e+04
6.530000000000000000e+02 2.379600000000000000e+04
6.520000000000000000e+02 2.536200000000000000e+04
6.510000000000000000e+02 2.584000000000000000e+04
6.500000000000000000e+02 2.455200000000000000e+04
6.490000000000000000e+02 2.602900000000000000e+04
6.480000000000000000e+02 2.866600000000000000e+04
6.470000000000000000e+02 2.690000000000000000e+04
6.460000000000000000e+02 2.517700000000000000e+04
6.450000000000000000e+02 2.230100000000000000e+04
6.440000000000000000e+02 2.217500000000000000e+04
6.430000000000000000e+02 2.135800000000000000e+04
6.420000000000000000e+02 2.068400000000000000e+04
6.410000000000000000e+02 2.381800000000000000e+04
6.400000000000000000e+02 2.333600000000000000e+04
6.390000000000000000e+02 2.112400000000000000e+04
6.380000000000000000e+02 1.940100000000000000e+04
6.370000000000000000e+02 1.694700000000000000e+04
6.360000000000000000e+02 -1.000000000000000000e+00
6.350000000000000000e+02 -1.000000000000000000e+00
6.340000000000000000e+02 -1.000000000000000000e+00
6.330000000000000000e+02 -1.000000000000000000e+00
6.320000000000000000e+02 -1.000000000000000000e+00
6.310000000000000000e+02 -1.000000000000000000e+00
6.300000000000000000e+02 -1.000000000000000000e+00
6.290000000000000000e+02 -1.000000000000000000e+00
6.280000000000000000e+02 -1.000000000000000000e+00
6.270000000000000000e+02 -1.000000000000000000e+00
6.260000000000000000e+02 -1.000000000000000000e+00
6.250000000000000000e+02 -1.000000000000000000e+00
6.240000000000000000e+02 -1.000000000000000000e+00
6.230000000000000000e+02 -1.000000000000000000e+00
6.220000000000000000e+02 -1.000000000000000000e+00
6.210000000000000000e+02 -1.000000000000000000e+00
6.200000000000000000e+02 -1.000000000000000000e+00
6.190000000000000000e+02 1.253000000000000000e+03
6.180000000000000000e+02 8.970000000000000000e+02
6.170000000000000000e+02 6.330000000000000000e+02
6.160000000000000000e+02 5.140000000000000000e+02
6.150000000000000000e+02 4.480000000000000000e+02
6.140000000000000000e+02 6.010000000000000000e+02
6.130000000000000000e+02 7.790000000000000000e+02
6.120000000000000000e+02 1.144000000000000000e+03
6.110000000000000000e+02 1.614000000000000000e+03
6.100000000000000000e+02 2.421000000000000000e+03
6.090000000000000000e+02 3.454000000000000000e+03
6.080000000000000000e+02 4.809000000000000000e+03
6.070000000000000000e+02 6.128000000000000000e+03
6.060000000000000000e+02 7.857000000000000000e+03
6.050000000000000000e+02 9.239000000000000000e+03
6.040000000000000000e+02 1.061300000000000000e+04
6.030000000000000000e+02 1.301200000000000000e+04
6.020000000000000000e+02 1.586000000000000000e+04
6.010000000000000000e+02 1.858300000000000000e+04
6.000000000000000000e+02 1.894900000000000000e+04
5.990000000000000000e+02 1.919200000000000000e+04
5.980000000000000000e+02 1.661500000000000000e+04
5.970000000000000000e+02 2.057300000000000000e+04
5.960000000000000000e+02 2.464900000000000000e+04
5.950000000000000000e+02 2.317400000000000000e+04
5.940000000000000000e+02 2.265200000000000000e+04
5.930000000000000000e+02 2.684100000000000000e+04
5.920000000000000000e+02 2.964700000000000000e+04
5.910000000000000000e+02 2.867900000000000000e+04
5.900000000000000000e+02 2.867600000000000000e+04
5.890000000000000000e+02 2.989200000000000000e+04
5.880000000000000000e+02 2.776000000000000000e+04
5.870000000000000000e+02 2.521100000000000000e+04
5.860000000000000000e+02 2.959300000000000000e+04
5.850000000000000000e+02 2.914600000000000000e+04
5.840000000000000000e+02 2.657300000000000000e+04
5.830000000000000000e+02 2.664300000000000000e+04
5.820000000000000000e+02 3.158100000000000000e+04
5.810000000000000000e+02 3.426600000000000000e+04
5.800000000000000000e+02 3.226400000000000000e+04
5.790000000000000000e+02 2.838900000000000000e+04
5.780000000000000000e+02 2.859700000000000000e+04
5.770000000000000000e+02 3.215600000000000000e+04
5.760000000000000000e+02 3.083300000000000000e+04
5.750000000000000000e+02 2.919700000000000000e+04
5.740000000000000000e+02 3.013100000000000000e+04
5.730000000000000000e+02 3.210500000000000000e+04
5.720000000000000000e+02 3.326700000000000000e+04
5.710000000000000000e+02 3.023400000000000000e+04
5.700000000000000000e+02 2.692800000000000000e+04
5.690000000000000000e+02 2.915900000000000000e+04
5.680000000000000000e+02 3.177000000000000000e+04
5.670000000000000000e+02 3.414900000000000000e+04
5.660000000000000000e+02 3.425100000000000000e+04
5.650000000000000000e+02 3.259700000000000000e+04
5.640000000000000000e+02 3.217200000000000000e+04
5.630000000000000000e+02 3.249700000000000000e+04
5.620000000000000000e+02 3.391000000000000000e+04
5.610000000000000000e+02 3.589800000000000000e+04
5.600000000000000000e+02 3.523700000000000000e+04
5.590000000000000000e+02 3.137900000000000000e+04
5.580000000000000000e+02 2.934400000000000000e+04
5.570000000000000000e+02 3.076000000000000000e+04
5.560000000000000000e+02 3.342800000000000000e+04
5.550000000000000000e+02 3.364600000000000000e+04
5.540000000000000000e+02 3.355300000000000000e+04
5.530000000000000000e+02 3.160800000000000000e+04
5.520000000000000000e+02 3.433900000000000000e+04
5.510000000000000000e+02 3.510800000000000000e+04
5.500000000000000000e+02 3.225500000000000000e+04
5.490000000000000000e+02 3.144400000000000000e+04
5.480000000000000000e+02 3.165600000000000000e+04
5.470000000000000000e+02 2.996200000000000000e+04
5.460000000000000000e+02 2.479400000000000000e+04
5.450000000000000000e+02 2.372900000000000000e+04
5.440000000000000000e+02 2.734300000000000000e+04
5.430000000000000000e+02 2.847300000000000000e+04
5.420000000000000000e+02 2.427600000000000000e+04
5.410000000000000000e+02 2.268500000000000000e+04
5.400000000000000000e+02 2.156600000000000000e+04
5.390000000000000000e+02 2.189100000000000000e+04
5.380000000000000000e+02 2.333200000000000000e+04
5.370000000000000000e+02 2.091000000000000000e+04
5.360000000000000000e+02 1.816100000000000000e+04
5.350000000000000000e+02 1.883800000000000000e+04
5.340000000000000000e+02 1.970600000000000000e+04
5.330000000000000000e+02 1.726800000000000000e+04
5.320000000000000000e+02 1.442500000000000000e+04
5.310000000000000000e+02 1.164000000000000000e+04
5.300000000000000000e+02 9.395000000000000000e+03
5.290000000000000000e+02 7.363000000000000000e+03
5.280000000000000000e+02 7.083000000000000000e+03
5.270000000000000000e+02 6.606000000000000000e+03
5.260000000000000000e+02 6.042000000000000000e+03
5.250000000000000000e+02 5.280000000000000000e+03
5.240000000000000000e+02 5.028000000000000000e+03
5.230000000000000000e+02 3.459000000000000000e+03
5.220000000000000000e+02 2.378000000000000000e+03
5.210000000000000000e+02 1.308000000000000000e+03
5.200000000000000000e+02 7.300000000000000000e+02
5.190000000000000000e+02 6.740000000000000000e+02
5.180000000000000000e+02 7.320000000000000000e+02
5.170000000000000000e+02 1.175000000000000000e+03
5.160000000000000000e+02 1.840000000000000000e+03
5.150000000000000000e+02 2.849000000000000000e+03
5.140000000000000000e+02 4.500000000000000000e+03
5.130000000000000000e+02 8.214000000000000000e+03
5.120000000000000000e+02 1.071500000000000000e+04
5.110000000000000000e+02 1.186900000000000000e+04
5.100000000000000000e+02 1.349400000000000000e+04
5.090000000000000000e+02 1.772100000000000000e+04
5.080000000000000000e+02 2.615600000000000000e+04
5.070000000000000000e+02 3.279300000000000000e+04
5.060000000000000000e+02 3.815600000000000000e+04
5.050000000000000000e+02 4.319500000000000000e+04
5.040000000000000000e+02 4.492800000000000000e+04
5.030000000000000000e+02 4.549900000000000000e+04
5.020000000000000000e+02 4.409300000000000000e+04
5.010000000000000000e+02 4.366000000000000000e+04
5.000000000000000000e+02 4.305900000000000000e+04
4.990000000000000000e+02 4.333100000000000000e+04
4.980000000000000000e+02 4.393600000000000000e+04
4.970000000000000000e+02 4.324900000000000000e+04
4.960000000000000000e+02 4.451800000000000000e+04
4.950000000000000000e+02 4.411600000000000000e+04
4.940000000000000000e+02 4.146900000000000000e+04
4.930000000000000000e+02 4.333100000000000000e+04
4.920000000000000000e+02 4.131800000000000000e+04
4.910000000000000000e+02 4.106200000000000000e+04
4.900000000000000000e+02 3.826500000000000000e+04
4.890000000000000000e+02 3.654300000000000000e+04
4.880000000000000000e+02 3.681700000000000000e+04
4.870000000000000000e+02 3.502700000000000000e+04
4.860000000000000000e+02 3.549000000000000000e+04
4.850000000000000000e+02 3.719800000000000000e+04
4.840000000000000000e+02 3.735400000000000000e+04
4.830000000000000000e+02 3.651300000000000000e+04
4.820000000000000000e+02 3.293700000000000000e+04
4.810000000000000000e+02 2.834000000000000000e+04
4.800000000000000000e+02 2.378600000000000000e+04
4.790000000000000000e+02 1.755500000000000000e+04
4.780000000000000000e+02 1.259800000000000000e+04
4.770000000000000000e+02 1.047000000000000000e+04
4.760000000000000000e+02 9.758000000000000000e+03
4.750000000000000000e+02 8.926000000000000000e+03
4.740000000000000000e+02 8.523000000000000000e+03
4.730000000000000000e+02 9.482000000000000000e+03
4.720000000000000000e+02 9.271000000000000000e+03
4.710000000000000000e+02 6.441000000000000000e+03
4.700000000000000000e+02 3.974000000000000000e+03
4.690000000000000000e+02 2.204000000000000000e+03
4.680000000000000000e+02 1.310000000000000000e+03
4.670000000000000000e+02 9.180000000000000000e+02
4.660000000000000000e+02 6.880000000000000000e+02
4.650000000000000000e+02 7.790000000000000000e+02
4.640000000000000000e+02 1.067000000000000000e+03
4.630000000000000000e+02 1.513000000000000000e+03
4.620000000000000000e+02 1.777000000000000000e+03
4.610000000000000000e+02 1.924000000000000000e+03
4.600000000000000000e+02 2.377000000000000000e+03
4.590000000000000000e+02 3.211000000000000000e+03
4.580000000000000000e+02 4.820000000000000000e+03
4.570000000000000000e+02 7.718000000000000000e+03
4.560000000000000000e+02 9.298000000000000000e+03
4.550000000000000000e+02 9.830000000000000000e+03
4.540000000000000000e+02 1.146700000000000000e+04
4.530000000000000000e+02 1.274000000000000000e+04
4.520000000000000000e+02 1.351300000000000000e+04
4.510000000000000000e+02 1.455600000000000000e+04
4.500000000000000000e+02 1.659100000000000000e+04
4.490000000000000000e+02 1.807200000000000000e+04
4.480000000000000000e+02 1.978400000000000000e+04
4.470000000000000000e+02 2.248700000000000000e+04
4.460000000000000000e+02 2.496600000000000000e+04
4.450000000000000000e+02 2.610400000000000000e+04
4.440000000000000000e+02 2.930300000000000000e+04
4.430000000000000000e+02 3.539200000000000000e+04
4.420000000000000000e+02 3.876100000000000000e+04
4.410000000000000000e+02 3.674200000000000000e+04
4.400000000000000000e+02 3.767100000000000000e+04
4.390000000000000000e+02 3.948800000000000000e+04
4.380000000000000000e+02 4.129900000000000000e+04
4.370000000000000000e+02 4.401500000000000000e+04
4.360000000000000000e+02 4.726200000000000000e+04
4.350000000000000000e+02 5.249100000000000000e+04
4.340000000000000000e+02 5.498100000000000000e+04
4.330000000000000000e+02 5.554500000000000000e+04
4.320000000000000000e+02 5.906100000000000000e+04
4.310000000000000000e+02 5.982500000000000000e+04
4.300000000000000000e+02 6.178300000000000000e+04
4.290000000000000000e+02 6.317700000000000000e+04
4.280000000000000000e+02 6.440700000000000000e+04
4.270000000000000000e+02 6.607800000000000000e+04
4.260000000000000000e+02 6.643600000000000000e+04
4.250000000000000000e+02 6.103600000000000000e+04
4.240000000000000000e+02 -1.000000000000000000e+00
4.230000000000000000e+02 -1.000000000000000000e+00
4.220000000000000000e+02 -1.000000000000000000e+00
4.210000000000000000e+02 -1.000000000000000000e+00
4.200000000000000000e+02 -1.000000000000000000e+00
4.190000000000000000e+02 -1.000000000000000000e+00
4.180000000000000000e+02 -1.000000000000000000e+00
4.170000000000000000e+02 -1.000000000000000000e+00
4.160000000000000000e+02 -1.000000000000000000e+00
4.150000000000000000e+02 -1.000000000000000000e+00
4.140000000000000000e+02 -1.000000000000000000e+00
4.130000000000000000e+02 -1.000000000000000000e+00
4.120000000000000000e+02 -1.000000000000000000e+00
4.110000000000000000e+02 -1.000000000000000000e+00
4.100000000000000000e+02 -1.000000000000000000e+00
4.090000000000000000e+02 -1.000000000000000000e+00
4.080000000000000000e+02 -1.000000000000000000e+00
4.070000000000000000e+02 4.448000000000000000e+04
4.060000000000000000e+02 4.546200000000000000e+04
4.050000000000000000e+02 4.465100000000000000e+04
4.040000000000000000e+02 4.413100000000000000e+04
4.030000000000000000e+02 4.420800000000000000e+04
4.020000000000000000e+02 4.294000000000000000e+04
4.010000000000000000e+02 4.017200000000000000e+04
4.000000000000000000e+02 3.740300000000000000e+04
3.990000000000000000e+02 3.505600000000000000e+04
3.980000000000000000e+02 3.234400000000000000e+04
3.970000000000000000e+02 2.901800000000000000e+04
3.960000000000000000e+02 2.765400000000000000e+04
3.950000000000000000e+02 3.125500000000000000e+04
3.940000000000000000e+02 3.841200000000000000e+04
3.930000000000000000e+02 4.620100000000000000e+04
3.920000000000000000e+02 5.310000000000000000e+04
3.910000000000000000e+02 5.830600000000000000e+04
3.900000000000000000e+02 5.961000000000000000e+04
3.890000000000000000e+02 6.071000000000000000e+04
3.880000000000000000e+02 6.001200000000000000e+04
3.870000000000000000e+02 6.046900000000000000e+04
3.860000000000000000e+02 5.917200000000000000e+04
3.850000000000000000e+02 6.000100000000000000e+04
3.840000000000000000e+02 5.899900000000000000e+04
3.830000000000000000e+02 5.693600000000000000e+04
3.820000000000000000e+02 5.618600000000000000e+04
3.810000000000000000e+02 5.613000000000000000e+04
3.800000000000000000e+02 5.545600000000000000e+04
3.790000000000000000e+02 5.539500000000000000e+04
3.780000000000000000e+02 5.424800000000000000e+04
3.770000000000000000e+02 5.430500000000000000e+04
3.760000000000000000e+02 5.328400000000000000e+04
3.750000000000000000e+02 5.128600000000000000e+04
3.740000000000000000e+02 4.989500000000000000e+04
3.730000000000000000e+02 4.916000000000000000e+04
3.720000000000000000e+02 4.768600000000000000e+04
3.710000000000000000e+02 4.708000000000000000e+04
3.700000000000000000e+02 4.548700000000000000e+04
3.690000000000000000e+02 4.364900000000000000e+04
3.680000000000000000e+02 4.103300000000000000e+04
3.670000000000000000e+02 3.970300000000000000e+04
3.660000000000000000e+02 3.913200000000000000e+04
3.650000000000000000e+02 3.719800000000000000e+04
3.640000000000000000e+02 3.561700000000000000e+04
3.630000000000000000e+02 3.471100000000000000e+04
3.620000000000000000e+02 3.370100000000000000e+04
3.610000000000000000e+02 3.264300000000000000e+04
3.600000000000000000e+02 3.173000000000000000e+04
3.590000000000000000e+02 3.047800000000000000e+04
3.580000000000000000e+02 2.898600000000000000e+04
3.570000000000000000e+02 2.762800000000000000e+04
3.560000000000000000e+02 2.678300000000000000e+04
3.550000000000000000e+02 2.580700000000000000e+04
3.540000000000000000e+02 2.412200000000000000e+04
3.530000000000000000e+02 2.373600000000000000e+04
3.520000000000000000e+02 2.275000000000000000e+04
3.510000000000000000e+02 2.273600000000000000e+04
3.500000000000000000e+02 2.194500000000000000e+04
3.490000000000000000e+02 2.197500000000000000e+04
3.480000000000000000e+02 2.253200000000000000e+04
3.470000000000000000e+02 2.135300000000000000e+04
3.460000000000000000e+02 2.031100000000000000e+04
3.450000000000000000e+02 1.947200000000000000e+04
3.440000000000000000e+02 1.882900000000000000e+04
3.430000000000000000e+02 1.784200000000000000e+04
3.420000000000000000e+02 1.746400000000000000e+04
3.410000000000000000e+02 1.719700000000000000e+04
3.400000000000000000e+02 1.669500000000000000e+04
3.390000000000000000e+02 1.615200000000000000e+04
3.380000000000000000e+02 1.552200000000000000e+04
3.370000000000000000e+02 1.431300000000000000e+04
3.360000000000000000e+02 1.369000000000000000e+04
3.350000000000000000e+02 1.222600000000000000e+04
3.340000000000000000e+02 1.121900000000000000e+04
3.330000000000000000e+02 9.902000000000000000e+03
3.320000000000000000e+02 8.642000000000000000e+03
3.310000000000000000e+02 7.607000000000000000e+03
3.300000000000000000e+02 6.556000000000000000e+03
3.290000000000000000e+02 5.404000000000000000e+03
3.280000000000000000e+02 4.344000000000000000e+03
3.270000000000000000e+02 3.525000000000000000e+03
3.260000000000000000e+02 2.834000000000000000e+03
3.250000000000000000e+02 1.964000000000000000e+03
3.240000000000000000e+02 1.209000000000000000e+03
3.230000000000000000e+02 5.780000000000000000e+02
3.220000000000000000e+02 3.520000000000000000e+02
3.210000000000000000e+02 2.310000000000000000e+02
3.200000000000000000e+02 2.110000000000000000e+02
3.190000000000000000e+02 2.050000000000000000e+02
3.180000000000000000e+02 2.270000000000000000e+02
3.170000000000000000e+02 2.510000000000000000e+02
3.160000000000000000e+02 2.450000000000000000e+02
3.150000000000000000e+02 2.660000000000000000e+02
3.140000000000000000e+02 2.970000000000000000e+02
3.130000000000000000e+02 3.270000000000000000e+02
3.120000000000000000e+02 3.290000000000000000e+02
3.110000000000000000e+02 3.900000000000000000e+02
3.100000000000000000e+02 4.180000000000000000e+02
3.090000000000000000e+02 4.450000000000000000e+02
3.080000000000000000e+02 5.220000000000000000e+02
3.070000000000000000e+02 5.240000000000000000e+02
3.060000000000000000e+02 5.820000000000000000e+02
3.050000000000000000e+02 6.350000000000000000e+02
3.040000000000000000e+02 6.350000000000000000e+02
3.030000000000000000e+02 7.010000000000000000e+02
3.020000000000000000e+02 7.280000000000000000e+02
3.010000000000000000e+02 7.890000000000000000e+02
3.000000000000000000e+02 8.300000000000000000e+02
2.990000000000000000e+02 8.490000000000000000e+02
2.980000000000000000e+02 8.330000000000000000e+02
2.970000000000000000e+02 9.370000000000000000e+02
2.960000000000000000e+02 8.850000000000000000e+02
2.950000000000000000e+02 9.670000000000000000e+02
2.940000000000000000e+02 9.380000000000000000e+02
2.930000000000000000e+02 1.044000000000000000e+03
2.920000000000000000e+02 1.135000000000000000e+03
2.910000000000000000e+02 1.189000000000000000e+03
2.900000000000000000e+02 1.200000000000000000e+03
2.890000000000000000e+02 1.244000000000000000e+03
2.880000000000000000e+02 1.263000000000000000e+03
2.870000000000000000e+02 1.310000000000000000e+03
2.860000000000000000e+02 1.403000000000000000e+03
2.850000000000000000e+02 1.407000000000000000e+03
2.840000000000000000e+02 1.422000000000000000e+03
2.830000000000000000e+02 1.337000000000000000e+03
2.820000000000000000e+02 1.407000000000000000e+03
2.810000000000000000e+02 1.464000000000000000e+03
2.800000000000000000e+02 1.472000000000000000e+03
2.790000000000000000e+02 1.642000000000000000e+03
2.780000000000000000e+02 1.675000000000000000e+03
2.770000000000000000e+02 1.730000000000000000e+03
2.760000000000000000e+02 1.998000000000000000e+03
2.750000000000000000e+02 2.415000000000000000e+03
2.740000000000000000e+02 2.603000000000000000e+03
2.730000000000000000e+02 2.507000000000000000e+03
2.720000000000000000e+02 2.459000000000000000e+03
2.710000000000000000e+02 2.495000000000000000e+03
2.700000000000000000e+02 2.530000000000000000e+03
2.690000000000000000e+02 2.551000000000000000e+03
2.680000000000000000e+02 2.620000000000000000e+03
2.670000000000000000e+02 2.610000000000000000e+03
2.660000000000000000e+02 2.913000000000000000e+03
2.650000000000000000e+02 2.780000000000000000e+03
2.640000000000000000e+02 2.669000000000000000e+03
2.630000000000000000e+02 2.701000000000000000e+03
2.620000000000000000e+02 2.649000000000000000e+03
2.610000000000000000e+02 2.720000000000000000e+03
2.600000000000000000e+02 2.647000000000000000e+03
2.590000000000000000e+02 2.912000000000000000e+03
2.580000000000000000e+02 2.948000000000000000e+03
2.570000000000000000e+02 2.760000000000000000e+03
2.560000000000000000e+02 2.845000000000000000e+03
2.550000000000000000e+02 2.929000000000000000e+03
2.540000000000000000e+02 2.771000000000000000e+03
2.530000000000000000e+02 2.763000000000000000e+03
2.520000000000000000e+02 2.935000000000000000e+03
2.510000000000000000e+02 2.763000000000000000e+03
2.500000000000000000e+02 2.718000000000000000e+03
2.490000000000000000e+02 2.493000000000000000e+03
2.480000000000000000e+02 2.366000000000000000e+03
2.470000000000000000e+02 2.401000000000000000e+03
2.460000000000000000e+02 2.363000000000000000e+03
2.450000000000000000e+02 2.290000000000000000e+03
2.440000000000000000e+02 2.042000000000000000e+03
2.430000000000000000e+02 2.063000000000000000e+03
2.420000000000000000e+02 2.046000000000000000e+03
2.410000000000000000e+02 1.958000000000000000e+03
2.400000000000000000e+02 1.964000000000000000e+03
2.390000000000000000e+02 1.752000000000000000e+03
2.380000000000000000e+02 1.511000000000000000e+03
2.370000000000000000e+02 1.404000000000000000e+03
2.360000000000000000e+02 1.297000000000000000e+03
2.350000000000000000e+02 1.292000000000000000e+03
2.340000000000000000e+02 1.082000000000000000e+03
2.330000000000000000e+02 9.730000000000000000e+02
2.320000000000000000e+02 9.140000000000000000e+02
2.310000000000000000e+02 8.620000000000000000e+02
2.300000000000000000e+02 8.120000000000000000e+02
2.290000000000000000e+02 6.640000000000000000e+02
2.280000000000000000e+02 6.020000000000000000e+02
2.270000000000000000e+02 5.430000000000000000e+02
2.260000000000000000e+02 4.780000000000000000e+02
2.250000000000000000e+02 3.780000000000000000e+02
2.240000000000000000e+02 3.710000000000000000e+02
2.230000000000000000e+02 3.660000000000000000e+02
2.220000000000000000e+02 3.310000000000000000e+02
2.210000000000000000e+02 2.880000000000000000e+02
2.200000000000000000e+02 3.260000000000000000e+02
2.190000000000000000e+02 3.700000000000000000e+02
2.180000000000000000e+02 3.900000000000000000e+02
2.170000000000000000e+02 4.930000000000000000e+02
2.160000000000000000e+02 6.440000000000000000e+02
2.150000000000000000e+02 7.040000000000000000e+02
2.140000000000000000e+02 8.200000000000000000e+02
2.130000000000000000e+02 8.540000000000000000e+02
2.120000000000000000e+02 -1.000000000000000000e+00
2.110000000000000000e+02 -1.000000000000000000e+00
2.100000000000000000e+02 -1.000000000000000000e+00
2.090000000000000000e+02 -1.000000000000000000e+00
2.080000000000000000e+02 -1.000000000000000000e+00
2.070000000000000000e+02 -1.000000000000000000e+00
2.060000000000000000e+02 -1.000000000000000000e+00
2.050000000000000000e+02 -1.000000000000000000e+00
2.040000000000000000e+02 -1.000000000000000000e+00
2.030000000000000000e+02 -1.000000000000000000e+00
2.020000000000000000e+02 -1.000000000000000000e+00
2.010000000000000000e+02 -1.000000000000000000e+00
2.000000000000000000e+02 -1.000000000000000000e+00
1.990000000000000000e+02 -1.000000000000000000e+00
1.980000000000000000e+02 -1.000000000000000000e+00
1.970000000000000000e+02 -1.000000000000000000e+00
1.960000000000000000e+02 -1.000000000000000000e+00
1.950000000000000000e+02 5.783000000000000000e+03
1.940000000000000000e+02 5.973000000000000000e+03
1.930000000000000000e+02 6.345000000000000000e+03
1.920000000000000000e+02 6.817000000000000000e+03
1.910000000000000000e+02 7.777000000000000000e+03
1.900000000000000000e+02 8.614000000000000000e+03
1.890000000000000000e+02 8.690000000000000000e+03
1.880000000000000000e+02 8.880000000000000000e+03
1.870000000000000000e+02 9.534000000000000000e+03
1.860000000000000000e+02 9.798000000000000000e+03
1.850000000000000000e+02 1.061100000000000000e+04
1.840000000000000000e+02 1.178400000000000000e+04
1.830000000000000000e+02 1.182800000000000000e+04
1.820000000000000000e+02 1.210000000000000000e+04
1.810000000000000000e+02 1.243000000000000000e+04
1.800000000000000000e+02 1.333800000000000000e+04
1.790000000000000000e+02 1.394900000000000000e+04
1.780000000000000000e+02 1.496000000000000000e+04
1.770000000000000000e+02 1.530300000000000000e+04
1.760000000000000000e+02 1.495200000000000000e+04
1.750000000000000000e+02 1.543200000000000000e+04
1.740000000000000000e+02 1.577400000000000000e+04
1.730000000000000000e+02 1.562700000000000000e+04
1.720000000000000000e+02 1.605000000000000000e+04
1.710000000000000000e+02 1.624900000000000000e+04
1.700000000000000000e+02 1.605300000000000000e+04
1.690000000000000000e+02 1.625900000000000000e+04
1.680000000000000000e+02 1.662200000000000000e+04
1.670000000000000000e+02 1.657700000000000000e+04
1.660000000000000000e+02 1.776800000000000000e+04
1.650000000000000000e+02 1.834900000000000000e+04
1.640000000000000000e+02 1.893400000000000000e+04
1.630000000000000000e+02 1.993700000000000000e+04
1.620000000000000000e+02 2.128600000000000000e+04
1.610000000000000000e+02 2.198800000000000000e+04
1.600000000000000000e+02 2.335200000000000000e+04
1.590000000000000000e+02 2.161700000000000000e+04
1.580000000000000000e+02 2.185000000000000000e+04
1.570000000000000000e+02 2.150500000000000000e+04
1.560000000000000000e+02 2.212300000000000000e+04
1.550000000000000000e+02 2.199000000000000000e+04
1.540000000000000000e+02 2.104700000000000000e+04
1.530000000000000000e+02 2.140000000000000000e+04
1.520000000000000000e+02 2.291200000000000000e+04
1.510000000000000000e+02 2.368500000000000000e+04
1.500000000000000000e+02 2.525200000000000000e+04
1.490000000000000000e+02 2.584100000000000000e+04
1.480000000000000000e+02 2.464300000000000000e+04
1.470000000000000000e+02 2.565500000000000000e+04
1.460000000000000000e+02 2.659300000000000000e+04
1.450000000000000000e+02 2.830800000000000000e+04
1.440000000000000000e+02 2.963000000000000000e+04
1.430000000000000000e+02 2.974900000000000000e+04
1.420000000000000000e+02 2.996400000000000000e+04
1.410000000000000000e+02 3.019700000000000000e+04
1.400000000000000000e+02 2.996300000000000000e+04
1.390000000000000000e+02 2.974100000000000000e+04
1.380000000000000000e+02 2.868600000000000000e+04
1.370000000000000000e+02 2.824000000000000000e+04
1.360000000000000000e+02 2.722400000000000000e+04
1.350000000000000000e+02 2.859900000000000000e+04
1.340000000000000000e+02 2.940800000000000000e+04
1.330000000000000000e+02 2.996100000000000000e+04
1.320000000000000000e+02 3.071800000000000000e+04
1.310000000000000000e+02 3.134200000000000000e+04
1.300000000000000000e+02 3.142200000000000000e+04
1.290000000000000000e+02 3.175500000000000000e+04
1.280000000000000000e+02 3.118200000000000000e+04
1.270000000000000000e+02 3.032400000000000000e+04
1.260000000000000000e+02 2.934000000000000000e+04
1.250000000000000000e+02 2.829600000000000000e+04
1.240000000000000000e+02 2.823200000000000000e+04
1.230000000000000000e+02 2.776600000000000000e+04
1.220000000000000000e+02 2.761400000000000000e+04
1.210000000000000000e+02 2.685600000000000000e+04
1.200000000000000000e+02 2.654600000000000000e+04
1.190000000000000000e+02 2.609400000000000000e+04
1.180000000000000000e+02 2.615200000000000000e+04
1.170000000000000000e+02 2.547500000000000000e+04
1.160000000000000000e+02 2.489600000000000000e+04
1.150000000000000000e+02 2.349600000000000000e+04
1.140000000000000000e+02 2.201800000000000000e+04
1.130000000000000000e+02 2.177400000000000000e+04
1.120000000000000000e+02 2.137700000000000000e+04
1.110000000000000000e+02 2.100100000000000000e+04
1.100000000000000000e+02 2.093000000000000000e+04
1.090000000000000000e+02 2.091400000000000000e+04
1.080000000000000000e+02 2.158400000000000000e+04
1.070000000000000000e+02 2.146000000000000000e+04
1.060000000000000000e+02 2.122700000000000000e+04
1.050000000000000000e+02 2.070400000000000000e+04
1.040000000000000000e+02 1.956100000000000000e+04
1.030000000000000000e+02 1.920400000000000000e+04
1.020000000000000000e+02 1.764500000000000000e+04
1.010000000000000000e+02 1.680400000000000000e+04
1.000000000000000000e+02 1.583800000000000000e+04
9.900000000000000000e+01 1.451400000000000000e+04
9.800000000000000000e+01 1.480600000000000000e+04
9.700000000000000000e+01 1.511300000000000000e+04
9.600000000000000000e+01 1.643700000000000000e+04
9.500000000000000000e+01 1.630000000000000000e+04
9.400000000000000000e+01 1.678100000000000000e+04
9.300000000000000000e+01 1.646400000000000000e+04
9.200000000000000000e+01 1.537100000000000000e+04
9.100000000000000000e+01 1.400100000000000000e+04
9.000000000000000000e+01 1.293900000000000000e+04
8.900000000000000000e+01 1.242400000000000000e+04
8.800000000000000000e+01 1.124900000000000000e+04
8.700000000000000000e+01 1.117400000000000000e+04
8.600000000000000000e+01 1.227000000000000000e+04
8.500000000000000000e+01 1.234400000000000000e+04
8.400000000000000000e+01 1.113400000000000000e+04
8.300000000000000000e+01 1.049100000000000000e+04
8.200000000000000000e+01 1.061700000000000000e+04
8.100000000000000000e+01 1.023200000000000000e+04
8.000000000000000000e+01 8.537000000000000000e+03
7.900000000000000000e+01 7.418000000000000000e+03
7.800000000000000000e+01 7.285000000000000000e+03
7.700000000000000000e+01 7.781000000000000000e+03
7.600000000000000000e+01 7.180000000000000000e+03
7.500000000000000000e+01 6.201000000000000000e+03
7.400000000000000000e+01 6.077000000000000000e+03
7.300000000000000000e+01 5.903000000000000000e+03
7.200000000000000000e+01 5.731000000000000000e+03
7.100000000000000000e+01 5.395000000000000000e+03
7.000000000000000000e+01 4.423000000000000000e+03
6.900000000000000000e+01 3.646000000000000000e+03
6.800000000000000000e+01 3.366000000000000000e+03
6.700000000000000000e+01 3.023000000000000000e+03
6.600000000000000000e+01 2.559000000000000000e+03
6.500000000000000000e+01 2.689000000000000000e+03
6.400000000000000000e+01 2.528000000000000000e+03
6.300000000000000000e+01 2.229000000000000000e+03
6.200000000000000000e+01 1.839000000000000000e+03
6.100000000000000000e+01 1.733000000000000000e+03
6.000000000000000000e+01 1.473000000000000000e+03
5.900000000000000000e+01 1.046000000000000000e+03
5.800000000000000000e+01 7.120000000000000000e+02
5.700000000000000000e+01 4.800000000000000000e+02
5.600000000000000000e+01 5.240000000000000000e+02
5.500000000000000000e+01 4.380000000000000000e+02
5.400000000000000000e+01 3.190000000000000000e+02
5.300000000000000000e+01 2.720000000000000000e+02
5.200000000000000000e+01 1.640000000000000000e+02
5.100000000000000000e+01 1.200000000000000000e+02
5.000000000000000000e+01 5.700000000000000000e+01
4.900000000000000000e+01 4.600000000000000000e+01
4.800000000000000000e+01 3.200000000000000000e+01
4.700000000000000000e+01 2.300000000000000000e+01
4.600000000000000000e+01 3.600000000000000000e+01
4.500000000000000000e+01 4.000000000000000000e+01
4.400000000000000000e+01 8.000000000000000000e+01
4.300000000000000000e+01 1.180000000000000000e+02
4.200000000000000000e+01 1.810000000000000000e+02
4.100000000000000000e+01 2.290000000000000000e+02
4.000000000000000000e+01 3.120000000000000000e+02
3.900000000000000000e+01 3.400000000000000000e+02
3.800000000000000000e+01 4.060000000000000000e+02
3.700000000000000000e+01 4.730000000000000000e+02
3.600000000000000000e+01 4.780000000000000000e+02
3.500000000000000000e+01 6.140000000000000000e+02
3.400000000000000000e+01 7.620000000000000000e+02
3.300000000000000000e+01 8.430000000000000000e+02
3.200000000000000000e+01 9.800000000000000000e+02
3.100000000000000000e+01 9.240000000000000000e+02
3.000000000000000000e+01 9.320000000000000000e+02
2.900000000000000000e+01 8.030000000000000000e+02
2.800000000000000000e+01 9.350000000000000000e+02
2.700000000000000000e+01 1.419000000000000000e+03
2.600000000000000000e+01 1.520000000000000000e+03
2.500000000000000000e+01 1.166000000000000000e+03
2.400000000000000000e+01 1.055000000000000000e+03
2.300000000000000000e+01 1.469000000000000000e+03
2.200000000000000000e+01 1.551000000000000000e+03
2.100000000000000000e+01 1.406000000000000000e+03
2.000000000000000000e+01 1.350000000000000000e+03
1.900000000000000000e+01 1.409000000000000000e+03
1.800000000000000000e+01 1.185000000000000000e+03
1.700000000000000000e+01 1.384000000000000000e+03
1.600000000000000000e+01 1.779000000000000000e+03
1.500000000000000000e+01 1.858000000000000000e+03
1.400000000000000000e+01 1.744000000000000000e+03
1.300000000000000000e+01 1.958000000000000000e+03
1.200000000000000000e+01 1.617000000000000000e+03
1.100000000000000000e+01 1.203000000000000000e+03
1.000000000000000000e+01 1.317000000000000000e+03
9.000000000000000000e+00 1.534000000000000000e+03
8.000000000000000000e+00 1.570000000000000000e+03
7.000000000000000000e+00 1.635000000000000000e+03
6.000000000000000000e+00 1.731000000000000000e+03
5.000000000000000000e+00 1.601000000000000000e+03
4.000000000000000000e+00 1.317000000000000000e+03
3.000000000000000000e+00 1.213000000000000000e+03
2.000000000000000000e+00 1.252000000000000000e+03
1.000000000000000000e+00 1.299000000000000000e+03
