1.043000000000000000e+03 0.000000000000000000e+00
1.042000000000000000e+03 0.000000000000000000e+00
1.041000000000000000e+03 0.000000000000000000e+00
1.040000000000000000e+03 0.000000000000000000e+00
1.039000000000000000e+03 0.000000000000000000e+00
1.038000000000000000e+03 0.000000000000000000e+00
1.037000000000000000e+03 0.000000000000000000e+00
1.036000000000000000e+03 0.000000000000000000e+00
1.035000000000000000e+03 0.000000000000000000e+00
1.034000000000000000e+03 0.000000000000000000e+00
1.033000000000000000e+03 0.000000000000000000e+00
1.032000000000000000e+03 0.000000000000000000e+00
1.031000000000000000e+03 0.000000000000000000e+00
1.030000000000000000e+03 0.000000000000000000e+00
1.029000000000000000e+03 0.000000000000000000e+00
1.028000000000000000e+03 0.000000000000000000e+00
1.027000000000000000e+03 1.000000000000000000e+00
1.026000000000000000e+03 0.000000000000000000e+00
1.025000000000000000e+03 0.000000000000000000e+00
1.024000000000000000e+03 0.000000000000000000e+00
1.023000000000000000e+03 0.000000000000000000e+00
1.022000000000000000e+03 0.000000000000000000e+00
1.021000000000000000e+03 0.000000000000000000e+00
1.020000000000000000e+03 0.000000000000000000e+00
1.019000000000000000e+03 0.000000000000000000e+00
1.018000000000000000e+03 0.000000000000000000e+00
1.017000000000000000e+03 0.000000000000000000e+00
1.016000000000000000e+03 0.000000000000000000e+00
1.015000000000000000e+03 0.000000000000000000e+00
1.014000000000000000e+03 0.000000000000000000e+00
1.013000000000000000e+03 0.000000000000000000e+00
1.012000000000000000e+03 0.000000000000000000e+00
1.011000000000000000e+03 0.000000000000000000e+00
1.010000000000000000e+03 0.000000000000000000e+00
1.009000000000000000e+03 1.000000000000000000e+00
1.008000000000000000e+03 1.000000000000000000e+00
1.007000000000000000e+03 0.000000000000000000e+00
1.006000000000000000e+03 0.000000000000000000e+00
1.005000000000000000e+03 0.000000000000000000e+00
1.004000000000000000e+03 0.000000000000000000e+00
1.003000000000000000e+03 0.000000000000000000e+00
1.002000000000000000e+03 0.000000000000000000e+00
1.001000000000000000e+03 0.000000000000000000e+00
1.000000000000000000e+03 0.000000000000000000e+00
9.990000000000000000e+02 0.000000000000000000e+00
9.980000000000000000e+02 0.000000000000000000e+00
9.970000000000000000e+02 0.000000000000000000e+00
9.960000000000000000e+02 0.000000000000000000e+00
9.950000000000000000e+02 0.000000000000000000e+00
9.940000000000000000e+02 0.000000000000000000e+00
9.930000000000000000e+02 0.000000000000000000e+00
9.920000000000000000e+02 1.000000000000000000e+00
9.910000000000000000e+02 0.000000000000000000e+00
9.900000000000000000e+02 0.000000000000000000e+00
9.890000000000000000e+02 0.000000000000000000e+00
9.880000000000000000e+02 0.000000000000000000e+00
9.870000000000000000e+02 0.000000000000000000e+00
9.860000000000000000e+02 0.000000000000000000e+00
9.850000000000000000e+02 0.000000000000000000e+00
9.840000000000000000e+02 1.000000000000000000e+00
9.830000000000000000e+02 0.000000000000000000e+00
9.820000000000000000e+02 0.000000000000000000e+00
9.810000000000000000e+02 0.000000000000000000e+00
9.800000000000000000e+02 0.000000000000000000e+00
9.790000000000000000e+02 0.000000000000000000e+00
9.780000000000000000e+02 0.000000000000000000e+00
9.770000000000000000e+02 0.000000000000000000e+00
9.760000000000000000e+02 0.000000000000000000e+00
9.750000000000000000e+02 0.000000000000000000e+00
9.740000000000000000e+02 0.000000000000000000e+00
9.730000000000000000e+02 0.000000000000000000e+00
9.720000000000000000e+02 0.000000000000000000e+00
9.710000000000000000e+02 0.000000000000000000e+00
9.700000000000000000e+02 0.000000000000000000e+00
9.690000000000000000e+02 0.000000000000000000e+00
9.680000000000000000e+02 0.000000000000000000e+00
9.670000000000000000e+02 0.000000000000000000e+00
9.660000000000000000e+02 0.000000000000000000e+00
9.650000000000000000e+02 0.000000000000000000e+00
9.640000000000000000e+02 0.000000000000000000e+00
9.630000000000000000e+02 0.000000000000000000e+00
9.620000000000000000e+02 0.000000000000000000e+00
9.610000000000000000e+02 1.000000000000000000e+00
9.600000000000000000e+02 0.000000000000000000e+00
9.590000000000000000e+02 0.000000000000000000e+00
9.580000000000000000e+02 0.000000000000000000e+00
9.570000000000000000e+02 0.000000000000000000e+00
9.560000000000000000e+02 0.000000000000000000e+00
9.550000000000000000e+02 0.000000000000000000e+00
9.540000000000000000e+02 0.000000000000000000e+00
9.530000000000000000e+02 1.000000000000000000e+00
9.520000000000000000e+02 0.000000000000000000e+00
9.510000000000000000e+02 0.000000000000000000e+00
9.500000000000000000e+02 1.000000000000000000e+00
9.490000000000000000e+02 0.000000000000000000e+00
9.480000000000000000e+02 0.000000000000000000e+00
9.470000000000000000e+02 1.000000000000000000e+00
9.460000000000000000e+02 1.000000000000000000e+00
9.450000000000000000e+02 0.000000000000000000e+00
9.440000000000000000e+02 0.000000000000000000e+00
9.430000000000000000e+02 0.000000000000000000e+00
9.420000000000000000e+02 2.000000000000000000e+00
9.410000000000000000e+02 0.000000000000000000e+00
9.400000000000000000e+02 2.000000000000000000e+00
9.390000000000000000e+02 2.000000000000000000e+00
9.380000000000000000e+02 1.000000000000000000e+00
9.370000000000000000e+02 0.000000000000000000e+00
9.360000000000000000e+02 3.000000000000000000e+00
9.350000000000000000e+02 1.000000000000000000e+00
9.340000000000000000e+02 1.000000000000000000e+00
9.330000000000000000e+02 1.000000000000000000e+00
9.320000000000000000e+02 3.000000000000000000e+00
9.310000000000000000e+02 1.000000000000000000e+00
9.300000000000000000e+02 2.000000000000000000e+00
9.290000000000000000e+02 1.000000000000000000e+00
9.280000000000000000e+02 2.000000000000000000e+00
9.270000000000000000e+02 2.000000000000000000e+00
9.260000000000000000e+02 3.000000000000000000e+00
9.250000000000000000e+02 4.000000000000000000e+00
9.240000000000000000e+02 1.000000000000000000e+00
9.230000000000000000e+02 1.000000000000000000e+00
9.220000000000000000e+02 0.000000000000000000e+00
9.210000000000000000e+02 0.000000000000000000e+00
9.200000000000000000e+02 0.000000000000000000e+00
9.190000000000000000e+02 1.000000000000000000e+00
9.180000000000000000e+02 1.000000000000000000e+00
9.170000000000000000e+02 0.000000000000000000e+00
9.160000000000000000e+02 1.000000000000000000e+00
9.150000000000000000e+02 0.000000000000000000e+00
9.140000000000000000e+02 1.000000000000000000e+00
9.130000000000000000e+02 0.000000000000000000e+00
9.120000000000000000e+02 0.000000000000000000e+00
9.110000000000000000e+02 0.000000000000000000e+00
9.100000000000000000e+02 0.000000000000000000e+00
9.090000000000000000e+02 1.000000000000000000e+00
9.080000000000000000e+02 0.000000000000000000e+00
9.070000000000000000e+02 0.000000000000000000e+00
9.060000000000000000e+02 0.000000000000000000e+00
9.050000000000000000e+02 0.000000000000000000e+00
9.040000000000000000e+02 0.000000000000000000e+00
9.030000000000000000e+02 0.000000000000000000e+00
9.020000000000000000e+02 0.000000000000000000e+00
9.010000000000000000e+02 0.000000000000000000e+00
9.000000000000000000e+02 0.000000000000000000e+00
8.990000000000000000e+02 0.000000000000000000e+00
8.980000000000000000e+02 0.000000000000000000e+00
8.970000000000000000e+02 0.000000000000000000e+00
8.960000000000000000e+02 1.000000000000000000e+00
8.950000000000000000e+02 0.000000000000000000e+00
8.940000000000000000e+02 0.000000000000000000e+00
8.930000000000000000e+02 1.000000000000000000e+00
8.920000000000000000e+02 0.000000000000000000e+00
8.910000000000000000e+02 0.000000000000000000e+00
8.900000000000000000e+02 0.000000000000000000e+00
8.890000000000000000e+02 0.000000000000000000e+00
8.880000000000000000e+02 0.000000000000000000e+00
8.870000000000000000e+02 2.000000000000000000e+00
8.860000000000000000e+02 0.000000000000000000e+00
8.850000000000000000e+02 1.000000000000000000e+00
8.840000000000000000e+02 1.000000000000000000e+00
8.830000000000000000e+02 0.000000000000000000e+00
8.820000000000000000e+02 2.000000000000000000e+00
8.810000000000000000e+02 0.000000000000000000e+00
8.800000000000000000e+02 1.000000000000000000e+00
8.790000000000000000e+02 3.000000000000000000e+00
8.780000000000000000e+02 0.000000000000000000e+00
8.770000000000000000e+02 3.000000000000000000e+00
8.760000000000000000e+02 2.000000000000000000e+00
8.750000000000000000e+02 1.000000000000000000e+00
8.740000000000000000e+02 2.000000000000000000e+00
8.730000000000000000e+02 1.000000000000000000e+00
8.720000000000000000e+02 4.000000000000000000e+00
8.710000000000000000e+02 4.000000000000000000e+00
8.700000000000000000e+02 3.000000000000000000e+00
8.690000000000000000e+02 7.000000000000000000e+00
8.680000000000000000e+02 5.000000000000000000e+00
8.670000000000000000e+02 2.000000000000000000e+00
8.660000000000000000e+02 6.000000000000000000e+00
8.650000000000000000e+02 4.000000000000000000e+00
8.640000000000000000e+02 8.000000000000000000e+00
8.630000000000000000e+02 7.000000000000000000e+00
8.620000000000000000e+02 1.000000000000000000e+01
8.610000000000000000e+02 5.000000000000000000e+00
8.600000000000000000e+02 6.000000000000000000e+00
8.590000000000000000e+02 6.000000000000000000e+00
8.580000000000000000e+02 3.000000000000000000e+00
8.570000000000000000e+02 5.000000000000000000e+00
8.560000000000000000e+02 6.000000000000000000e+00
8.550000000000000000e+02 1.100000000000000000e+01
8.540000000000000000e+02 1.300000000000000000e+01
8.530000000000000000e+02 6.000000000000000000e+00
8.520000000000000000e+02 9.000000000000000000e+00
8.510000000000000000e+02 1.500000000000000000e+01
8.500000000000000000e+02 8.000000000000000000e+00
8.490000000000000000e+02 4.000000000000000000e+00
8.480000000000000000e+02 -1.000000000000000000e+00
8.470000000000000000e+02 -1.000000000000000000e+00
8.460000000000000000e+02 -1.000000000000000000e+00
8.450000000000000000e+02 -1.000000000000000000e+00
8.440000000000000000e+02 -1.000000000000000000e+00
8.430000000000000000e+02 -1.000000000000000000e+00
8.420000000000000000e+02 -1.000000000000000000e+00
8.410000000000000000e+02 -1.000000000000000000e+00
8.400000000000000000e+02 -1.000000000000000000e+00
8.390000000000000000e+02 -1.000000000000000000e+00
8.380000000000000000e+02 -1.000000000000000000e+00
8.370000000000000000e+02 -1.000000000000000000e+00
8.360000000000000000e+02 -1.000000000000000000e+00
8.350000000000000000e+02 -1.000000000000000000e+00
8.340000000000000000e+02 -1.000000000000000000e+00
8.330000000000000000e+02 -1.000000000000000000e+00
8.320000000000000000e+02 -1.000000000000000000e+00
8.310000000000000000e+02 4.860000000000000000e+02
8.300000000000000000e+02 4.050000000000000000e+02
8.290000000000000000e+02 3.640000000000000000e+02
8.280000000000000000e+02 4.030000000000000000e+02
8.270000000000000000e+02 3.670000000000000000e+02
8.260000000000000000e+02 3.590000000000000000e+02
8.250000000000000000e+02 3.530000000000000000e+02
8.240000000000000000e+02 3.370000000000000000e+02
8.230000000000000000e+02 2.900000000000000000e+02
8.220000000000000000e+02 2.820000000000000000e+02
8.210000000000000000e+02 2.810000000000000000e+02
8.200000000000000000e+02 2.470000000000000000e+02
8.190000000000000000e+02 2.320000000000000000e+02
8.180000000000000000e+02 2.380000000000000000e+02
8.170000000000000000e+02 2.710000000000000000e+02
8.160000000000000000e+02 2.940000000000000000e+02
8.150000000000000000e+02 2.900000000000000000e+02
8.140000000000000000e+02 3.150000000000000000e+02
8.130000000000000000e+02 3.470000000000000000e+02
8.120000000000000000e+02 3.080000000000000000e+02
8.110000000000000000e+02 3.400000000000000000e+02
8.100000000000000000e+02 3.810000000000000000e+02
8.090000000000000000e+02 4.300000000000000000e+02
8.080000000000000000e+02 4.570000000000000000e+02
8.070000000000000000e+02 5.190000000000000000e+02
8.060000000000000000e+02 5.990000000000000000e+02
8.050000000000000000e+02 6.870000000000000000e+02
8.040000000000000000e+02 7.340000000000000000e+02
8.030000000000000000e+02 7.770000000000000000e+02
8.020000000000000000e+02 9.210000000000000000e+02
8.010000000000000000e+02 8.530000000000000000e+02
8.000000000000000000e+02 7.710000000000000000e+02
7.990000000000000000e+02 8.270000000000000000e+02
7.980000000000000000e+02 1.021000000000000000e+03
7.970000000000000000e+02 1.134000000000000000e+03
7.960000000000000000e+02 1.138000000000000000e+03
7.950000000000000000e+02 1.206000000000000000e+03
7.940000000000000000e+02 1.313000000000000000e+03
7.930000000000000000e+02 1.484000000000000000e+03
7.920000000000000000e+02 1.664000000000000000e+03
7.910000000000000000e+02 1.722000000000000000e+03
7.900000000000000000e+02 1.402000000000000000e+03
7.890000000000000000e+02 1.257000000000000000e+03
7.880000000000000000e+02 1.267000000000000000e+03
7.870000000000000000e+02 1.413000000000000000e+03
7.860000000000000000e+02 1.689000000000000000e+03
7.850000000000000000e+02 2.080000000000000000e+03
7.840000000000000000e+02 1.922000000000000000e+03
7.830000000000000000e+02 1.995000000000000000e+03
7.820000000000000000e+02 2.329000000000000000e+03
7.810000000000000000e+02 2.295000000000000000e+03
7.800000000000000000e+02 1.858000000000000000e+03
7.790000000000000000e+02 1.727000000000000000e+03
7.780000000000000000e+02 1.869000000000000000e+03
7.770000000000000000e+02 2.300000000000000000e+03
7.760000000000000000e+02 2.204000000000000000e+03
7.750000000000000000e+02 2.207000000000000000e+03
7.740000000000000000e+02 2.435000000000000000e+03
7.730000000000000000e+02 2.470000000000000000e+03
7.720000000000000000e+02 2.273000000000000000e+03
7.710000000000000000e+02 2.114000000000000000e+03
7.700000000000000000e+02 2.175000000000000000e+03
7.690000000000000000e+02 2.357000000000000000e+03
7.680000000000000000e+02 2.070000000000000000e+03
7.670000000000000000e+02 1.837000000000000000e+03
7.660000000000000000e+02 1.823000000000000000e+03
7.650000000000000000e+02 2.027000000000000000e+03
7.640000000000000000e+02 2.106000000000000000e+03
7.630000000000000000e+02 1.903000000000000000e+03
7.620000000000000000e+02 1.734000000000000000e+03
7.610000000000000000e+02 1.776000000000000000e+03
7.600000000000000000e+02 1.897000000000000000e+03
7.590000000000000000e+02 1.830000000000000000e+03
7.580000000000000000e+02 1.529000000000000000e+03
7.570000000000000000e+02 1.443000000000000000e+03
7.560000000000000000e+02 1.337000000000000000e+03
7.550000000000000000e+02 1.303000000000000000e+03
7.540000000000000000e+02 1.313000000000000000e+03
7.530000000000000000e+02 1.263000000000000000e+03
7.520000000000000000e+02 1.235000000000000000e+03
7.510000000000000000e+02 1.066000000000000000e+03
7.500000000000000000e+02 9.740000000000000000e+02
7.490000000000000000e+02 1.019000000000000000e+03
7.480000000000000000e+02 1.104000000000000000e+03
7.470000000000000000e+02 9.270000000000000000e+02
7.460000000000000000e+02 7.590000000000000000e+02
7.450000000000000000e+02 7.760000000000000000e+02
7.440000000000000000e+02 8.100000000000000000e+02
7.430000000000000000e+02 6.960000000000000000e+02
7.420000000000000000e+02 5.800000000000000000e+02
7.410000000000000000e+02 4.520000000000000000e+02
7.400000000000000000e+02 4.840000000000000000e+02
7.390000000000000000e+02 4.970000000000000000e+02
7.380000000000000000e+02 4.600000000000000000e+02
7.370000000000000000e+02 4.900000000000000000e+02
7.360000000000000000e+02 5.590000000000000000e+02
7.350000000000000000e+02 5.250000000000000000e+02
7.340000000000000000e+02 4.890000000000000000e+02
7.330000000000000000e+02 4.530000000000000000e+02
7.320000000000000000e+02 4.970000000000000000e+02
7.310000000000000000e+02 5.760000000000000000e+02
7.300000000000000000e+02 6.920000000000000000e+02
7.290000000000000000e+02 6.260000000000000000e+02
7.280000000000000000e+02 6.430000000000000000e+02
7.270000000000000000e+02 7.200000000000000000e+02
7.260000000000000000e+02 7.440000000000000000e+02
7.250000000000000000e+02 9.640000000000000000e+02
7.240000000000000000e+02 9.840000000000000000e+02
7.230000000000000000e+02 9.600000000000000000e+02
7.220000000000000000e+02 1.100000000000000000e+03
7.210000000000000000e+02 1.389000000000000000e+03
7.200000000000000000e+02 1.689000000000000000e+03
7.190000000000000000e+02 1.495000000000000000e+03
7.180000000000000000e+02 1.406000000000000000e+03
7.170000000000000000e+02 1.674000000000000000e+03
7.160000000000000000e+02 1.762000000000000000e+03
7.150000000000000000e+02 1.743000000000000000e+03
7.140000000000000000e+02 1.863000000000000000e+03
7.130000000000000000e+02 2.195000000000000000e+03
7.120000000000000000e+02 2.316000000000000000e+03
7.110000000000000000e+02 2.694000000000000000e+03
7.100000000000000000e+02 2.918000000000000000e+03
7.090000000000000000e+02 2.581000000000000000e+03
7.080000000000000000e+02 2.959000000000000000e+03
7.070000000000000000e+02 3.300000000000000000e+03
7.060000000000000000e+02 2.993000000000000000e+03
7.050000000000000000e+02 2.629000000000000000e+03
7.040000000000000000e+02 2.842000000000000000e+03
7.030000000000000000e+02 2.830000000000000000e+03
7.020000000000000000e+02 3.218000000000000000e+03
7.010000000000000000e+02 3.686000000000000000e+03
7.000000000000000000e+02 4.124000000000000000e+03
6.990000000000000000e+02 3.725000000000000000e+03
6.980000000000000000e+02 3.546000000000000000e+03
6.970000000000000000e+02 3.647000000000000000e+03
6.960000000000000000e+02 3.693000000000000000e+03
6.950000000000000000e+02 3.422000000000000000e+03
6.940000000000000000e+02 3.733000000000000000e+03
6.930000000000000000e+02 3.983000000000000000e+03
6.920000000000000000e+02 3.814000000000000000e+03
6.910000000000000000e+02 3.335000000000000000e+03
6.900000000000000000e+02 3.290000000000000000e+03
6.890000000000000000e+02 3.448000000000000000e+03
6.880000000000000000e+02 3.577000000000000000e+03
6.870000000000000000e+02 4.213000000000000000e+03
6.860000000000000000e+02 3.545000000000000000e+03
6.850000000000000000e+02 3.145000000000000000e+03
6.840000000000000000e+02 3.224000000000000000e+03
6.830000000000000000e+02 3.347000000000000000e+03
6.820000000000000000e+02 3.575000000000000000e+03
6.810000000000000000e+02 2.850000000000000000e+03
6.800000000000000000e+02 2.423000000000000000e+03
6.790000000000000000e+02 2.273000000000000000e+03
6.780000000000000000e+02 2.177000000000000000e+03
6.770000000000000000e+02 2.115000000000000000e+03
6.760000000000000000e+02 2.197000000000000000e+03
6.750000000000000000e+02 2.039000000000000000e+03
6.740000000000000000e+02 2.124000000000000000e+03
6.730000000000000000e+02 1.909000000000000000e+03
6.720000000000000000e+02 2.008000000000000000e+03
6.710000000000000000e+02 1.963000000000000000e+03
6.700000000000000000e+02 1.480000000000000000e+03
6.690000000000000000e+02 1.280000000000000000e+03
6.680000000000000000e+02 1.254000000000000000e+03
6.670000000000000000e+02 1.070000000000000000e+03
6.660000000000000000e+02 9.270000000000000000e+02
6.650000000000000000e+02 7.610000000000000000e+02
6.640000000000000000e+02 6.600000000000000000e+02
6.630000000000000000e+02 6.170000000000000000e+02
6.620000000000000000e+02 6.190000000000000000e+02
6.610000000000000000e+02 5.000000000000000000e+02
6.600000000000000000e+02 4.580000000000000000e+02
6.590000000000000000e+02 4.050000000000000000e+02
6.580000000000000000e+02 3.210000000000000000e+02
6.570000000000000000e+02 3.580000000000000000e+02
6.560000000000000000e+02 3.650000000000000000e+02
6.550000000000000000e+02 3.640000000000000000e+02
6.540000000000000000e+02 3.870000000000000000e+02
6.530000000000000000e+02 3.830000000000000000e+02
6.520000000000000000e+02 3.990000000000000000e+02
6.510000000000000000e+02 4.290000000000000000e+02
6.500000000000000000e+02 4.560000000000000000e+02
6.490000000000000000e+02 5.330000000000000000e+02
6.480000000000000000e+02 6.480000000000000000e+02
6.470000000000000000e+02 6.800000000000000000e+02
6.460000000000000000e+02 7.990000000000000000e+02
6.450000000000000000e+02 8.730000000000000000e+02
6.440000000000000000e+02 1.036000000000000000e+03
6.430000000000000000e+02 1.264000000000000000e+03
6.420000000000000000e+02 1.491000000000000000e+03
6.410000000000000000e+02 1.793000000000000000e+03
6.400000000000000000e+02 1.845000000000000000e+03
6.390000000000000000e+02 1.941000000000000000e+03
6.380000000000000000e+02 2.004000000000000000e+03
6.370000000000000000e+02 2.057000000000000000e+03
6.360000000000000000e+02 -1.000000000000000000e+00
6.350000000000000000e+02 -1.000000000000000000e+00
6.340000000000000000e+02 -1.000000000000000000e+00
6.330000000000000000e+02 -1.000000000000000000e+00
6.320000000000000000e+02 -1.000000000000000000e+00
6.310000000000000000e+02 -1.000000000000000000e+00
6.300000000000000000e+02 -1.000000000000000000e+00
6.290000000000000000e+02 -1.000000000000000000e+00
6.280000000000000000e+02 -1.000000000000000000e+00
6.270000000000000000e+02 -1.000000000000000000e+00
6.260000000000000000e+02 -1.000000000000000000e+00
6.250000000000000000e+02 -1.000000000000000000e+00
6.240000000000000000e+02 -1.000000000000000000e+00
6.230000000000000000e+02 -1.000000000000000000e+00
6.220000000000000000e+02 -1.000000000000000000e+00
6.210000000000000000e+02 -1.000000000000000000e+00
6.200000000000000000e+02 -1.000000000000000000e+00
6.190000000000000000e+02 4.923000000000000000e+03
6.180000000000000000e+02 5.395000000000000000e+03
6.170000000000000000e+02 5.781000000000000000e+03
6.160000000000000000e+02 5.621000000000000000e+03
6.150000000000000000e+02 5.324000000000000000e+03
6.140000000000000000e+02 4.862000000000000000e+03
6.130000000000000000e+02 5.266000000000000000e+03
6.120000000000000000e+02 5.329000000000000000e+03
6.110000000000000000e+02 5.713000000000000000e+03
6.100000000000000000e+02 6.032000000000000000e+03
6.090000000000000000e+02 5.854000000000000000e+03
6.080000000000000000e+02 5.264000000000000000e+03
6.070000000000000000e+02 4.925000000000000000e+03
6.060000000000000000e+02 5.076000000000000000e+03
6.050000000000000000e+02 4.761000000000000000e+03
6.040000000000000000e+02 4.335000000000000000e+03
6.030000000000000000e+02 4.194000000000000000e+03
6.020000000000000000e+02 4.373000000000000000e+03
6.010000000000000000e+02 4.460000000000000000e+03
6.000000000000000000e+02 4.795000000000000000e+03
5.990000000000000000e+02 5.044000000000000000e+03
5.980000000000000000e+02 5.050000000000000000e+03
5.970000000000000000e+02 5.259000000000000000e+03
5.960000000000000000e+02 4.637000000000000000e+03
5.950000000000000000e+02 4.043000000000000000e+03
5.940000000000000000e+02 3.530000000000000000e+03
5.930000000000000000e+02 3.085000000000000000e+03
5.920000000000000000e+02 3.112000000000000000e+03
5.910000000000000000e+02 2.984000000000000000e+03
5.900000000000000000e+02 2.589000000000000000e+03
5.890000000000000000e+02 2.394000000000000000e+03
5.880000000000000000e+02 2.328000000000000000e+03
5.870000000000000000e+02 2.128000000000000000e+03
5.860000000000000000e+02 2.219000000000000000e+03
5.850000000000000000e+02 2.338000000000000000e+03
5.840000000000000000e+02 2.417000000000000000e+03
5.830000000000000000e+02 2.245000000000000000e+03
5.820000000000000000e+02 2.154000000000000000e+03
5.810000000000000000e+02 1.662000000000000000e+03
5.800000000000000000e+02 1.489000000000000000e+03
5.790000000000000000e+02 1.635000000000000000e+03
5.780000000000000000e+02 1.619000000000000000e+03
5.770000000000000000e+02 1.809000000000000000e+03
5.760000000000000000e+02 1.969000000000000000e+03
5.750000000000000000e+02 2.005000000000000000e+03
5.740000000000000000e+02 2.327000000000000000e+03
5.730000000000000000e+02 2.656000000000000000e+03
5.720000000000000000e+02 2.847000000000000000e+03
5.710000000000000000e+02 3.109000000000000000e+03
5.700000000000000000e+02 3.227000000000000000e+03
5.690000000000000000e+02 3.555000000000000000e+03
5.680000000000000000e+02 4.061000000000000000e+03
5.670000000000000000e+02 4.580000000000000000e+03
5.660000000000000000e+02 5.144000000000000000e+03
5.650000000000000000e+02 5.513000000000000000e+03
5.640000000000000000e+02 5.917000000000000000e+03
5.630000000000000000e+02 6.334000000000000000e+03
5.620000000000000000e+02 7.001000000000000000e+03
5.610000000000000000e+02 7.950000000000000000e+03
5.600000000000000000e+02 8.173000000000000000e+03
5.590000000000000000e+02 9.021000000000000000e+03
5.580000000000000000e+02 9.232000000000000000e+03
5.570000000000000000e+02 8.869000000000000000e+03
5.560000000000000000e+02 8.980000000000000000e+03
5.550000000000000000e+02 9.250000000000000000e+03
5.540000000000000000e+02 9.365000000000000000e+03
5.530000000000000000e+02 8.706000000000000000e+03
5.520000000000000000e+02 8.613000000000000000e+03
5.510000000000000000e+02 8.579000000000000000e+03
5.500000000000000000e+02 8.240000000000000000e+03
5.490000000000000000e+02 8.600000000000000000e+03
5.480000000000000000e+02 1.044800000000000000e+04
5.470000000000000000e+02 1.180500000000000000e+04
5.460000000000000000e+02 1.397400000000000000e+04
5.450000000000000000e+02 1.519200000000000000e+04
5.440000000000000000e+02 1.500900000000000000e+04
5.430000000000000000e+02 1.485900000000000000e+04
5.420000000000000000e+02 1.457000000000000000e+04
5.410000000000000000e+02 1.467100000000000000e+04
5.400000000000000000e+02 1.335300000000000000e+04
5.390000000000000000e+02 1.216200000000000000e+04
5.380000000000000000e+02 1.216500000000000000e+04
5.370000000000000000e+02 1.142700000000000000e+04
5.360000000000000000e+02 1.098700000000000000e+04
5.350000000000000000e+02 1.124100000000000000e+04
5.340000000000000000e+02 1.224500000000000000e+04
5.330000000000000000e+02 1.171500000000000000e+04
5.320000000000000000e+02 1.160300000000000000e+04
5.310000000000000000e+02 1.208700000000000000e+04
5.300000000000000000e+02 1.169100000000000000e+04
5.290000000000000000e+02 1.210700000000000000e+04
5.280000000000000000e+02 1.327000000000000000e+04
5.270000000000000000e+02 1.398300000000000000e+04
5.260000000000000000e+02 1.439600000000000000e+04
5.250000000000000000e+02 1.461600000000000000e+04
5.240000000000000000e+02 1.403900000000000000e+04
5.230000000000000000e+02 1.171600000000000000e+04
5.220000000000000000e+02 1.116900000000000000e+04
5.210000000000000000e+02 1.061200000000000000e+04
5.200000000000000000e+02 1.130500000000000000e+04
5.190000000000000000e+02 1.177100000000000000e+04
5.180000000000000000e+02 1.187000000000000000e+04
5.170000000000000000e+02 1.182600000000000000e+04
5.160000000000000000e+02 1.172900000000000000e+04
5.150000000000000000e+02 1.088700000000000000e+04
5.140000000000000000e+02 1.027400000000000000e+04
5.130000000000000000e+02 1.046800000000000000e+04
5.120000000000000000e+02 1.002200000000000000e+04
5.110000000000000000e+02 9.834000000000000000e+03
5.100000000000000000e+02 9.382000000000000000e+03
5.090000000000000000e+02 8.620000000000000000e+03
5.080000000000000000e+02 7.909000000000000000e+03
5.070000000000000000e+02 7.449000000000000000e+03
5.060000000000000000e+02 7.090000000000000000e+03
5.050000000000000000e+02 7.483000000000000000e+03
5.040000000000000000e+02 6.861000000000000000e+03
5.030000000000000000e+02 7.033000000000000000e+03
5.020000000000000000e+02 6.706000000000000000e+03
5.010000000000000000e+02 7.440000000000000000e+03
5.000000000000000000e+02 7.138000000000000000e+03
4.990000000000000000e+02 7.841000000000000000e+03
4.980000000000000000e+02 8.541000000000000000e+03
4.970000000000000000e+02 9.829000000000000000e+03
4.960000000000000000e+02 1.021700000000000000e+04
4.950000000000000000e+02 1.093900000000000000e+04
4.940000000000000000e+02 1.095600000000000000e+04
4.930000000000000000e+02 1.129000000000000000e+04
4.920000000000000000e+02 1.058000000000000000e+04
4.910000000000000000e+02 1.043200000000000000e+04
4.900000000000000000e+02 1.102800000000000000e+04
4.890000000000000000e+02 1.154300000000000000e+04
4.880000000000000000e+02 1.128100000000000000e+04
4.870000000000000000e+02 1.162700000000000000e+04
4.860000000000000000e+02 1.180200000000000000e+04
4.850000000000000000e+02 1.139200000000000000e+04
4.840000000000000000e+02 1.073900000000000000e+04
4.830000000000000000e+02 9.507000000000000000e+03
4.820000000000000000e+02 8.481000000000000000e+03
4.810000000000000000e+02 7.713000000000000000e+03
4.800000000000000000e+02 7.889000000000000000e+03
4.790000000000000000e+02 7.421000000000000000e+03
4.780000000000000000e+02 7.813000000000000000e+03
4.770000000000000000e+02 7.570000000000000000e+03
4.760000000000000000e+02 7.116000000000000000e+03
4.750000000000000000e+02 6.435000000000000000e+03
4.740000000000000000e+02 5.904000000000000000e+03
4.730000000000000000e+02 4.905000000000000000e+03
4.720000000000000000e+02 4.149000000000000000e+03
4.710000000000000000e+02 3.552000000000000000e+03
4.700000000000000000e+02 2.577000000000000000e+03
4.690000000000000000e+02 1.887000000000000000e+03
4.680000000000000000e+02 1.445000000000000000e+03
4.670000000000000000e+02 1.179000000000000000e+03
4.660000000000000000e+02 1.246000000000000000e+03
4.650000000000000000e+02 1.781000000000000000e+03
4.640000000000000000e+02 2.338000000000000000e+03
4.630000000000000000e+02 3.088000000000000000e+03
4.620000000000000000e+02 4.323000000000000000e+03
4.610000000000000000e+02 5.020000000000000000e+03
4.600000000000000000e+02 5.679000000000000000e+03
4.590000000000000000e+02 6.115000000000000000e+03
4.580000000000000000e+02 5.786000000000000000e+03
4.570000000000000000e+02 5.453000000000000000e+03
4.560000000000000000e+02 4.763000000000000000e+03
4.550000000000000000e+02 5.652000000000000000e+03
4.540000000000000000e+02 6.592000000000000000e+03
4.530000000000000000e+02 6.503000000000000000e+03
4.520000000000000000e+02 7.381000000000000000e+03
4.510000000000000000e+02 7.706000000000000000e+03
4.500000000000000000e+02 8.011000000000000000e+03
4.490000000000000000e+02 8.396000000000000000e+03
4.480000000000000000e+02 7.368000000000000000e+03
4.470000000000000000e+02 6.481000000000000000e+03
4.460000000000000000e+02 5.916000000000000000e+03
4.450000000000000000e+02 6.084000000000000000e+03
4.440000000000000000e+02 6.609000000000000000e+03
4.430000000000000000e+02 6.974000000000000000e+03
4.420000000000000000e+02 7.697000000000000000e+03
4.410000000000000000e+02 9.892000000000000000e+03
4.400000000000000000e+02 1.147900000000000000e+04
4.390000000000000000e+02 1.321300000000000000e+04
4.380000000000000000e+02 1.431700000000000000e+04
4.370000000000000000e+02 1.476300000000000000e+04
4.360000000000000000e+02 1.401100000000000000e+04
4.350000000000000000e+02 1.287200000000000000e+04
4.340000000000000000e+02 1.128300000000000000e+04
4.330000000000000000e+02 9.682000000000000000e+03
4.320000000000000000e+02 6.294000000000000000e+03
4.310000000000000000e+02 4.902000000000000000e+03
4.300000000000000000e+02 5.098000000000000000e+03
4.290000000000000000e+02 6.538000000000000000e+03
4.280000000000000000e+02 9.757000000000000000e+03
4.270000000000000000e+02 1.370000000000000000e+04
4.260000000000000000e+02 1.775500000000000000e+04
4.250000000000000000e+02 2.008400000000000000e+04
4.240000000000000000e+02 -1.000000000000000000e+00
4.230000000000000000e+02 -1.000000000000000000e+00
4.220000000000000000e+02 -1.000000000000000000e+00
4.210000000000000000e+02 -1.000000000000000000e+00
4.200000000000000000e+02 -1.000000000000000000e+00
4.190000000000000000e+02 -1.000000000000000000e+00
4.180000000000000000e+02 -1.000000000000000000e+00
4.170000000000000000e+02 -1.000000000000000000e+00
4.160000000000000000e+02 -1.000000000000000000e+00
4.150000000000000000e+02 -1.000000000000000000e+00
4.140000000000000000e+02 -1.000000000000000000e+00
4.130000000000000000e+02 -1.000000000000000000e+00
4.120000000000000000e+02 -1.000000000000000000e+00
4.110000000000000000e+02 -1.000000000000000000e+00
4.100000000000000000e+02 -1.000000000000000000e+00
4.090000000000000000e+02 -1.000000000000000000e+00
4.080000000000000000e+02 -1.000000000000000000e+00
4.070000000000000000e+02 2.655300000000000000e+04
4.060000000000000000e+02 2.682800000000000000e+04
4.050000000000000000e+02 2.602600000000000000e+04
4.040000000000000000e+02 2.565500000000000000e+04
4.030000000000000000e+02 2.405100000000000000e+04
4.020000000000000000e+02 2.243100000000000000e+04
4.010000000000000000e+02 2.105300000000000000e+04
4.000000000000000000e+02 1.862500000000000000e+04
3.990000000000000000e+02 1.586900000000000000e+04
3.980000000000000000e+02 1.460200000000000000e+04
3.970000000000000000e+02 1.408100000000000000e+04
3.960000000000000000e+02 1.373100000000000000e+04
3.950000000000000000e+02 1.437500000000000000e+04
3.940000000000000000e+02 1.625700000000000000e+04
3.930000000000000000e+02 1.850700000000000000e+04
3.920000000000000000e+02 2.068100000000000000e+04
3.910000000000000000e+02 2.295700000000000000e+04
3.900000000000000000e+02 2.425700000000000000e+04
3.890000000000000000e+02 2.566100000000000000e+04
3.880000000000000000e+02 2.671700000000000000e+04
3.870000000000000000e+02 2.781400000000000000e+04
3.860000000000000000e+02 2.922600000000000000e+04
3.850000000000000000e+02 3.055600000000000000e+04
3.840000000000000000e+02 3.105700000000000000e+04
3.830000000000000000e+02 3.146800000000000000e+04
3.820000000000000000e+02 3.253700000000000000e+04
3.810000000000000000e+02 3.400200000000000000e+04
3.800000000000000000e+02 3.551600000000000000e+04
3.790000000000000000e+02 3.550100000000000000e+04
3.780000000000000000e+02 3.638600000000000000e+04
3.770000000000000000e+02 3.781600000000000000e+04
3.760000000000000000e+02 3.913400000000000000e+04
3.750000000000000000e+02 4.006900000000000000e+04
3.740000000000000000e+02 4.083700000000000000e+04
3.730000000000000000e+02 4.204500000000000000e+04
3.720000000000000000e+02 4.446600000000000000e+04
3.710000000000000000e+02 4.529200000000000000e+04
3.700000000000000000e+02 4.691900000000000000e+04
3.690000000000000000e+02 4.918100000000000000e+04
3.680000000000000000e+02 4.878900000000000000e+04
3.670000000000000000e+02 4.752300000000000000e+04
3.660000000000000000e+02 4.507600000000000000e+04
3.650000000000000000e+02 4.182300000000000000e+04
3.640000000000000000e+02 4.036500000000000000e+04
3.630000000000000000e+02 3.802500000000000000e+04
3.620000000000000000e+02 3.633500000000000000e+04
3.610000000000000000e+02 3.430000000000000000e+04
3.600000000000000000e+02 3.309700000000000000e+04
3.590000000000000000e+02 3.186600000000000000e+04
3.580000000000000000e+02 3.158600000000000000e+04
3.570000000000000000e+02 3.093200000000000000e+04
3.560000000000000000e+02 3.089900000000000000e+04
3.550000000000000000e+02 3.130600000000000000e+04
3.540000000000000000e+02 3.182300000000000000e+04
3.530000000000000000e+02 3.279500000000000000e+04
3.520000000000000000e+02 3.323400000000000000e+04
3.510000000000000000e+02 3.332100000000000000e+04
3.500000000000000000e+02 3.390000000000000000e+04
3.490000000000000000e+02 3.334200000000000000e+04
3.480000000000000000e+02 3.227300000000000000e+04
3.470000000000000000e+02 3.080000000000000000e+04
3.460000000000000000e+02 2.915300000000000000e+04
3.450000000000000000e+02 2.798200000000000000e+04
3.440000000000000000e+02 2.716500000000000000e+04
3.430000000000000000e+02 2.607000000000000000e+04
3.420000000000000000e+02 2.524400000000000000e+04
3.410000000000000000e+02 2.471300000000000000e+04
3.400000000000000000e+02 2.371700000000000000e+04
3.390000000000000000e+02 2.305400000000000000e+04
3.380000000000000000e+02 2.228000000000000000e+04
3.370000000000000000e+02 2.169700000000000000e+04
3.360000000000000000e+02 2.094600000000000000e+04
3.350000000000000000e+02 2.030900000000000000e+04
3.340000000000000000e+02 1.959100000000000000e+04
3.330000000000000000e+02 1.899400000000000000e+04
3.320000000000000000e+02 1.869300000000000000e+04
3.310000000000000000e+02 1.851300000000000000e+04
3.300000000000000000e+02 1.800900000000000000e+04
3.290000000000000000e+02 1.730900000000000000e+04
3.280000000000000000e+02 1.728800000000000000e+04
3.270000000000000000e+02 1.663600000000000000e+04
3.260000000000000000e+02 1.634400000000000000e+04
3.250000000000000000e+02 1.609900000000000000e+04
3.240000000000000000e+02 1.567500000000000000e+04
3.230000000000000000e+02 1.539000000000000000e+04
3.220000000000000000e+02 1.493000000000000000e+04
3.210000000000000000e+02 1.451200000000000000e+04
3.200000000000000000e+02 1.434900000000000000e+04
3.190000000000000000e+02 1.360600000000000000e+04
3.180000000000000000e+02 1.319600000000000000e+04
3.170000000000000000e+02 1.298200000000000000e+04
3.160000000000000000e+02 1.269000000000000000e+04
3.150000000000000000e+02 1.236400000000000000e+04
3.140000000000000000e+02 1.181900000000000000e+04
3.130000000000000000e+02 1.185800000000000000e+04
3.120000000000000000e+02 1.130800000000000000e+04
3.110000000000000000e+02 9.102000000000000000e+03
3.100000000000000000e+02 8.862000000000000000e+03
3.090000000000000000e+02 8.627000000000000000e+03
3.080000000000000000e+02 9.859000000000000000e+03
3.070000000000000000e+02 9.346000000000000000e+03
3.060000000000000000e+02 8.747000000000000000e+03
3.050000000000000000e+02 8.493000000000000000e+03
3.040000000000000000e+02 7.905000000000000000e+03
3.030000000000000000e+02 7.494000000000000000e+03
3.020000000000000000e+02 7.085000000000000000e+03
3.010000000000000000e+02 6.663000000000000000e+03
3.000000000000000000e+02 6.213000000000000000e+03
2.990000000000000000e+02 5.800000000000000000e+03
2.980000000000000000e+02 5.273000000000000000e+03
2.970000000000000000e+02 4.934000000000000000e+03
2.960000000000000000e+02 4.669000000000000000e+03
2.950000000000000000e+02 4.204000000000000000e+03
2.940000000000000000e+02 3.840000000000000000e+03
2.930000000000000000e+02 3.493000000000000000e+03
2.920000000000000000e+02 3.070000000000000000e+03
2.910000000000000000e+02 2.695000000000000000e+03
2.900000000000000000e+02 2.384000000000000000e+03
2.890000000000000000e+02 2.117000000000000000e+03
2.880000000000000000e+02 1.763000000000000000e+03
2.870000000000000000e+02 1.524000000000000000e+03
2.860000000000000000e+02 1.226000000000000000e+03
2.850000000000000000e+02 1.105000000000000000e+03
2.840000000000000000e+02 9.080000000000000000e+02
2.830000000000000000e+02 7.480000000000000000e+02
2.820000000000000000e+02 6.360000000000000000e+02
2.810000000000000000e+02 5.460000000000000000e+02
2.800000000000000000e+02 4.700000000000000000e+02
2.790000000000000000e+02 4.510000000000000000e+02
2.780000000000000000e+02 4.270000000000000000e+02
2.770000000000000000e+02 4.710000000000000000e+02
2.760000000000000000e+02 5.170000000000000000e+02
2.750000000000000000e+02 5.560000000000000000e+02
2.740000000000000000e+02 6.530000000000000000e+02
2.730000000000000000e+02 7.360000000000000000e+02
2.720000000000000000e+02 7.860000000000000000e+02
2.710000000000000000e+02 8.990000000000000000e+02
2.700000000000000000e+02 9.930000000000000000e+02
2.690000000000000000e+02 1.179000000000000000e+03
2.680000000000000000e+02 1.176000000000000000e+03
2.670000000000000000e+02 1.404000000000000000e+03
2.660000000000000000e+02 1.531000000000000000e+03
2.650000000000000000e+02 1.588000000000000000e+03
2.640000000000000000e+02 1.826000000000000000e+03
2.630000000000000000e+02 1.802000000000000000e+03
2.620000000000000000e+02 1.998000000000000000e+03
2.610000000000000000e+02 2.157000000000000000e+03
2.600000000000000000e+02 2.256000000000000000e+03
2.590000000000000000e+02 2.333000000000000000e+03
2.580000000000000000e+02 2.401000000000000000e+03
2.570000000000000000e+02 2.535000000000000000e+03
2.560000000000000000e+02 2.525000000000000000e+03
2.550000000000000000e+02 2.716000000000000000e+03
2.540000000000000000e+02 2.657000000000000000e+03
2.530000000000000000e+02 2.513000000000000000e+03
2.520000000000000000e+02 2.637000000000000000e+03
2.510000000000000000e+02 2.682000000000000000e+03
2.500000000000000000e+02 2.649000000000000000e+03
2.490000000000000000e+02 2.693000000000000000e+03
2.480000000000000000e+02 2.799000000000000000e+03
2.470000000000000000e+02 2.787000000000000000e+03
2.460000000000000000e+02 2.800000000000000000e+03
2.450000000000000000e+02 3.061000000000000000e+03
2.440000000000000000e+02 3.202000000000000000e+03
2.430000000000000000e+02 3.352000000000000000e+03
2.420000000000000000e+02 3.683000000000000000e+03
2.410000000000000000e+02 3.775000000000000000e+03
2.400000000000000000e+02 3.871000000000000000e+03
2.390000000000000000e+02 3.918000000000000000e+03
2.380000000000000000e+02 3.976000000000000000e+03
2.370000000000000000e+02 3.951000000000000000e+03
2.360000000000000000e+02 3.820000000000000000e+03
2.350000000000000000e+02 3.901000000000000000e+03
2.340000000000000000e+02 4.185000000000000000e+03
2.330000000000000000e+02 4.049000000000000000e+03
2.320000000000000000e+02 3.943000000000000000e+03
2.310000000000000000e+02 3.822000000000000000e+03
2.300000000000000000e+02 3.878000000000000000e+03
2.290000000000000000e+02 4.157000000000000000e+03
2.280000000000000000e+02 4.331000000000000000e+03
2.270000000000000000e+02 4.475000000000000000e+03
2.260000000000000000e+02 4.510000000000000000e+03
2.250000000000000000e+02 4.812000000000000000e+03
2.240000000000000000e+02 4.867000000000000000e+03
2.230000000000000000e+02 4.847000000000000000e+03
2.220000000000000000e+02 4.878000000000000000e+03
2.210000000000000000e+02 5.193000000000000000e+03
2.200000000000000000e+02 5.382000000000000000e+03
2.190000000000000000e+02 5.945000000000000000e+03
2.180000000000000000e+02 6.282000000000000000e+03
2.170000000000000000e+02 6.266000000000000000e+03
2.160000000000000000e+02 6.102000000000000000e+03
2.150000000000000000e+02 5.987000000000000000e+03
2.140000000000000000e+02 5.888000000000000000e+03
2.130000000000000000e+02 5.751000000000000000e+03
2.120000000000000000e+02 -1.000000000000000000e+00
2.110000000000000000e+02 -1.000000000000000000e+00
2.100000000000000000e+02 -1.000000000000000000e+00
2.090000000000000000e+02 -1.000000000000000000e+00
2.080000000000000000e+02 -1.000000000000000000e+00
2.070000000000000000e+02 -1.000000000000000000e+00
2.060000000000000000e+02 -1.000000000000000000e+00
2.050000000000000000e+02 -1.000000000000000000e+00
2.040000000000000000e+02 -1.000000000000000000e+00
2.030000000000000000e+02 -1.000000000000000000e+00
2.020000000000000000e+02 -1.000000000000000000e+00
2.010000000000000000e+02 -1.000000000000000000e+00
2.000000000000000000e+02 -1.000000000000000000e+00
1.990000000000000000e+02 -1.000000000000000000e+00
1.980000000000000000e+02 -1.000000000000000000e+00
1.970000000000000000e+02 -1.000000000000000000e+00
1.960000000000000000e+02 -1.000000000000000000e+00
1.950000000000000000e+02 6.416000000000000000e+03
1.940000000000000000e+02 6.715000000000000000e+03
1.930000000000000000e+02 7.119000000000000000e+03
1.920000000000000000e+02 7.109000000000000000e+03
1.910000000000000000e+02 6.996000000000000000e+03
1.900000000000000000e+02 6.798000000000000000e+03
1.890000000000000000e+02 7.014000000000000000e+03
1.880000000000000000e+02 7.551000000000000000e+03
1.870000000000000000e+02 7.857000000000000000e+03
1.860000000000000000e+02 8.028000000000000000e+03
1.850000000000000000e+02 8.334000000000000000e+03
1.840000000000000000e+02 8.205000000000000000e+03
1.830000000000000000e+02 8.788000000000000000e+03
1.820000000000000000e+02 8.472000000000000000e+03
1.810000000000000000e+02 8.100000000000000000e+03
1.800000000000000000e+02 8.282000000000000000e+03
1.790000000000000000e+02 8.457000000000000000e+03
1.780000000000000000e+02 8.040000000000000000e+03
1.770000000000000000e+02 7.404000000000000000e+03
1.760000000000000000e+02 6.784000000000000000e+03
1.750000000000000000e+02 6.627000000000000000e+03
1.740000000000000000e+02 6.084000000000000000e+03
1.730000000000000000e+02 5.767000000000000000e+03
1.720000000000000000e+02 5.553000000000000000e+03
1.710000000000000000e+02 5.681000000000000000e+03
1.700000000000000000e+02 5.420000000000000000e+03
1.690000000000000000e+02 5.335000000000000000e+03
1.680000000000000000e+02 5.418000000000000000e+03
1.670000000000000000e+02 5.270000000000000000e+03
1.660000000000000000e+02 5.394000000000000000e+03
1.650000000000000000e+02 5.469000000000000000e+03
1.640000000000000000e+02 5.792000000000000000e+03
1.630000000000000000e+02 5.759000000000000000e+03
1.620000000000000000e+02 5.830000000000000000e+03
1.610000000000000000e+02 5.983000000000000000e+03
1.600000000000000000e+02 5.962000000000000000e+03
1.590000000000000000e+02 6.650000000000000000e+03
1.580000000000000000e+02 7.307000000000000000e+03
1.570000000000000000e+02 7.850000000000000000e+03
1.560000000000000000e+02 8.110000000000000000e+03
1.550000000000000000e+02 8.685000000000000000e+03
1.540000000000000000e+02 8.449000000000000000e+03
1.530000000000000000e+02 8.253000000000000000e+03
1.520000000000000000e+02 7.484000000000000000e+03
1.510000000000000000e+02 6.060000000000000000e+03
1.500000000000000000e+02 5.328000000000000000e+03
1.490000000000000000e+02 5.023000000000000000e+03
1.480000000000000000e+02 4.587000000000000000e+03
1.470000000000000000e+02 4.496000000000000000e+03
1.460000000000000000e+02 4.324000000000000000e+03
1.450000000000000000e+02 4.187000000000000000e+03
1.440000000000000000e+02 4.210000000000000000e+03
1.430000000000000000e+02 4.239000000000000000e+03
1.420000000000000000e+02 4.570000000000000000e+03
1.410000000000000000e+02 4.324000000000000000e+03
1.400000000000000000e+02 4.448000000000000000e+03
1.390000000000000000e+02 4.773000000000000000e+03
1.380000000000000000e+02 4.671000000000000000e+03
1.370000000000000000e+02 4.754000000000000000e+03
1.360000000000000000e+02 5.298000000000000000e+03
1.350000000000000000e+02 5.226000000000000000e+03
1.340000000000000000e+02 4.778000000000000000e+03
1.330000000000000000e+02 4.350000000000000000e+03
1.320000000000000000e+02 4.387000000000000000e+03
1.310000000000000000e+02 4.406000000000000000e+03
1.300000000000000000e+02 3.849000000000000000e+03
1.290000000000000000e+02 3.630000000000000000e+03
1.280000000000000000e+02 3.470000000000000000e+03
1.270000000000000000e+02 3.582000000000000000e+03
1.260000000000000000e+02 3.378000000000000000e+03
1.250000000000000000e+02 3.446000000000000000e+03
1.240000000000000000e+02 3.950000000000000000e+03
1.230000000000000000e+02 4.645000000000000000e+03
1.220000000000000000e+02 5.183000000000000000e+03
1.210000000000000000e+02 5.050000000000000000e+03
1.200000000000000000e+02 5.313000000000000000e+03
1.190000000000000000e+02 5.045000000000000000e+03
1.180000000000000000e+02 4.295000000000000000e+03
1.170000000000000000e+02 2.956000000000000000e+03
1.160000000000000000e+02 2.477000000000000000e+03
1.150000000000000000e+02 2.280000000000000000e+03
1.140000000000000000e+02 2.080000000000000000e+03
1.130000000000000000e+02 1.906000000000000000e+03
1.120000000000000000e+02 1.810000000000000000e+03
1.110000000000000000e+02 1.732000000000000000e+03
1.100000000000000000e+02 1.632000000000000000e+03
1.090000000000000000e+02 1.596000000000000000e+03
1.080000000000000000e+02 1.525000000000000000e+03
1.070000000000000000e+02 1.608000000000000000e+03
1.060000000000000000e+02 1.595000000000000000e+03
1.050000000000000000e+02 2.298000000000000000e+03
1.040000000000000000e+02 1.979000000000000000e+03
1.030000000000000000e+02 1.550000000000000000e+03
1.020000000000000000e+02 1.464000000000000000e+03
1.010000000000000000e+02 1.453000000000000000e+03
1.000000000000000000e+02 1.464000000000000000e+03
9.900000000000000000e+01 1.755000000000000000e+03
9.800000000000000000e+01 8.760000000000000000e+02
9.700000000000000000e+01 0.000000000000000000e+00
9.600000000000000000e+01 1.944000000000000000e+03
9.500000000000000000e+01 1.737000000000000000e+03
9.400000000000000000e+01 1.560000000000000000e+03
9.300000000000000000e+01 1.370000000000000000e+03
9.200000000000000000e+01 1.274000000000000000e+03
9.100000000000000000e+01 1.712000000000000000e+03
9.000000000000000000e+01 1.611000000000000000e+03
8.900000000000000000e+01 1.745000000000000000e+03
8.800000000000000000e+01 1.794000000000000000e+03
8.700000000000000000e+01 1.947000000000000000e+03
8.600000000000000000e+01 1.971000000000000000e+03
8.500000000000000000e+01 2.580000000000000000e+03
8.400000000000000000e+01 2.281000000000000000e+03
8.300000000000000000e+01 2.577000000000000000e+03
8.200000000000000000e+01 2.838000000000000000e+03
8.100000000000000000e+01 2.428000000000000000e+03
8.000000000000000000e+01 1.840000000000000000e+03
7.900000000000000000e+01 1.651000000000000000e+03
7.800000000000000000e+01 1.143000000000000000e+03
7.700000000000000000e+01 8.820000000000000000e+02
7.600000000000000000e+01 8.160000000000000000e+02
7.500000000000000000e+01 8.110000000000000000e+02
7.400000000000000000e+01 8.430000000000000000e+02
7.300000000000000000e+01 8.970000000000000000e+02
7.200000000000000000e+01 9.550000000000000000e+02
7.100000000000000000e+01 8.600000000000000000e+02
7.000000000000000000e+01 8.730000000000000000e+02
6.900000000000000000e+01 8.260000000000000000e+02
6.800000000000000000e+01 1.068000000000000000e+03
6.700000000000000000e+01 1.063000000000000000e+03
6.600000000000000000e+01 1.305000000000000000e+03
6.500000000000000000e+01 1.113000000000000000e+03
6.400000000000000000e+01 1.185000000000000000e+03
6.300000000000000000e+01 9.800000000000000000e+02
6.200000000000000000e+01 1.125000000000000000e+03
6.100000000000000000e+01 1.106000000000000000e+03
6.000000000000000000e+01 1.151000000000000000e+03
5.900000000000000000e+01 1.041000000000000000e+03
5.800000000000000000e+01 7.740000000000000000e+02
5.700000000000000000e+01 5.880000000000000000e+02
5.600000000000000000e+01 5.390000000000000000e+02
5.500000000000000000e+01 5.880000000000000000e+02
5.400000000000000000e+01 8.730000000000000000e+02
5.300000000000000000e+01 1.116000000000000000e+03
5.200000000000000000e+01 1.080000000000000000e+03
5.100000000000000000e+01 9.730000000000000000e+02
5.000000000000000000e+01 9.540000000000000000e+02
4.900000000000000000e+01 8.080000000000000000e+02
4.800000000000000000e+01 8.540000000000000000e+02
4.700000000000000000e+01 7.530000000000000000e+02
4.600000000000000000e+01 5.680000000000000000e+02
4.500000000000000000e+01 5.000000000000000000e+02
4.400000000000000000e+01 4.770000000000000000e+02
4.300000000000000000e+01 6.130000000000000000e+02
4.200000000000000000e+01 7.080000000000000000e+02
4.100000000000000000e+01 5.690000000000000000e+02
4.000000000000000000e+01 8.630000000000000000e+02
3.900000000000000000e+01 6.270000000000000000e+02
3.800000000000000000e+01 5.060000000000000000e+02
3.700000000000000000e+01 5.090000000000000000e+02
3.600000000000000000e+01 4.340000000000000000e+02
3.500000000000000000e+01 5.150000000000000000e+02
3.400000000000000000e+01 7.430000000000000000e+02
3.300000000000000000e+01 1.166000000000000000e+03
3.200000000000000000e+01 1.174000000000000000e+03
3.100000000000000000e+01 1.327000000000000000e+03
3.000000000000000000e+01 0.000000000000000000e+00
2.900000000000000000e+01 1.574000000000000000e+03
2.800000000000000000e+01 1.245000000000000000e+03
2.700000000000000000e+01 9.130000000000000000e+02
2.600000000000000000e+01 4.820000000000000000e+02
2.500000000000000000e+01 4.730000000000000000e+02
2.400000000000000000e+01 3.490000000000000000e+02
2.300000000000000000e+01 3.610000000000000000e+02
2.200000000000000000e+01 3.990000000000000000e+02
2.100000000000000000e+01 4.660000000000000000e+02
2.000000000000000000e+01 5.530000000000000000e+02
1.900000000000000000e+01 6.810000000000000000e+02
1.800000000000000000e+01 7.370000000000000000e+02
1.700000000000000000e+01 7.110000000000000000e+02
1.600000000000000000e+01 4.890000000000000000e+02
1.500000000000000000e+01 4.620000000000000000e+02
1.400000000000000000e+01 4.900000000000000000e+02
1.300000000000000000e+01 5.500000000000000000e+02
1.200000000000000000e+01 4.650000000000000000e+02
1.100000000000000000e+01 4.250000000000000000e+02
1.000000000000000000e+01 4.100000000000000000e+02
9.000000000000000000e+00 3.700000000000000000e+02
8.000000000000000000e+00 3.940000000000000000e+02
7.000000000000000000e+00 4.260000000000000000e+02
6.000000000000000000e+00 5.410000000000000000e+02
5.000000000000000000e+00 5.600000000000000000e+02
4.000000000000000000e+00 4.890000000000000000e+02
3.000000000000000000e+00 4.290000000000000000e+02
2.000000000000000000e+00 4.410000000000000000e+02
1.000000000000000000e+00 3.860000000000000000e+02
