1.043000000000000000e+03 0.000000000000000000e+00
1.042000000000000000e+03 0.000000000000000000e+00
1.041000000000000000e+03 0.000000000000000000e+00
1.040000000000000000e+03 0.000000000000000000e+00
1.039000000000000000e+03 0.000000000000000000e+00
1.038000000000000000e+03 0.000000000000000000e+00
1.037000000000000000e+03 0.000000000000000000e+00
1.036000000000000000e+03 0.000000000000000000e+00
1.035000000000000000e+03 0.000000000000000000e+00
1.034000000000000000e+03 0.000000000000000000e+00
1.033000000000000000e+03 0.000000000000000000e+00
1.032000000000000000e+03 0.000000000000000000e+00
1.031000000000000000e+03 0.000000000000000000e+00
1.030000000000000000e+03 0.000000000000000000e+00
1.029000000000000000e+03 0.000000000000000000e+00
1.028000000000000000e+03 0.000000000000000000e+00
1.027000000000000000e+03 0.000000000000000000e+00
1.026000000000000000e+03 0.000000000000000000e+00
1.025000000000000000e+03 0.000000000000000000e+00
1.024000000000000000e+03 0.000000000000000000e+00
1.023000000000000000e+03 0.000000000000000000e+00
1.022000000000000000e+03 0.000000000000000000e+00
1.021000000000000000e+03 0.000000000000000000e+00
1.020000000000000000e+03 0.000000000000000000e+00
1.019000000000000000e+03 0.000000000000000000e+00
1.018000000000000000e+03 0.000000000000000000e+00
1.017000000000000000e+03 0.000000000000000000e+00
1.016000000000000000e+03 0.000000000000000000e+00
1.015000000000000000e+03 0.000000000000000000e+00
1.014000000000000000e+03 0.000000000000000000e+00
1.013000000000000000e+03 0.000000000000000000e+00
1.012000000000000000e+03 0.000000000000000000e+00
1.011000000000000000e+03 0.000000000000000000e+00
1.010000000000000000e+03 0.000000000000000000e+00
1.009000000000000000e+03 0.000000000000000000e+00
1.008000000000000000e+03 0.000000000000000000e+00
1.007000000000000000e+03 0.000000000000000000e+00
1.006000000000000000e+03 0.000000000000000000e+00
1.005000000000000000e+03 0.000000000000000000e+00
1.004000000000000000e+03 0.000000000000000000e+00
1.003000000000000000e+03 0.000000000000000000e+00
1.002000000000000000e+03 0.000000000000000000e+00
1.001000000000000000e+03 0.000000000000000000e+00
1.000000000000000000e+03 0.000000000000000000e+00
9.990000000000000000e+02 0.000000000000000000e+00
9.980000000000000000e+02 0.000000000000000000e+00
9.970000000000000000e+02 0.000000000000000000e+00
9.960000000000000000e+02 0.000000000000000000e+00
9.950000000000000000e+02 0.000000000000000000e+00
9.940000000000000000e+02 0.000000000000000000e+00
9.930000000000000000e+02 0.000000000000000000e+00
9.920000000000000000e+02 0.000000000000000000e+00
9.910000000000000000e+02 0.000000000000000000e+00
9.900000000000000000e+02 0.000000000000000000e+00
9.890000000000000000e+02 0.000000000000000000e+00
9.880000000000000000e+02 0.000000000000000000e+00
9.870000000000000000e+02 0.000000000000000000e+00
9.860000000000000000e+02 0.000000000000000000e+00
9.850000000000000000e+02 0.000000000000000000e+00
9.840000000000000000e+02 0.000000000000000000e+00
9.830000000000000000e+02 0.000000000000000000e+00
9.820000000000000000e+02 0.000000000000000000e+00
9.810000000000000000e+02 0.000000000000000000e+00
9.800000000000000000e+02 0.000000000000000000e+00
9.790000000000000000e+02 0.000000000000000000e+00
9.780000000000000000e+02 0.000000000000000000e+00
9.770000000000000000e+02 2.000000000000000000e+00
9.760000000000000000e+02 2.000000000000000000e+00
9.750000000000000000e+02 5.000000000000000000e+00
9.740000000000000000e+02 1.900000000000000000e+01
9.730000000000000000e+02 4.700000000000000000e+01
9.720000000000000000e+02 2.800000000000000000e+02
9.710000000000000000e+02 2.629000000000000000e+03
9.700000000000000000e+02 1.959000000000000000e+03
9.690000000000000000e+02 1.216000000000000000e+03
9.680000000000000000e+02 6.400000000000000000e+02
9.670000000000000000e+02 2.360000000000000000e+02
9.660000000000000000e+02 1.200000000000000000e+02
9.650000000000000000e+02 1.220000000000000000e+02
9.640000000000000000e+02 9.100000000000000000e+01
9.630000000000000000e+02 6.000000000000000000e+01
9.620000000000000000e+02 7.800000000000000000e+01
9.610000000000000000e+02 4.400000000000000000e+01
9.600000000000000000e+02 5.100000000000000000e+01
9.590000000000000000e+02 4.200000000000000000e+01
9.580000000000000000e+02 3.700000000000000000e+01
9.570000000000000000e+02 3.100000000000000000e+01
9.560000000000000000e+02 3.600000000000000000e+01
9.550000000000000000e+02 2.300000000000000000e+01
9.540000000000000000e+02 2.300000000000000000e+01
9.530000000000000000e+02 1.300000000000000000e+01
9.520000000000000000e+02 2.400000000000000000e+01
9.510000000000000000e+02 2.000000000000000000e+01
9.500000000000000000e+02 1.100000000000000000e+01
9.490000000000000000e+02 1.000000000000000000e+01
9.480000000000000000e+02 7.000000000000000000e+00
9.470000000000000000e+02 1.400000000000000000e+01
9.460000000000000000e+02 1.100000000000000000e+01
9.450000000000000000e+02 1.000000000000000000e+01
9.440000000000000000e+02 2.000000000000000000e+00
9.430000000000000000e+02 5.000000000000000000e+00
9.420000000000000000e+02 1.000000000000000000e+00
9.410000000000000000e+02 4.000000000000000000e+00
9.400000000000000000e+02 1.000000000000000000e+00
9.390000000000000000e+02 0.000000000000000000e+00
9.380000000000000000e+02 0.000000000000000000e+00
9.370000000000000000e+02 0.000000000000000000e+00
9.360000000000000000e+02 0.000000000000000000e+00
9.350000000000000000e+02 1.000000000000000000e+00
9.340000000000000000e+02 0.000000000000000000e+00
9.330000000000000000e+02 1.000000000000000000e+00
9.320000000000000000e+02 1.000000000000000000e+00
9.310000000000000000e+02 0.000000000000000000e+00
9.300000000000000000e+02 1.000000000000000000e+00
9.290000000000000000e+02 2.000000000000000000e+00
9.280000000000000000e+02 3.000000000000000000e+00
9.270000000000000000e+02 1.000000000000000000e+00
9.260000000000000000e+02 7.000000000000000000e+00
9.250000000000000000e+02 6.000000000000000000e+00
9.240000000000000000e+02 6.000000000000000000e+00
9.230000000000000000e+02 8.000000000000000000e+00
9.220000000000000000e+02 2.300000000000000000e+01
9.210000000000000000e+02 2.300000000000000000e+01
9.200000000000000000e+02 2.400000000000000000e+01
9.190000000000000000e+02 3.600000000000000000e+01
9.180000000000000000e+02 3.500000000000000000e+01
9.170000000000000000e+02 6.300000000000000000e+01
9.160000000000000000e+02 6.000000000000000000e+01
9.150000000000000000e+02 5.900000000000000000e+01
9.140000000000000000e+02 7.500000000000000000e+01
9.130000000000000000e+02 9.500000000000000000e+01
9.120000000000000000e+02 1.170000000000000000e+02
9.110000000000000000e+02 1.180000000000000000e+02
9.100000000000000000e+02 1.050000000000000000e+02
9.090000000000000000e+02 2.440000000000000000e+02
9.080000000000000000e+02 2.070000000000000000e+02
9.070000000000000000e+02 2.050000000000000000e+02
9.060000000000000000e+02 2.010000000000000000e+02
9.050000000000000000e+02 3.090000000000000000e+02
9.040000000000000000e+02 4.110000000000000000e+02
9.030000000000000000e+02 3.330000000000000000e+02
9.020000000000000000e+02 2.960000000000000000e+02
9.010000000000000000e+02 3.630000000000000000e+02
9.000000000000000000e+02 4.860000000000000000e+02
8.990000000000000000e+02 4.790000000000000000e+02
8.980000000000000000e+02 4.310000000000000000e+02
8.970000000000000000e+02 5.170000000000000000e+02
8.960000000000000000e+02 5.440000000000000000e+02
8.950000000000000000e+02 5.920000000000000000e+02
8.940000000000000000e+02 4.690000000000000000e+02
8.930000000000000000e+02 4.720000000000000000e+02
8.920000000000000000e+02 4.920000000000000000e+02
8.910000000000000000e+02 4.120000000000000000e+02
8.900000000000000000e+02 4.820000000000000000e+02
8.890000000000000000e+02 4.040000000000000000e+02
8.880000000000000000e+02 3.900000000000000000e+02
8.870000000000000000e+02 5.600000000000000000e+02
8.860000000000000000e+02 5.420000000000000000e+02
8.850000000000000000e+02 5.190000000000000000e+02
8.840000000000000000e+02 4.180000000000000000e+02
8.830000000000000000e+02 4.500000000000000000e+02
8.820000000000000000e+02 3.450000000000000000e+02
8.810000000000000000e+02 4.060000000000000000e+02
8.800000000000000000e+02 3.160000000000000000e+02
8.790000000000000000e+02 1.890000000000000000e+02
8.780000000000000000e+02 2.030000000000000000e+02
8.770000000000000000e+02 2.860000000000000000e+02
8.760000000000000000e+02 1.950000000000000000e+02
8.750000000000000000e+02 1.400000000000000000e+02
8.740000000000000000e+02 1.270000000000000000e+02
8.730000000000000000e+02 1.980000000000000000e+02
8.720000000000000000e+02 1.560000000000000000e+02
8.710000000000000000e+02 1.370000000000000000e+02
8.700000000000000000e+02 7.800000000000000000e+01
8.690000000000000000e+02 4.700000000000000000e+01
8.680000000000000000e+02 5.000000000000000000e+01
8.670000000000000000e+02 4.900000000000000000e+01
8.660000000000000000e+02 2.800000000000000000e+01
8.650000000000000000e+02 2.000000000000000000e+01
8.640000000000000000e+02 1.400000000000000000e+01
8.630000000000000000e+02 1.100000000000000000e+01
8.620000000000000000e+02 1.300000000000000000e+01
8.610000000000000000e+02 8.000000000000000000e+00
8.600000000000000000e+02 9.000000000000000000e+00
8.590000000000000000e+02 7.000000000000000000e+00
8.580000000000000000e+02 2.000000000000000000e+00
8.570000000000000000e+02 1.000000000000000000e+00
8.560000000000000000e+02 0.000000000000000000e+00
8.550000000000000000e+02 0.000000000000000000e+00
8.540000000000000000e+02 0.000000000000000000e+00
8.530000000000000000e+02 0.000000000000000000e+00
8.520000000000000000e+02 3.000000000000000000e+00
8.510000000000000000e+02 5.000000000000000000e+00
8.500000000000000000e+02 7.000000000000000000e+00
8.490000000000000000e+02 5.000000000000000000e+00
8.480000000000000000e+02 -1.000000000000000000e+00
8.470000000000000000e+02 -1.000000000000000000e+00
8.460000000000000000e+02 -1.000000000000000000e+00
8.450000000000000000e+02 -1.000000000000000000e+00
8.440000000000000000e+02 -1.000000000000000000e+00
8.430000000000000000e+02 -1.000000000000000000e+00
8.420000000000000000e+02 -1.000000000000000000e+00
8.410000000000000000e+02 -1.000000000000000000e+00
8.400000000000000000e+02 -1.000000000000000000e+00
8.390000000000000000e+02 -1.000000000000000000e+00
8.380000000000000000e+02 -1.000000000000000000e+00
8.370000000000000000e+02 -1.000000000000000000e+00
8.360000000000000000e+02 -1.000000000000000000e+00
8.350000000000000000e+02 -1.000000000000000000e+00
8.340000000000000000e+02 -1.000000000000000000e+00
8.330000000000000000e+02 -1.000000000000000000e+00
8.320000000000000000e+02 -1.000000000000000000e+00
8.310000000000000000e+02 1.536500000000000000e+04
8.300000000000000000e+02 1.718400000000000000e+04
8.290000000000000000e+02 1.980900000000000000e+04
8.280000000000000000e+02 2.053600000000000000e+04
8.270000000000000000e+02 1.940900000000000000e+04
8.260000000000000000e+02 1.987500000000000000e+04
8.250000000000000000e+02 2.147700000000000000e+04
8.240000000000000000e+02 2.346400000000000000e+04
8.230000000000000000e+02 2.440700000000000000e+04
8.220000000000000000e+02 2.423400000000000000e+04
8.210000000000000000e+02 2.522000000000000000e+04
8.200000000000000000e+02 2.402100000000000000e+04
8.190000000000000000e+02 2.424800000000000000e+04
8.180000000000000000e+02 2.589700000000000000e+04
8.170000000000000000e+02 2.580700000000000000e+04
8.160000000000000000e+02 2.556300000000000000e+04
8.150000000000000000e+02 2.649900000000000000e+04
8.140000000000000000e+02 2.890700000000000000e+04
8.130000000000000000e+02 2.961900000000000000e+04
8.120000000000000000e+02 2.780900000000000000e+04
8.110000000000000000e+02 2.802600000000000000e+04
8.100000000000000000e+02 2.762100000000000000e+04
8.090000000000000000e+02 2.735200000000000000e+04
8.080000000000000000e+02 2.730900000000000000e+04
8.070000000000000000e+02 2.748100000000000000e+04
8.060000000000000000e+02 2.544200000000000000e+04
8.050000000000000000e+02 2.458600000000000000e+04
8.040000000000000000e+02 2.573300000000000000e+04
8.030000000000000000e+02 2.478500000000000000e+04
8.020000000000000000e+02 2.366800000000000000e+04
8.010000000000000000e+02 2.171300000000000000e+04
8.000000000000000000e+02 2.158600000000000000e+04
7.990000000000000000e+02 2.205800000000000000e+04
7.980000000000000000e+02 2.214100000000000000e+04
7.970000000000000000e+02 1.996900000000000000e+04
7.960000000000000000e+02 1.809600000000000000e+04
7.950000000000000000e+02 1.671700000000000000e+04
7.940000000000000000e+02 1.594800000000000000e+04
7.930000000000000000e+02 1.567600000000000000e+04
7.920000000000000000e+02 1.487700000000000000e+04
7.910000000000000000e+02 1.288900000000000000e+04
7.900000000000000000e+02 1.134900000000000000e+04
7.890000000000000000e+02 1.027700000000000000e+04
7.880000000000000000e+02 9.752000000000000000e+03
7.870000000000000000e+02 8.678000000000000000e+03
7.860000000000000000e+02 7.831000000000000000e+03
7.850000000000000000e+02 6.606000000000000000e+03
7.840000000000000000e+02 5.355000000000000000e+03
7.830000000000000000e+02 4.395000000000000000e+03
7.820000000000000000e+02 3.976000000000000000e+03
7.810000000000000000e+02 3.179000000000000000e+03
7.800000000000000000e+02 2.518000000000000000e+03
7.790000000000000000e+02 1.786000000000000000e+03
7.780000000000000000e+02 1.362000000000000000e+03
7.770000000000000000e+02 1.217000000000000000e+03
7.760000000000000000e+02 9.380000000000000000e+02
7.750000000000000000e+02 9.950000000000000000e+02
7.740000000000000000e+02 1.020000000000000000e+03
7.730000000000000000e+02 1.188000000000000000e+03
7.720000000000000000e+02 1.578000000000000000e+03
7.710000000000000000e+02 1.989000000000000000e+03
7.700000000000000000e+02 2.681000000000000000e+03
7.690000000000000000e+02 3.461000000000000000e+03
7.680000000000000000e+02 4.428000000000000000e+03
7.670000000000000000e+02 5.205000000000000000e+03
7.660000000000000000e+02 6.148000000000000000e+03
7.650000000000000000e+02 7.713000000000000000e+03
7.640000000000000000e+02 9.171000000000000000e+03
7.630000000000000000e+02 1.097600000000000000e+04
7.620000000000000000e+02 1.246900000000000000e+04
7.610000000000000000e+02 1.398000000000000000e+04
7.600000000000000000e+02 1.513700000000000000e+04
7.590000000000000000e+02 1.477100000000000000e+04
7.580000000000000000e+02 1.619100000000000000e+04
7.570000000000000000e+02 2.061000000000000000e+04
7.560000000000000000e+02 2.416200000000000000e+04
7.550000000000000000e+02 2.419900000000000000e+04
7.540000000000000000e+02 2.375700000000000000e+04
7.530000000000000000e+02 2.630700000000000000e+04
7.520000000000000000e+02 2.951400000000000000e+04
7.510000000000000000e+02 3.447800000000000000e+04
7.500000000000000000e+02 3.566100000000000000e+04
7.490000000000000000e+02 3.620100000000000000e+04
7.480000000000000000e+02 3.392800000000000000e+04
7.470000000000000000e+02 3.360200000000000000e+04
7.460000000000000000e+02 3.689100000000000000e+04
7.450000000000000000e+02 4.454200000000000000e+04
7.440000000000000000e+02 4.562200000000000000e+04
7.430000000000000000e+02 4.153700000000000000e+04
7.420000000000000000e+02 3.969100000000000000e+04
7.410000000000000000e+02 4.359700000000000000e+04
7.400000000000000000e+02 4.804800000000000000e+04
7.390000000000000000e+02 4.861200000000000000e+04
7.380000000000000000e+02 4.709100000000000000e+04
7.370000000000000000e+02 4.868800000000000000e+04
7.360000000000000000e+02 5.012000000000000000e+04
7.350000000000000000e+02 4.421300000000000000e+04
7.340000000000000000e+02 4.452000000000000000e+04
7.330000000000000000e+02 4.478300000000000000e+04
7.320000000000000000e+02 5.053600000000000000e+04
7.310000000000000000e+02 5.130400000000000000e+04
7.300000000000000000e+02 4.791100000000000000e+04
7.290000000000000000e+02 4.429000000000000000e+04
7.280000000000000000e+02 4.777300000000000000e+04
7.270000000000000000e+02 4.837700000000000000e+04
7.260000000000000000e+02 4.552500000000000000e+04
7.250000000000000000e+02 4.381700000000000000e+04
7.240000000000000000e+02 4.605400000000000000e+04
7.230000000000000000e+02 4.560300000000000000e+04
7.220000000000000000e+02 4.257900000000000000e+04
7.210000000000000000e+02 3.930600000000000000e+04
7.200000000000000000e+02 3.722300000000000000e+04
7.190000000000000000e+02 3.777900000000000000e+04
7.180000000000000000e+02 3.746500000000000000e+04
7.170000000000000000e+02 3.375100000000000000e+04
7.160000000000000000e+02 3.243700000000000000e+04
7.150000000000000000e+02 3.056000000000000000e+04
7.140000000000000000e+02 2.995200000000000000e+04
7.130000000000000000e+02 2.731900000000000000e+04
7.120000000000000000e+02 2.374200000000000000e+04
7.110000000000000000e+02 2.252500000000000000e+04
7.100000000000000000e+02 2.306400000000000000e+04
7.090000000000000000e+02 2.045900000000000000e+04
7.080000000000000000e+02 1.686700000000000000e+04
7.070000000000000000e+02 1.450200000000000000e+04
7.060000000000000000e+02 1.283400000000000000e+04
7.050000000000000000e+02 1.114600000000000000e+04
7.040000000000000000e+02 9.356000000000000000e+03
7.030000000000000000e+02 8.447000000000000000e+03
7.020000000000000000e+02 6.900000000000000000e+03
7.010000000000000000e+02 5.149000000000000000e+03
7.000000000000000000e+02 3.457000000000000000e+03
6.990000000000000000e+02 2.570000000000000000e+03
6.980000000000000000e+02 1.821000000000000000e+03
6.970000000000000000e+02 1.740000000000000000e+03
6.960000000000000000e+02 1.303000000000000000e+03
6.950000000000000000e+02 1.022000000000000000e+03
6.940000000000000000e+02 1.049000000000000000e+03
6.930000000000000000e+02 1.356000000000000000e+03
6.920000000000000000e+02 2.086000000000000000e+03
6.910000000000000000e+02 3.624000000000000000e+03
6.900000000000000000e+02 4.774000000000000000e+03
6.890000000000000000e+02 5.859000000000000000e+03
6.880000000000000000e+02 7.332000000000000000e+03
6.870000000000000000e+02 9.386000000000000000e+03
6.860000000000000000e+02 1.106200000000000000e+04
6.850000000000000000e+02 1.318200000000000000e+04
6.840000000000000000e+02 1.632500000000000000e+04
6.830000000000000000e+02 1.836400000000000000e+04
6.820000000000000000e+02 2.220500000000000000e+04
6.810000000000000000e+02 2.337800000000000000e+04
6.800000000000000000e+02 2.388900000000000000e+04
6.790000000000000000e+02 2.775000000000000000e+04
6.780000000000000000e+02 3.119300000000000000e+04
6.770000000000000000e+02 3.544700000000000000e+04
6.760000000000000000e+02 3.858500000000000000e+04
6.750000000000000000e+02 3.849000000000000000e+04
6.740000000000000000e+02 4.125700000000000000e+04
6.730000000000000000e+02 4.301000000000000000e+04
6.720000000000000000e+02 4.444900000000000000e+04
6.710000000000000000e+02 4.709000000000000000e+04
6.700000000000000000e+02 5.071000000000000000e+04
6.690000000000000000e+02 5.477800000000000000e+04
6.680000000000000000e+02 5.793200000000000000e+04
6.670000000000000000e+02 5.653400000000000000e+04
6.660000000000000000e+02 5.253700000000000000e+04
6.650000000000000000e+02 5.314100000000000000e+04
6.640000000000000000e+02 5.771700000000000000e+04
6.630000000000000000e+02 6.353900000000000000e+04
6.620000000000000000e+02 6.592500000000000000e+04
6.610000000000000000e+02 6.356100000000000000e+04
6.600000000000000000e+02 5.850700000000000000e+04
6.590000000000000000e+02 5.785400000000000000e+04
6.580000000000000000e+02 6.107500000000000000e+04
6.570000000000000000e+02 6.499200000000000000e+04
6.560000000000000000e+02 6.704600000000000000e+04
6.550000000000000000e+02 6.860200000000000000e+04
6.540000000000000000e+02 6.738500000000000000e+04
6.530000000000000000e+02 6.743500000000000000e+04
6.520000000000000000e+02 6.502900000000000000e+04
6.510000000000000000e+02 6.094900000000000000e+04
6.500000000000000000e+02 6.302400000000000000e+04
6.490000000000000000e+02 6.705000000000000000e+04
6.480000000000000000e+02 6.813200000000000000e+04
6.470000000000000000e+02 6.758000000000000000e+04
6.460000000000000000e+02 6.241700000000000000e+04
6.450000000000000000e+02 5.540300000000000000e+04
6.440000000000000000e+02 5.545800000000000000e+04
6.430000000000000000e+02 5.846100000000000000e+04
6.420000000000000000e+02 5.839300000000000000e+04
6.410000000000000000e+02 5.998500000000000000e+04
6.400000000000000000e+02 5.883000000000000000e+04
6.390000000000000000e+02 5.352600000000000000e+04
6.380000000000000000e+02 5.067900000000000000e+04
6.370000000000000000e+02 4.630800000000000000e+04
6.360000000000000000e+02 -1.000000000000000000e+00
6.350000000000000000e+02 -1.000000000000000000e+00
6.340000000000000000e+02 -1.000000000000000000e+00
6.330000000000000000e+02 -1.000000000000000000e+00
6.320000000000000000e+02 -1.000000000000000000e+00
6.310000000000000000e+02 -1.000000000000000000e+00
6.300000000000000000e+02 -1.000000000000000000e+00
6.290000000000000000e+02 -1.000000000000000000e+00
6.280000000000000000e+02 -1.000000000000000000e+00
6.270000000000000000e+02 -1.000000000000000000e+00
6.260000000000000000e+02 -1.000000000000000000e+00
6.250000000000000000e+02 -1.000000000000000000e+00
6.240000000000000000e+02 -1.000000000000000000e+00
6.230000000000000000e+02 -1.000000000000000000e+00
6.220000000000000000e+02 -1.000000000000000000e+00
6.210000000000000000e+02 -1.000000000000000000e+00
6.200000000000000000e+02 -1.000000000000000000e+00
6.190000000000000000e+02 3.380000000000000000e+03
6.180000000000000000e+02 2.518000000000000000e+03
6.170000000000000000e+02 1.782000000000000000e+03
6.160000000000000000e+02 1.272000000000000000e+03
6.150000000000000000e+02 1.134000000000000000e+03
6.140000000000000000e+02 1.401000000000000000e+03
6.130000000000000000e+02 1.880000000000000000e+03
6.120000000000000000e+02 3.057000000000000000e+03
6.110000000000000000e+02 4.815000000000000000e+03
6.100000000000000000e+02 7.016000000000000000e+03
6.090000000000000000e+02 1.011600000000000000e+04
6.080000000000000000e+02 1.333100000000000000e+04
6.070000000000000000e+02 1.443300000000000000e+04
6.060000000000000000e+02 1.685400000000000000e+04
6.050000000000000000e+02 2.091600000000000000e+04
6.040000000000000000e+02 2.450700000000000000e+04
6.030000000000000000e+02 2.926600000000000000e+04
6.020000000000000000e+02 3.243100000000000000e+04
6.010000000000000000e+02 3.488100000000000000e+04
6.000000000000000000e+02 3.833500000000000000e+04
5.990000000000000000e+02 4.271600000000000000e+04
5.980000000000000000e+02 4.798300000000000000e+04
5.970000000000000000e+02 4.996100000000000000e+04
5.960000000000000000e+02 5.052400000000000000e+04
5.950000000000000000e+02 5.187300000000000000e+04
5.940000000000000000e+02 5.596700000000000000e+04
5.930000000000000000e+02 6.056700000000000000e+04
5.920000000000000000e+02 6.539900000000000000e+04
5.910000000000000000e+02 6.635600000000000000e+04
5.900000000000000000e+02 6.535500000000000000e+04
5.890000000000000000e+02 6.721200000000000000e+04
5.880000000000000000e+02 6.721300000000000000e+04
5.870000000000000000e+02 7.113800000000000000e+04
5.860000000000000000e+02 7.466800000000000000e+04
5.850000000000000000e+02 7.500000000000000000e+04
5.840000000000000000e+02 7.173900000000000000e+04
5.830000000000000000e+02 7.319000000000000000e+04
5.820000000000000000e+02 7.519600000000000000e+04
5.810000000000000000e+02 7.546000000000000000e+04
5.800000000000000000e+02 7.889900000000000000e+04
5.790000000000000000e+02 8.005000000000000000e+04
5.780000000000000000e+02 7.571600000000000000e+04
5.770000000000000000e+02 7.431200000000000000e+04
5.760000000000000000e+02 7.532600000000000000e+04
5.750000000000000000e+02 7.716300000000000000e+04
5.740000000000000000e+02 7.635600000000000000e+04
5.730000000000000000e+02 7.844800000000000000e+04
5.720000000000000000e+02 7.732900000000000000e+04
5.710000000000000000e+02 7.342700000000000000e+04
5.700000000000000000e+02 7.201000000000000000e+04
5.690000000000000000e+02 7.471100000000000000e+04
5.680000000000000000e+02 7.568500000000000000e+04
5.670000000000000000e+02 7.427600000000000000e+04
5.660000000000000000e+02 7.276400000000000000e+04
5.650000000000000000e+02 7.350300000000000000e+04
5.640000000000000000e+02 7.028300000000000000e+04
5.630000000000000000e+02 6.396800000000000000e+04
5.620000000000000000e+02 6.689500000000000000e+04
5.610000000000000000e+02 6.712300000000000000e+04
5.600000000000000000e+02 6.140400000000000000e+04
5.590000000000000000e+02 6.035200000000000000e+04
5.580000000000000000e+02 5.916600000000000000e+04
5.570000000000000000e+02 5.635400000000000000e+04
5.560000000000000000e+02 5.570100000000000000e+04
5.550000000000000000e+02 5.490000000000000000e+04
5.540000000000000000e+02 5.369800000000000000e+04
5.530000000000000000e+02 4.868000000000000000e+04
5.520000000000000000e+02 4.554500000000000000e+04
5.510000000000000000e+02 4.074900000000000000e+04
5.500000000000000000e+02 3.553400000000000000e+04
5.490000000000000000e+02 3.199300000000000000e+04
5.480000000000000000e+02 3.082700000000000000e+04
5.470000000000000000e+02 2.923300000000000000e+04
5.460000000000000000e+02 2.725700000000000000e+04
5.450000000000000000e+02 2.547800000000000000e+04
5.440000000000000000e+02 2.012800000000000000e+04
5.430000000000000000e+02 1.402300000000000000e+04
5.420000000000000000e+02 1.037100000000000000e+04
5.410000000000000000e+02 7.075000000000000000e+03
5.400000000000000000e+02 5.414000000000000000e+03
5.390000000000000000e+02 4.107000000000000000e+03
5.380000000000000000e+02 2.158000000000000000e+03
5.370000000000000000e+02 1.194000000000000000e+03
5.360000000000000000e+02 8.310000000000000000e+02
5.350000000000000000e+02 1.202000000000000000e+03
5.340000000000000000e+02 2.282000000000000000e+03
5.330000000000000000e+02 3.926000000000000000e+03
5.320000000000000000e+02 6.598000000000000000e+03
5.310000000000000000e+02 1.015400000000000000e+04
5.300000000000000000e+02 1.290300000000000000e+04
5.290000000000000000e+02 1.705500000000000000e+04
5.280000000000000000e+02 2.100100000000000000e+04
5.270000000000000000e+02 2.261800000000000000e+04
5.260000000000000000e+02 2.684000000000000000e+04
5.250000000000000000e+02 3.195500000000000000e+04
5.240000000000000000e+02 3.715000000000000000e+04
5.230000000000000000e+02 3.817300000000000000e+04
5.220000000000000000e+02 3.977200000000000000e+04
5.210000000000000000e+02 4.139400000000000000e+04
5.200000000000000000e+02 5.084800000000000000e+04
5.190000000000000000e+02 5.065800000000000000e+04
5.180000000000000000e+02 5.418200000000000000e+04
5.170000000000000000e+02 5.844800000000000000e+04
5.160000000000000000e+02 6.048000000000000000e+04
5.150000000000000000e+02 6.171600000000000000e+04
5.140000000000000000e+02 6.614300000000000000e+04
5.130000000000000000e+02 6.842000000000000000e+04
5.120000000000000000e+02 6.699200000000000000e+04
5.110000000000000000e+02 6.841600000000000000e+04
5.100000000000000000e+02 7.420700000000000000e+04
5.090000000000000000e+02 7.821300000000000000e+04
5.080000000000000000e+02 7.823400000000000000e+04
5.070000000000000000e+02 7.727000000000000000e+04
5.060000000000000000e+02 7.640000000000000000e+04
5.050000000000000000e+02 7.731500000000000000e+04
5.040000000000000000e+02 7.708100000000000000e+04
5.030000000000000000e+02 7.827200000000000000e+04
5.020000000000000000e+02 7.946800000000000000e+04
5.010000000000000000e+02 8.219100000000000000e+04
5.000000000000000000e+02 8.536300000000000000e+04
4.990000000000000000e+02 8.595100000000000000e+04
4.980000000000000000e+02 8.528700000000000000e+04
4.970000000000000000e+02 8.319600000000000000e+04
4.960000000000000000e+02 8.014600000000000000e+04
4.950000000000000000e+02 7.793000000000000000e+04
4.940000000000000000e+02 7.615500000000000000e+04
4.930000000000000000e+02 7.549800000000000000e+04
4.920000000000000000e+02 7.474400000000000000e+04
4.910000000000000000e+02 7.671200000000000000e+04
4.900000000000000000e+02 7.824900000000000000e+04
4.890000000000000000e+02 7.553800000000000000e+04
4.880000000000000000e+02 7.145900000000000000e+04
4.870000000000000000e+02 7.032500000000000000e+04
4.860000000000000000e+02 7.154000000000000000e+04
4.850000000000000000e+02 7.227800000000000000e+04
4.840000000000000000e+02 7.040900000000000000e+04
4.830000000000000000e+02 6.967200000000000000e+04
4.820000000000000000e+02 7.115400000000000000e+04
4.810000000000000000e+02 7.192100000000000000e+04
4.800000000000000000e+02 6.968600000000000000e+04
4.790000000000000000e+02 6.644300000000000000e+04
4.780000000000000000e+02 6.378700000000000000e+04
4.770000000000000000e+02 6.305000000000000000e+04
4.760000000000000000e+02 6.481200000000000000e+04
4.750000000000000000e+02 6.653500000000000000e+04
4.740000000000000000e+02 6.877000000000000000e+04
4.730000000000000000e+02 7.135900000000000000e+04
4.720000000000000000e+02 7.539100000000000000e+04
4.710000000000000000e+02 7.437000000000000000e+04
4.700000000000000000e+02 7.254900000000000000e+04
4.690000000000000000e+02 6.882600000000000000e+04
4.680000000000000000e+02 6.865500000000000000e+04
4.670000000000000000e+02 6.865400000000000000e+04
4.660000000000000000e+02 6.788900000000000000e+04
4.650000000000000000e+02 7.081100000000000000e+04
4.640000000000000000e+02 7.028600000000000000e+04
4.630000000000000000e+02 6.965600000000000000e+04
4.620000000000000000e+02 6.810400000000000000e+04
4.610000000000000000e+02 6.375800000000000000e+04
4.600000000000000000e+02 6.251800000000000000e+04
4.590000000000000000e+02 6.323300000000000000e+04
4.580000000000000000e+02 6.326000000000000000e+04
4.570000000000000000e+02 5.997500000000000000e+04
4.560000000000000000e+02 5.540800000000000000e+04
4.550000000000000000e+02 5.240200000000000000e+04
4.540000000000000000e+02 5.180800000000000000e+04
4.530000000000000000e+02 5.513600000000000000e+04
4.520000000000000000e+02 5.287200000000000000e+04
4.510000000000000000e+02 5.024100000000000000e+04
4.500000000000000000e+02 4.918500000000000000e+04
4.490000000000000000e+02 4.583200000000000000e+04
4.480000000000000000e+02 4.389600000000000000e+04
4.470000000000000000e+02 3.797400000000000000e+04
4.460000000000000000e+02 3.247800000000000000e+04
4.450000000000000000e+02 2.838700000000000000e+04
4.440000000000000000e+02 2.492000000000000000e+04
4.430000000000000000e+02 2.275200000000000000e+04
4.420000000000000000e+02 2.033300000000000000e+04
4.410000000000000000e+02 1.689300000000000000e+04
4.400000000000000000e+02 1.304200000000000000e+04
4.390000000000000000e+02 1.016000000000000000e+04
4.380000000000000000e+02 1.049700000000000000e+04
4.370000000000000000e+02 1.377800000000000000e+04
4.360000000000000000e+02 1.286700000000000000e+04
4.350000000000000000e+02 1.129200000000000000e+04
4.340000000000000000e+02 1.508400000000000000e+04
4.330000000000000000e+02 2.210500000000000000e+04
4.320000000000000000e+02 3.168000000000000000e+04
4.310000000000000000e+02 4.098400000000000000e+04
4.300000000000000000e+02 4.989500000000000000e+04
4.290000000000000000e+02 5.833600000000000000e+04
4.280000000000000000e+02 6.538400000000000000e+04
4.270000000000000000e+02 7.260000000000000000e+04
4.260000000000000000e+02 7.649200000000000000e+04
4.250000000000000000e+02 7.359500000000000000e+04
4.240000000000000000e+02 -1.000000000000000000e+00
4.230000000000000000e+02 -1.000000000000000000e+00
4.220000000000000000e+02 -1.000000000000000000e+00
4.210000000000000000e+02 -1.000000000000000000e+00
4.200000000000000000e+02 -1.000000000000000000e+00
4.190000000000000000e+02 -1.000000000000000000e+00
4.180000000000000000e+02 -1.000000000000000000e+00
4.170000000000000000e+02 -1.000000000000000000e+00
4.160000000000000000e+02 -1.000000000000000000e+00
4.150000000000000000e+02 -1.000000000000000000e+00
4.140000000000000000e+02 -1.000000000000000000e+00
4.130000000000000000e+02 -1.000000000000000000e+00
4.120000000000000000e+02 -1.000000000000000000e+00
4.110000000000000000e+02 -1.000000000000000000e+00
4.100000000000000000e+02 -1.000000000000000000e+00
4.090000000000000000e+02 -1.000000000000000000e+00
4.080000000000000000e+02 -1.000000000000000000e+00
4.070000000000000000e+02 6.352900000000000000e+04
4.060000000000000000e+02 6.798400000000000000e+04
4.050000000000000000e+02 6.703000000000000000e+04
4.040000000000000000e+02 6.268200000000000000e+04
4.030000000000000000e+02 5.859800000000000000e+04
4.020000000000000000e+02 5.464200000000000000e+04
4.010000000000000000e+02 4.960600000000000000e+04
4.000000000000000000e+02 4.424200000000000000e+04
3.990000000000000000e+02 4.054100000000000000e+04
3.980000000000000000e+02 3.565000000000000000e+04
3.970000000000000000e+02 3.022900000000000000e+04
3.960000000000000000e+02 2.591000000000000000e+04
3.950000000000000000e+02 2.207700000000000000e+04
3.940000000000000000e+02 1.903200000000000000e+04
3.930000000000000000e+02 1.882100000000000000e+04
3.920000000000000000e+02 2.010000000000000000e+04
3.910000000000000000e+02 2.152400000000000000e+04
3.900000000000000000e+02 2.182000000000000000e+04
3.890000000000000000e+02 2.349000000000000000e+04
3.880000000000000000e+02 2.509500000000000000e+04
3.870000000000000000e+02 2.894200000000000000e+04
3.860000000000000000e+02 3.404400000000000000e+04
3.850000000000000000e+02 4.149000000000000000e+04
3.840000000000000000e+02 4.669000000000000000e+04
3.830000000000000000e+02 4.996800000000000000e+04
3.820000000000000000e+02 5.184500000000000000e+04
3.810000000000000000e+02 5.380700000000000000e+04
3.800000000000000000e+02 5.592800000000000000e+04
3.790000000000000000e+02 5.934300000000000000e+04
3.780000000000000000e+02 6.070500000000000000e+04
3.770000000000000000e+02 6.345200000000000000e+04
3.760000000000000000e+02 6.524300000000000000e+04
3.750000000000000000e+02 6.734900000000000000e+04
3.740000000000000000e+02 7.160600000000000000e+04
3.730000000000000000e+02 7.685200000000000000e+04
3.720000000000000000e+02 8.187900000000000000e+04
3.710000000000000000e+02 8.714800000000000000e+04
3.700000000000000000e+02 9.545100000000000000e+04
3.690000000000000000e+02 1.019320000000000000e+05
3.680000000000000000e+02 1.091040000000000000e+05
3.670000000000000000e+02 1.111450000000000000e+05
3.660000000000000000e+02 1.150040000000000000e+05
3.650000000000000000e+02 1.185390000000000000e+05
3.640000000000000000e+02 1.190120000000000000e+05
3.630000000000000000e+02 1.184320000000000000e+05
3.620000000000000000e+02 1.187330000000000000e+05
3.610000000000000000e+02 1.202590000000000000e+05
3.600000000000000000e+02 1.204260000000000000e+05
3.590000000000000000e+02 1.183220000000000000e+05
3.580000000000000000e+02 1.187350000000000000e+05
3.570000000000000000e+02 1.171090000000000000e+05
3.560000000000000000e+02 1.151710000000000000e+05
3.550000000000000000e+02 1.130440000000000000e+05
3.540000000000000000e+02 1.096070000000000000e+05
3.530000000000000000e+02 1.045060000000000000e+05
3.520000000000000000e+02 1.000570000000000000e+05
3.510000000000000000e+02 9.594500000000000000e+04
3.500000000000000000e+02 8.665000000000000000e+04
3.490000000000000000e+02 8.277900000000000000e+04
3.480000000000000000e+02 7.524600000000000000e+04
3.470000000000000000e+02 7.121700000000000000e+04
3.460000000000000000e+02 7.189700000000000000e+04
3.450000000000000000e+02 7.483700000000000000e+04
3.440000000000000000e+02 7.639100000000000000e+04
3.430000000000000000e+02 7.667800000000000000e+04
3.420000000000000000e+02 7.808300000000000000e+04
3.410000000000000000e+02 7.942400000000000000e+04
3.400000000000000000e+02 8.182200000000000000e+04
3.390000000000000000e+02 8.070100000000000000e+04
3.380000000000000000e+02 8.016600000000000000e+04
3.370000000000000000e+02 7.866300000000000000e+04
3.360000000000000000e+02 7.780300000000000000e+04
3.350000000000000000e+02 7.675900000000000000e+04
3.340000000000000000e+02 7.612400000000000000e+04
3.330000000000000000e+02 7.321200000000000000e+04
3.320000000000000000e+02 7.291700000000000000e+04
3.310000000000000000e+02 7.079200000000000000e+04
3.300000000000000000e+02 7.285000000000000000e+04
3.290000000000000000e+02 6.851700000000000000e+04
3.280000000000000000e+02 6.633000000000000000e+04
3.270000000000000000e+02 6.459100000000000000e+04
3.260000000000000000e+02 6.357000000000000000e+04
3.250000000000000000e+02 6.239600000000000000e+04
3.240000000000000000e+02 6.146600000000000000e+04
3.230000000000000000e+02 6.044100000000000000e+04
3.220000000000000000e+02 5.891900000000000000e+04
3.210000000000000000e+02 5.729000000000000000e+04
3.200000000000000000e+02 5.582500000000000000e+04
3.190000000000000000e+02 5.488200000000000000e+04
3.180000000000000000e+02 5.436400000000000000e+04
3.170000000000000000e+02 5.364000000000000000e+04
3.160000000000000000e+02 5.297800000000000000e+04
3.150000000000000000e+02 5.185700000000000000e+04
3.140000000000000000e+02 5.190500000000000000e+04
3.130000000000000000e+02 5.072300000000000000e+04
3.120000000000000000e+02 4.942100000000000000e+04
3.110000000000000000e+02 3.680200000000000000e+04
3.100000000000000000e+02 3.612500000000000000e+04
3.090000000000000000e+02 3.548200000000000000e+04
3.080000000000000000e+02 4.412000000000000000e+04
3.070000000000000000e+02 4.252200000000000000e+04
3.060000000000000000e+02 4.062300000000000000e+04
3.050000000000000000e+02 3.906200000000000000e+04
3.040000000000000000e+02 3.759300000000000000e+04
3.030000000000000000e+02 3.645100000000000000e+04
3.020000000000000000e+02 3.526300000000000000e+04
3.010000000000000000e+02 3.388200000000000000e+04
3.000000000000000000e+02 3.256200000000000000e+04
2.990000000000000000e+02 3.104800000000000000e+04
2.980000000000000000e+02 2.938700000000000000e+04
2.970000000000000000e+02 2.808300000000000000e+04
2.960000000000000000e+02 2.659800000000000000e+04
2.950000000000000000e+02 2.500300000000000000e+04
2.940000000000000000e+02 2.274400000000000000e+04
2.930000000000000000e+02 2.109200000000000000e+04
2.920000000000000000e+02 1.965700000000000000e+04
2.910000000000000000e+02 1.758700000000000000e+04
2.900000000000000000e+02 1.572900000000000000e+04
2.890000000000000000e+02 1.419100000000000000e+04
2.880000000000000000e+02 1.228800000000000000e+04
2.870000000000000000e+02 1.069800000000000000e+04
2.860000000000000000e+02 9.438000000000000000e+03
2.850000000000000000e+02 7.417000000000000000e+03
2.840000000000000000e+02 6.205000000000000000e+03
2.830000000000000000e+02 4.903000000000000000e+03
2.820000000000000000e+02 3.403000000000000000e+03
2.810000000000000000e+02 2.033000000000000000e+03
2.800000000000000000e+02 1.222000000000000000e+03
2.790000000000000000e+02 9.420000000000000000e+02
2.780000000000000000e+02 7.730000000000000000e+02
2.770000000000000000e+02 7.160000000000000000e+02
2.760000000000000000e+02 7.020000000000000000e+02
2.750000000000000000e+02 6.900000000000000000e+02
2.740000000000000000e+02 6.980000000000000000e+02
2.730000000000000000e+02 6.830000000000000000e+02
2.720000000000000000e+02 7.380000000000000000e+02
2.710000000000000000e+02 7.340000000000000000e+02
2.700000000000000000e+02 7.340000000000000000e+02
2.690000000000000000e+02 7.370000000000000000e+02
2.680000000000000000e+02 8.100000000000000000e+02
2.670000000000000000e+02 8.070000000000000000e+02
2.660000000000000000e+02 8.470000000000000000e+02
2.650000000000000000e+02 8.680000000000000000e+02
2.640000000000000000e+02 8.250000000000000000e+02
2.630000000000000000e+02 7.850000000000000000e+02
2.620000000000000000e+02 8.720000000000000000e+02
2.610000000000000000e+02 8.480000000000000000e+02
2.600000000000000000e+02 8.490000000000000000e+02
2.590000000000000000e+02 8.610000000000000000e+02
2.580000000000000000e+02 8.150000000000000000e+02
2.570000000000000000e+02 9.130000000000000000e+02
2.560000000000000000e+02 9.110000000000000000e+02
2.550000000000000000e+02 9.250000000000000000e+02
2.540000000000000000e+02 8.710000000000000000e+02
2.530000000000000000e+02 8.230000000000000000e+02
2.520000000000000000e+02 8.200000000000000000e+02
2.510000000000000000e+02 6.800000000000000000e+02
2.500000000000000000e+02 7.110000000000000000e+02
2.490000000000000000e+02 6.650000000000000000e+02
2.480000000000000000e+02 6.440000000000000000e+02
2.470000000000000000e+02 5.610000000000000000e+02
2.460000000000000000e+02 5.680000000000000000e+02
2.450000000000000000e+02 5.260000000000000000e+02
2.440000000000000000e+02 5.500000000000000000e+02
2.430000000000000000e+02 5.210000000000000000e+02
2.420000000000000000e+02 5.310000000000000000e+02
2.410000000000000000e+02 5.650000000000000000e+02
2.400000000000000000e+02 5.540000000000000000e+02
2.390000000000000000e+02 5.980000000000000000e+02
2.380000000000000000e+02 6.890000000000000000e+02
2.370000000000000000e+02 7.090000000000000000e+02
2.360000000000000000e+02 7.680000000000000000e+02
2.350000000000000000e+02 8.040000000000000000e+02
2.340000000000000000e+02 9.250000000000000000e+02
2.330000000000000000e+02 1.146000000000000000e+03
2.320000000000000000e+02 1.421000000000000000e+03
2.310000000000000000e+02 1.773000000000000000e+03
2.300000000000000000e+02 1.749000000000000000e+03
2.290000000000000000e+02 2.000000000000000000e+03
2.280000000000000000e+02 2.348000000000000000e+03
2.270000000000000000e+02 2.697000000000000000e+03
2.260000000000000000e+02 2.539000000000000000e+03
2.250000000000000000e+02 2.421000000000000000e+03
2.240000000000000000e+02 2.566000000000000000e+03
2.230000000000000000e+02 3.076000000000000000e+03
2.220000000000000000e+02 2.927000000000000000e+03
2.210000000000000000e+02 3.010000000000000000e+03
2.200000000000000000e+02 2.971000000000000000e+03
2.190000000000000000e+02 2.980000000000000000e+03
2.180000000000000000e+02 3.267000000000000000e+03
2.170000000000000000e+02 3.640000000000000000e+03
2.160000000000000000e+02 4.611000000000000000e+03
2.150000000000000000e+02 5.253000000000000000e+03
2.140000000000000000e+02 6.021000000000000000e+03
2.130000000000000000e+02 7.835000000000000000e+03
2.120000000000000000e+02 -1.000000000000000000e+00
2.110000000000000000e+02 -1.000000000000000000e+00
2.100000000000000000e+02 -1.000000000000000000e+00
2.090000000000000000e+02 -1.000000000000000000e+00
2.080000000000000000e+02 -1.000000000000000000e+00
2.070000000000000000e+02 -1.000000000000000000e+00
2.060000000000000000e+02 -1.000000000000000000e+00
2.050000000000000000e+02 -1.000000000000000000e+00
2.040000000000000000e+02 -1.000000000000000000e+00
2.030000000000000000e+02 -1.000000000000000000e+00
2.020000000000000000e+02 -1.000000000000000000e+00
2.010000000000000000e+02 -1.000000000000000000e+00
2.000000000000000000e+02 -1.000000000000000000e+00
1.990000000000000000e+02 -1.000000000000000000e+00
1.980000000000000000e+02 -1.000000000000000000e+00
1.970000000000000000e+02 -1.000000000000000000e+00
1.960000000000000000e+02 -1.000000000000000000e+00
1.950000000000000000e+02 1.695600000000000000e+04
1.940000000000000000e+02 1.760900000000000000e+04
1.930000000000000000e+02 1.770400000000000000e+04
1.920000000000000000e+02 1.845300000000000000e+04
1.910000000000000000e+02 1.795400000000000000e+04
1.900000000000000000e+02 1.803200000000000000e+04
1.890000000000000000e+02 1.707800000000000000e+04
1.880000000000000000e+02 1.673700000000000000e+04
1.870000000000000000e+02 1.751900000000000000e+04
1.860000000000000000e+02 1.809000000000000000e+04
1.850000000000000000e+02 1.942200000000000000e+04
1.840000000000000000e+02 1.952700000000000000e+04
1.830000000000000000e+02 2.046600000000000000e+04
1.820000000000000000e+02 2.135000000000000000e+04
1.810000000000000000e+02 2.033200000000000000e+04
1.800000000000000000e+02 2.045200000000000000e+04
1.790000000000000000e+02 2.038300000000000000e+04
1.780000000000000000e+02 2.078100000000000000e+04
1.770000000000000000e+02 2.000500000000000000e+04
1.760000000000000000e+02 2.074700000000000000e+04
1.750000000000000000e+02 2.042000000000000000e+04
1.740000000000000000e+02 2.152000000000000000e+04
1.730000000000000000e+02 2.195300000000000000e+04
1.720000000000000000e+02 2.254200000000000000e+04
1.710000000000000000e+02 2.217800000000000000e+04
1.700000000000000000e+02 2.266400000000000000e+04
1.690000000000000000e+02 2.354800000000000000e+04
1.680000000000000000e+02 2.464400000000000000e+04
1.670000000000000000e+02 2.459500000000000000e+04
1.660000000000000000e+02 2.555700000000000000e+04
1.650000000000000000e+02 2.529600000000000000e+04
1.640000000000000000e+02 2.566600000000000000e+04
1.630000000000000000e+02 2.526900000000000000e+04
1.620000000000000000e+02 2.435500000000000000e+04
1.610000000000000000e+02 2.371700000000000000e+04
1.600000000000000000e+02 2.349800000000000000e+04
1.590000000000000000e+02 2.415400000000000000e+04
1.580000000000000000e+02 2.582600000000000000e+04
1.570000000000000000e+02 2.641600000000000000e+04
1.560000000000000000e+02 2.742100000000000000e+04
1.550000000000000000e+02 2.814500000000000000e+04
1.540000000000000000e+02 2.909100000000000000e+04
1.530000000000000000e+02 3.018900000000000000e+04
1.520000000000000000e+02 3.088400000000000000e+04
1.510000000000000000e+02 3.239700000000000000e+04
1.500000000000000000e+02 3.265900000000000000e+04
1.490000000000000000e+02 3.272100000000000000e+04
1.480000000000000000e+02 3.362500000000000000e+04
1.470000000000000000e+02 3.435700000000000000e+04
1.460000000000000000e+02 3.455300000000000000e+04
1.450000000000000000e+02 3.443300000000000000e+04
1.440000000000000000e+02 3.434000000000000000e+04
1.430000000000000000e+02 3.401900000000000000e+04
1.420000000000000000e+02 3.539200000000000000e+04
1.410000000000000000e+02 3.679800000000000000e+04
1.400000000000000000e+02 3.686200000000000000e+04
1.390000000000000000e+02 3.749400000000000000e+04
1.380000000000000000e+02 3.983800000000000000e+04
1.370000000000000000e+02 4.106500000000000000e+04
1.360000000000000000e+02 4.160400000000000000e+04
1.350000000000000000e+02 4.226000000000000000e+04
1.340000000000000000e+02 4.290600000000000000e+04
1.330000000000000000e+02 4.380600000000000000e+04
1.320000000000000000e+02 4.494600000000000000e+04
1.310000000000000000e+02 4.419100000000000000e+04
1.300000000000000000e+02 4.335400000000000000e+04
1.290000000000000000e+02 4.295800000000000000e+04
1.280000000000000000e+02 4.158400000000000000e+04
1.270000000000000000e+02 4.148400000000000000e+04
1.260000000000000000e+02 4.109300000000000000e+04
1.250000000000000000e+02 4.073900000000000000e+04
1.240000000000000000e+02 4.050800000000000000e+04
1.230000000000000000e+02 3.985000000000000000e+04
1.220000000000000000e+02 4.014900000000000000e+04
1.210000000000000000e+02 3.942800000000000000e+04
1.200000000000000000e+02 3.944200000000000000e+04
1.190000000000000000e+02 3.900000000000000000e+04
1.180000000000000000e+02 3.941500000000000000e+04
1.170000000000000000e+02 3.832800000000000000e+04
1.160000000000000000e+02 3.921600000000000000e+04
1.150000000000000000e+02 3.874900000000000000e+04
1.140000000000000000e+02 3.711800000000000000e+04
1.130000000000000000e+02 3.622700000000000000e+04
1.120000000000000000e+02 3.580900000000000000e+04
1.110000000000000000e+02 3.578000000000000000e+04
1.100000000000000000e+02 3.262700000000000000e+04
1.090000000000000000e+02 2.927100000000000000e+04
1.080000000000000000e+02 2.804800000000000000e+04
1.070000000000000000e+02 2.649200000000000000e+04
1.060000000000000000e+02 2.522100000000000000e+04
1.050000000000000000e+02 2.421300000000000000e+04
1.040000000000000000e+02 2.385600000000000000e+04
1.030000000000000000e+02 2.545400000000000000e+04
1.020000000000000000e+02 2.600200000000000000e+04
1.010000000000000000e+02 2.653500000000000000e+04
1.000000000000000000e+02 2.693500000000000000e+04
9.900000000000000000e+01 2.142800000000000000e+04
9.800000000000000000e+01 2.114000000000000000e+04
9.700000000000000000e+01 2.087300000000000000e+04
9.600000000000000000e+01 2.401800000000000000e+04
9.500000000000000000e+01 2.301300000000000000e+04
9.400000000000000000e+01 2.121500000000000000e+04
9.300000000000000000e+01 1.955800000000000000e+04
9.200000000000000000e+01 2.071700000000000000e+04
9.100000000000000000e+01 2.064200000000000000e+04
9.000000000000000000e+01 2.044400000000000000e+04
8.900000000000000000e+01 1.882400000000000000e+04
8.800000000000000000e+01 1.743600000000000000e+04
8.700000000000000000e+01 1.668800000000000000e+04
8.600000000000000000e+01 1.743300000000000000e+04
8.500000000000000000e+01 1.839400000000000000e+04
8.400000000000000000e+01 1.900500000000000000e+04
8.300000000000000000e+01 2.027000000000000000e+04
8.200000000000000000e+01 2.006400000000000000e+04
8.100000000000000000e+01 1.933900000000000000e+04
8.000000000000000000e+01 1.592200000000000000e+04
7.900000000000000000e+01 1.273700000000000000e+04
7.800000000000000000e+01 1.059100000000000000e+04
7.700000000000000000e+01 1.014300000000000000e+04
7.600000000000000000e+01 1.020900000000000000e+04
7.500000000000000000e+01 9.885000000000000000e+03
7.400000000000000000e+01 9.170000000000000000e+03
7.300000000000000000e+01 9.130000000000000000e+03
7.200000000000000000e+01 1.110400000000000000e+04
7.100000000000000000e+01 1.373600000000000000e+04
7.000000000000000000e+01 1.290500000000000000e+04
6.900000000000000000e+01 9.371000000000000000e+03
6.800000000000000000e+01 4.988000000000000000e+03
6.700000000000000000e+01 3.553000000000000000e+03
6.600000000000000000e+01 3.567000000000000000e+03
6.500000000000000000e+01 4.343000000000000000e+03
6.400000000000000000e+01 4.106000000000000000e+03
6.300000000000000000e+01 3.255000000000000000e+03
6.200000000000000000e+01 3.414000000000000000e+03
6.100000000000000000e+01 3.586000000000000000e+03
6.000000000000000000e+01 2.561000000000000000e+03
5.900000000000000000e+01 1.345000000000000000e+03
5.800000000000000000e+01 8.800000000000000000e+02
5.700000000000000000e+01 7.240000000000000000e+02
5.600000000000000000e+01 8.810000000000000000e+02
5.500000000000000000e+01 7.910000000000000000e+02
5.400000000000000000e+01 4.070000000000000000e+02
5.300000000000000000e+01 2.070000000000000000e+02
5.200000000000000000e+01 1.830000000000000000e+02
5.100000000000000000e+01 1.360000000000000000e+02
5.000000000000000000e+01 1.100000000000000000e+02
4.900000000000000000e+01 1.190000000000000000e+02
4.800000000000000000e+01 1.800000000000000000e+02
4.700000000000000000e+01 4.270000000000000000e+02
4.600000000000000000e+01 7.740000000000000000e+02
4.500000000000000000e+01 6.090000000000000000e+02
4.400000000000000000e+01 4.640000000000000000e+02
4.300000000000000000e+01 5.540000000000000000e+02
4.200000000000000000e+01 1.015000000000000000e+03
4.100000000000000000e+01 1.093000000000000000e+03
4.000000000000000000e+01 9.890000000000000000e+02
3.900000000000000000e+01 1.342000000000000000e+03
3.800000000000000000e+01 2.521000000000000000e+03
3.700000000000000000e+01 3.631000000000000000e+03
3.600000000000000000e+01 2.833000000000000000e+03
3.500000000000000000e+01 1.948000000000000000e+03
3.400000000000000000e+01 2.031000000000000000e+03
3.300000000000000000e+01 2.045000000000000000e+03
3.200000000000000000e+01 2.109000000000000000e+03
3.100000000000000000e+01 3.220000000000000000e+03
3.000000000000000000e+01 6.849000000000000000e+03
2.900000000000000000e+01 8.842000000000000000e+03
2.800000000000000000e+01 7.626000000000000000e+03
2.700000000000000000e+01 3.729000000000000000e+03
2.600000000000000000e+01 2.570000000000000000e+03
2.500000000000000000e+01 2.612000000000000000e+03
2.400000000000000000e+01 2.717000000000000000e+03
2.300000000000000000e+01 3.129000000000000000e+03
2.200000000000000000e+01 4.064000000000000000e+03
2.100000000000000000e+01 5.394000000000000000e+03
2.000000000000000000e+01 5.290000000000000000e+03
1.900000000000000000e+01 5.956000000000000000e+03
1.800000000000000000e+01 6.515000000000000000e+03
1.700000000000000000e+01 4.191000000000000000e+03
1.600000000000000000e+01 3.248000000000000000e+03
1.500000000000000000e+01 4.028000000000000000e+03
1.400000000000000000e+01 5.583000000000000000e+03
1.300000000000000000e+01 4.802000000000000000e+03
1.200000000000000000e+01 3.111000000000000000e+03
1.100000000000000000e+01 3.345000000000000000e+03
1.000000000000000000e+01 5.061000000000000000e+03
9.000000000000000000e+00 5.492000000000000000e+03
8.000000000000000000e+00 4.630000000000000000e+03
7.000000000000000000e+00 5.186000000000000000e+03
6.000000000000000000e+00 4.802000000000000000e+03
5.000000000000000000e+00 3.970000000000000000e+03
4.000000000000000000e+00 2.445000000000000000e+03
3.000000000000000000e+00 2.539000000000000000e+03
2.000000000000000000e+00 3.575000000000000000e+03
1.000000000000000000e+00 3.277000000000000000e+03
