1.043000000000000000e+03 0.000000000000000000e+00
1.042000000000000000e+03 0.000000000000000000e+00
1.041000000000000000e+03 0.000000000000000000e+00
1.040000000000000000e+03 0.000000000000000000e+00
1.039000000000000000e+03 0.000000000000000000e+00
1.038000000000000000e+03 0.000000000000000000e+00
1.037000000000000000e+03 0.000000000000000000e+00
1.036000000000000000e+03 0.000000000000000000e+00
1.035000000000000000e+03 0.000000000000000000e+00
1.034000000000000000e+03 0.000000000000000000e+00
1.033000000000000000e+03 0.000000000000000000e+00
1.032000000000000000e+03 0.000000000000000000e+00
1.031000000000000000e+03 0.000000000000000000e+00
1.030000000000000000e+03 0.000000000000000000e+00
1.029000000000000000e+03 0.000000000000000000e+00
1.028000000000000000e+03 0.000000000000000000e+00
1.027000000000000000e+03 1.000000000000000000e+00
1.026000000000000000e+03 1.000000000000000000e+00
1.025000000000000000e+03 0.000000000000000000e+00
1.024000000000000000e+03 0.000000000000000000e+00
1.023000000000000000e+03 0.000000000000000000e+00
1.022000000000000000e+03 0.000000000000000000e+00
1.021000000000000000e+03 0.000000000000000000e+00
1.020000000000000000e+03 0.000000000000000000e+00
1.019000000000000000e+03 0.000000000000000000e+00
1.018000000000000000e+03 1.000000000000000000e+00
1.017000000000000000e+03 1.000000000000000000e+00
1.016000000000000000e+03 0.000000000000000000e+00
1.015000000000000000e+03 0.000000000000000000e+00
1.014000000000000000e+03 0.000000000000000000e+00
1.013000000000000000e+03 0.000000000000000000e+00
1.012000000000000000e+03 0.000000000000000000e+00
1.011000000000000000e+03 0.000000000000000000e+00
1.010000000000000000e+03 0.000000000000000000e+00
1.009000000000000000e+03 1.000000000000000000e+00
1.008000000000000000e+03 0.000000000000000000e+00
1.007000000000000000e+03 0.000000000000000000e+00
1.006000000000000000e+03 0.000000000000000000e+00
1.005000000000000000e+03 0.000000000000000000e+00
1.004000000000000000e+03 1.000000000000000000e+00
1.003000000000000000e+03 0.000000000000000000e+00
1.002000000000000000e+03 0.000000000000000000e+00
1.001000000000000000e+03 0.000000000000000000e+00
1.000000000000000000e+03 0.000000000000000000e+00
9.990000000000000000e+02 0.000000000000000000e+00
9.980000000000000000e+02 0.000000000000000000e+00
9.970000000000000000e+02 0.000000000000000000e+00
9.960000000000000000e+02 0.000000000000000000e+00
9.950000000000000000e+02 0.000000000000000000e+00
9.940000000000000000e+02 0.000000000000000000e+00
9.930000000000000000e+02 0.000000000000000000e+00
9.920000000000000000e+02 0.000000000000000000e+00
9.910000000000000000e+02 0.000000000000000000e+00
9.900000000000000000e+02 0.000000000000000000e+00
9.890000000000000000e+02 1.000000000000000000e+00
9.880000000000000000e+02 0.000000000000000000e+00
9.870000000000000000e+02 0.000000000000000000e+00
9.860000000000000000e+02 0.000000000000000000e+00
9.850000000000000000e+02 0.000000000000000000e+00
9.840000000000000000e+02 0.000000000000000000e+00
9.830000000000000000e+02 0.000000000000000000e+00
9.820000000000000000e+02 0.000000000000000000e+00
9.810000000000000000e+02 0.000000000000000000e+00
9.800000000000000000e+02 0.000000000000000000e+00
9.790000000000000000e+02 0.000000000000000000e+00
9.780000000000000000e+02 0.000000000000000000e+00
9.770000000000000000e+02 0.000000000000000000e+00
9.760000000000000000e+02 0.000000000000000000e+00
9.750000000000000000e+02 0.000000000000000000e+00
9.740000000000000000e+02 0.000000000000000000e+00
9.730000000000000000e+02 0.000000000000000000e+00
9.720000000000000000e+02 1.000000000000000000e+00
9.710000000000000000e+02 0.000000000000000000e+00
9.700000000000000000e+02 0.000000000000000000e+00
9.690000000000000000e+02 0.000000000000000000e+00
9.680000000000000000e+02 1.000000000000000000e+00
9.670000000000000000e+02 0.000000000000000000e+00
9.660000000000000000e+02 0.000000000000000000e+00
9.650000000000000000e+02 0.000000000000000000e+00
9.640000000000000000e+02 1.000000000000000000e+00
9.630000000000000000e+02 0.000000000000000000e+00
9.620000000000000000e+02 0.000000000000000000e+00
9.610000000000000000e+02 1.000000000000000000e+00
9.600000000000000000e+02 0.000000000000000000e+00
9.590000000000000000e+02 0.000000000000000000e+00
9.580000000000000000e+02 1.000000000000000000e+00
9.570000000000000000e+02 1.000000000000000000e+00
9.560000000000000000e+02 0.000000000000000000e+00
9.550000000000000000e+02 0.000000000000000000e+00
9.540000000000000000e+02 1.000000000000000000e+00
9.530000000000000000e+02 0.000000000000000000e+00
9.520000000000000000e+02 1.000000000000000000e+00
9.510000000000000000e+02 0.000000000000000000e+00
9.500000000000000000e+02 1.000000000000000000e+00
9.490000000000000000e+02 0.000000000000000000e+00
9.480000000000000000e+02 0.000000000000000000e+00
9.470000000000000000e+02 1.000000000000000000e+00
9.460000000000000000e+02 1.000000000000000000e+00
9.450000000000000000e+02 2.000000000000000000e+00
9.440000000000000000e+02 2.000000000000000000e+00
9.430000000000000000e+02 2.000000000000000000e+00
9.420000000000000000e+02 2.000000000000000000e+00
9.410000000000000000e+02 3.000000000000000000e+00
9.400000000000000000e+02 0.000000000000000000e+00
9.390000000000000000e+02 1.000000000000000000e+00
9.380000000000000000e+02 0.000000000000000000e+00
9.370000000000000000e+02 0.000000000000000000e+00
9.360000000000000000e+02 0.000000000000000000e+00
9.350000000000000000e+02 1.000000000000000000e+00
9.340000000000000000e+02 1.000000000000000000e+00
9.330000000000000000e+02 2.000000000000000000e+00
9.320000000000000000e+02 1.000000000000000000e+00
9.310000000000000000e+02 2.000000000000000000e+00
9.300000000000000000e+02 1.000000000000000000e+00
9.290000000000000000e+02 1.000000000000000000e+00
9.280000000000000000e+02 1.000000000000000000e+00
9.270000000000000000e+02 1.000000000000000000e+00
9.260000000000000000e+02 0.000000000000000000e+00
9.250000000000000000e+02 1.000000000000000000e+00
9.240000000000000000e+02 1.000000000000000000e+00
9.230000000000000000e+02 0.000000000000000000e+00
9.220000000000000000e+02 0.000000000000000000e+00
9.210000000000000000e+02 2.000000000000000000e+00
9.200000000000000000e+02 0.000000000000000000e+00
9.190000000000000000e+02 1.000000000000000000e+00
9.180000000000000000e+02 0.000000000000000000e+00
9.170000000000000000e+02 1.000000000000000000e+00
9.160000000000000000e+02 2.000000000000000000e+00
9.150000000000000000e+02 0.000000000000000000e+00
9.140000000000000000e+02 0.000000000000000000e+00
9.130000000000000000e+02 0.000000000000000000e+00
9.120000000000000000e+02 1.000000000000000000e+00
9.110000000000000000e+02 0.000000000000000000e+00
9.100000000000000000e+02 0.000000000000000000e+00
9.090000000000000000e+02 0.000000000000000000e+00
9.080000000000000000e+02 1.000000000000000000e+00
9.070000000000000000e+02 0.000000000000000000e+00
9.060000000000000000e+02 1.000000000000000000e+00
9.050000000000000000e+02 0.000000000000000000e+00
9.040000000000000000e+02 0.000000000000000000e+00
9.030000000000000000e+02 1.000000000000000000e+00
9.020000000000000000e+02 0.000000000000000000e+00
9.010000000000000000e+02 0.000000000000000000e+00
9.000000000000000000e+02 0.000000000000000000e+00
8.990000000000000000e+02 0.000000000000000000e+00
8.980000000000000000e+02 0.000000000000000000e+00
8.970000000000000000e+02 0.000000000000000000e+00
8.960000000000000000e+02 0.000000000000000000e+00
8.950000000000000000e+02 0.000000000000000000e+00
8.940000000000000000e+02 0.000000000000000000e+00
8.930000000000000000e+02 0.000000000000000000e+00
8.920000000000000000e+02 0.000000000000000000e+00
8.910000000000000000e+02 0.000000000000000000e+00
8.900000000000000000e+02 0.000000000000000000e+00
8.890000000000000000e+02 0.000000000000000000e+00
8.880000000000000000e+02 0.000000000000000000e+00
8.870000000000000000e+02 0.000000000000000000e+00
8.860000000000000000e+02 0.000000000000000000e+00
8.850000000000000000e+02 0.000000000000000000e+00
8.840000000000000000e+02 2.000000000000000000e+00
8.830000000000000000e+02 1.000000000000000000e+00
8.820000000000000000e+02 1.000000000000000000e+00
8.810000000000000000e+02 0.000000000000000000e+00
8.800000000000000000e+02 1.000000000000000000e+00
8.790000000000000000e+02 2.000000000000000000e+00
8.780000000000000000e+02 2.000000000000000000e+00
8.770000000000000000e+02 1.000000000000000000e+00
8.760000000000000000e+02 3.000000000000000000e+00
8.750000000000000000e+02 1.000000000000000000e+00
8.740000000000000000e+02 5.000000000000000000e+00
8.730000000000000000e+02 3.000000000000000000e+00
8.720000000000000000e+02 2.000000000000000000e+00
8.710000000000000000e+02 0.000000000000000000e+00
8.700000000000000000e+02 3.000000000000000000e+00
8.690000000000000000e+02 0.000000000000000000e+00
8.680000000000000000e+02 5.000000000000000000e+00
8.670000000000000000e+02 8.000000000000000000e+00
8.660000000000000000e+02 4.000000000000000000e+00
8.650000000000000000e+02 4.000000000000000000e+00
8.640000000000000000e+02 1.000000000000000000e+00
8.630000000000000000e+02 4.000000000000000000e+00
8.620000000000000000e+02 3.000000000000000000e+00
8.610000000000000000e+02 4.000000000000000000e+00
8.600000000000000000e+02 5.000000000000000000e+00
8.590000000000000000e+02 6.000000000000000000e+00
8.580000000000000000e+02 1.100000000000000000e+01
8.570000000000000000e+02 6.000000000000000000e+00
8.560000000000000000e+02 6.000000000000000000e+00
8.550000000000000000e+02 1.000000000000000000e+01
8.540000000000000000e+02 8.000000000000000000e+00
8.530000000000000000e+02 9.000000000000000000e+00
8.520000000000000000e+02 6.000000000000000000e+00
8.510000000000000000e+02 1.100000000000000000e+01
8.500000000000000000e+02 6.000000000000000000e+00
8.490000000000000000e+02 6.000000000000000000e+00
8.480000000000000000e+02 -1.000000000000000000e+00
8.470000000000000000e+02 -1.000000000000000000e+00
8.460000000000000000e+02 -1.000000000000000000e+00
8.450000000000000000e+02 -1.000000000000000000e+00
8.440000000000000000e+02 -1.000000000000000000e+00
8.430000000000000000e+02 -1.000000000000000000e+00
8.420000000000000000e+02 -1.000000000000000000e+00
8.410000000000000000e+02 -1.000000000000000000e+00
8.400000000000000000e+02 -1.000000000000000000e+00
8.390000000000000000e+02 -1.000000000000000000e+00
8.380000000000000000e+02 -1.000000000000000000e+00
8.370000000000000000e+02 -1.000000000000000000e+00
8.360000000000000000e+02 -1.000000000000000000e+00
8.350000000000000000e+02 -1.000000000000000000e+00
8.340000000000000000e+02 -1.000000000000000000e+00
8.330000000000000000e+02 -1.000000000000000000e+00
8.320000000000000000e+02 -1.000000000000000000e+00
8.310000000000000000e+02 5.420000000000000000e+02
8.300000000000000000e+02 4.390000000000000000e+02
8.290000000000000000e+02 3.960000000000000000e+02
8.280000000000000000e+02 4.150000000000000000e+02
8.270000000000000000e+02 3.530000000000000000e+02
8.260000000000000000e+02 3.080000000000000000e+02
8.250000000000000000e+02 3.280000000000000000e+02
8.240000000000000000e+02 3.350000000000000000e+02
8.230000000000000000e+02 2.940000000000000000e+02
8.220000000000000000e+02 2.840000000000000000e+02
8.210000000000000000e+02 2.370000000000000000e+02
8.200000000000000000e+02 2.650000000000000000e+02
8.190000000000000000e+02 1.930000000000000000e+02
8.180000000000000000e+02 2.250000000000000000e+02
8.170000000000000000e+02 2.290000000000000000e+02
8.160000000000000000e+02 2.710000000000000000e+02
8.150000000000000000e+02 2.950000000000000000e+02
8.140000000000000000e+02 2.750000000000000000e+02
8.130000000000000000e+02 3.100000000000000000e+02
8.120000000000000000e+02 3.590000000000000000e+02
8.110000000000000000e+02 3.790000000000000000e+02
8.100000000000000000e+02 3.830000000000000000e+02
8.090000000000000000e+02 4.440000000000000000e+02
8.080000000000000000e+02 4.500000000000000000e+02
8.070000000000000000e+02 4.530000000000000000e+02
8.060000000000000000e+02 4.990000000000000000e+02
8.050000000000000000e+02 6.400000000000000000e+02
8.040000000000000000e+02 7.460000000000000000e+02
8.030000000000000000e+02 8.280000000000000000e+02
8.020000000000000000e+02 9.220000000000000000e+02
8.010000000000000000e+02 8.330000000000000000e+02
8.000000000000000000e+02 8.470000000000000000e+02
7.990000000000000000e+02 8.370000000000000000e+02
7.980000000000000000e+02 8.610000000000000000e+02
7.970000000000000000e+02 9.270000000000000000e+02
7.960000000000000000e+02 1.141000000000000000e+03
7.950000000000000000e+02 1.327000000000000000e+03
7.940000000000000000e+02 1.602000000000000000e+03
7.930000000000000000e+02 1.710000000000000000e+03
7.920000000000000000e+02 1.545000000000000000e+03
7.910000000000000000e+02 1.348000000000000000e+03
7.900000000000000000e+02 1.382000000000000000e+03
7.890000000000000000e+02 1.429000000000000000e+03
7.880000000000000000e+02 1.468000000000000000e+03
7.870000000000000000e+02 1.665000000000000000e+03
7.860000000000000000e+02 1.713000000000000000e+03
7.850000000000000000e+02 1.913000000000000000e+03
7.840000000000000000e+02 2.098000000000000000e+03
7.830000000000000000e+02 2.085000000000000000e+03
7.820000000000000000e+02 2.246000000000000000e+03
7.810000000000000000e+02 2.440000000000000000e+03
7.800000000000000000e+02 2.402000000000000000e+03
7.790000000000000000e+02 2.046000000000000000e+03
7.780000000000000000e+02 1.870000000000000000e+03
7.770000000000000000e+02 1.876000000000000000e+03
7.760000000000000000e+02 1.958000000000000000e+03
7.750000000000000000e+02 2.050000000000000000e+03
7.740000000000000000e+02 2.138000000000000000e+03
7.730000000000000000e+02 2.507000000000000000e+03
7.720000000000000000e+02 2.784000000000000000e+03
7.710000000000000000e+02 2.618000000000000000e+03
7.700000000000000000e+02 2.082000000000000000e+03
7.690000000000000000e+02 2.035000000000000000e+03
7.680000000000000000e+02 1.963000000000000000e+03
7.670000000000000000e+02 1.806000000000000000e+03
7.660000000000000000e+02 1.678000000000000000e+03
7.650000000000000000e+02 1.784000000000000000e+03
7.640000000000000000e+02 1.827000000000000000e+03
7.630000000000000000e+02 2.267000000000000000e+03
7.620000000000000000e+02 2.251000000000000000e+03
7.610000000000000000e+02 2.017000000000000000e+03
7.600000000000000000e+02 1.816000000000000000e+03
7.590000000000000000e+02 1.733000000000000000e+03
7.580000000000000000e+02 1.717000000000000000e+03
7.570000000000000000e+02 1.566000000000000000e+03
7.560000000000000000e+02 1.506000000000000000e+03
7.550000000000000000e+02 1.480000000000000000e+03
7.540000000000000000e+02 1.228000000000000000e+03
7.530000000000000000e+02 1.129000000000000000e+03
7.520000000000000000e+02 1.050000000000000000e+03
7.510000000000000000e+02 1.126000000000000000e+03
7.500000000000000000e+02 1.117000000000000000e+03
7.490000000000000000e+02 1.160000000000000000e+03
7.480000000000000000e+02 1.085000000000000000e+03
7.470000000000000000e+02 1.003000000000000000e+03
7.460000000000000000e+02 8.480000000000000000e+02
7.450000000000000000e+02 6.560000000000000000e+02
7.440000000000000000e+02 6.280000000000000000e+02
7.430000000000000000e+02 5.700000000000000000e+02
7.420000000000000000e+02 5.590000000000000000e+02
7.410000000000000000e+02 4.980000000000000000e+02
7.400000000000000000e+02 5.710000000000000000e+02
7.390000000000000000e+02 6.040000000000000000e+02
7.380000000000000000e+02 6.410000000000000000e+02
7.370000000000000000e+02 5.000000000000000000e+02
7.360000000000000000e+02 4.540000000000000000e+02
7.350000000000000000e+02 4.430000000000000000e+02
7.340000000000000000e+02 4.670000000000000000e+02
7.330000000000000000e+02 4.930000000000000000e+02
7.320000000000000000e+02 5.270000000000000000e+02
7.310000000000000000e+02 4.930000000000000000e+02
7.300000000000000000e+02 5.280000000000000000e+02
7.290000000000000000e+02 6.050000000000000000e+02
7.280000000000000000e+02 7.090000000000000000e+02
7.270000000000000000e+02 7.970000000000000000e+02
7.260000000000000000e+02 8.150000000000000000e+02
7.250000000000000000e+02 1.011000000000000000e+03
7.240000000000000000e+02 1.204000000000000000e+03
7.230000000000000000e+02 1.217000000000000000e+03
7.220000000000000000e+02 1.060000000000000000e+03
7.210000000000000000e+02 1.046000000000000000e+03
7.200000000000000000e+02 1.160000000000000000e+03
7.190000000000000000e+02 1.239000000000000000e+03
7.180000000000000000e+02 1.431000000000000000e+03
7.170000000000000000e+02 1.519000000000000000e+03
7.160000000000000000e+02 1.750000000000000000e+03
7.150000000000000000e+02 2.001000000000000000e+03
7.140000000000000000e+02 2.363000000000000000e+03
7.130000000000000000e+02 2.664000000000000000e+03
7.120000000000000000e+02 2.430000000000000000e+03
7.110000000000000000e+02 2.163000000000000000e+03
7.100000000000000000e+02 2.231000000000000000e+03
7.090000000000000000e+02 2.396000000000000000e+03
7.080000000000000000e+02 2.482000000000000000e+03
7.070000000000000000e+02 2.766000000000000000e+03
7.060000000000000000e+02 3.138000000000000000e+03
7.050000000000000000e+02 3.322000000000000000e+03
7.040000000000000000e+02 3.741000000000000000e+03
7.030000000000000000e+02 3.431000000000000000e+03
7.020000000000000000e+02 3.448000000000000000e+03
7.010000000000000000e+02 3.310000000000000000e+03
7.000000000000000000e+02 3.331000000000000000e+03
6.990000000000000000e+02 3.362000000000000000e+03
6.980000000000000000e+02 3.656000000000000000e+03
6.970000000000000000e+02 3.993000000000000000e+03
6.960000000000000000e+02 3.785000000000000000e+03
6.950000000000000000e+02 3.920000000000000000e+03
6.940000000000000000e+02 3.902000000000000000e+03
6.930000000000000000e+02 3.635000000000000000e+03
6.920000000000000000e+02 3.513000000000000000e+03
6.910000000000000000e+02 3.593000000000000000e+03
6.900000000000000000e+02 3.638000000000000000e+03
6.890000000000000000e+02 3.763000000000000000e+03
6.880000000000000000e+02 3.478000000000000000e+03
6.870000000000000000e+02 3.767000000000000000e+03
6.860000000000000000e+02 3.660000000000000000e+03
6.850000000000000000e+02 3.363000000000000000e+03
6.840000000000000000e+02 2.872000000000000000e+03
6.830000000000000000e+02 2.724000000000000000e+03
6.820000000000000000e+02 2.765000000000000000e+03
6.810000000000000000e+02 2.882000000000000000e+03
6.800000000000000000e+02 3.099000000000000000e+03
6.790000000000000000e+02 3.032000000000000000e+03
6.780000000000000000e+02 2.778000000000000000e+03
6.770000000000000000e+02 2.462000000000000000e+03
6.760000000000000000e+02 2.504000000000000000e+03
6.750000000000000000e+02 2.256000000000000000e+03
6.740000000000000000e+02 1.657000000000000000e+03
6.730000000000000000e+02 1.455000000000000000e+03
6.720000000000000000e+02 1.519000000000000000e+03
6.710000000000000000e+02 1.548000000000000000e+03
6.700000000000000000e+02 1.624000000000000000e+03
6.690000000000000000e+02 1.579000000000000000e+03
6.680000000000000000e+02 1.194000000000000000e+03
6.670000000000000000e+02 1.028000000000000000e+03
6.660000000000000000e+02 1.073000000000000000e+03
6.650000000000000000e+02 1.040000000000000000e+03
6.640000000000000000e+02 8.280000000000000000e+02
6.630000000000000000e+02 5.780000000000000000e+02
6.620000000000000000e+02 4.550000000000000000e+02
6.610000000000000000e+02 4.350000000000000000e+02
6.600000000000000000e+02 4.350000000000000000e+02
6.590000000000000000e+02 3.960000000000000000e+02
6.580000000000000000e+02 4.390000000000000000e+02
6.570000000000000000e+02 3.370000000000000000e+02
6.560000000000000000e+02 3.220000000000000000e+02
6.550000000000000000e+02 3.180000000000000000e+02
6.540000000000000000e+02 3.290000000000000000e+02
6.530000000000000000e+02 4.200000000000000000e+02
6.520000000000000000e+02 3.780000000000000000e+02
6.510000000000000000e+02 4.330000000000000000e+02
6.500000000000000000e+02 4.640000000000000000e+02
6.490000000000000000e+02 6.080000000000000000e+02
6.480000000000000000e+02 7.620000000000000000e+02
6.470000000000000000e+02 8.060000000000000000e+02
6.460000000000000000e+02 8.760000000000000000e+02
6.450000000000000000e+02 8.770000000000000000e+02
6.440000000000000000e+02 9.680000000000000000e+02
6.430000000000000000e+02 1.130000000000000000e+03
6.420000000000000000e+02 1.326000000000000000e+03
6.410000000000000000e+02 1.486000000000000000e+03
6.400000000000000000e+02 1.365000000000000000e+03
6.390000000000000000e+02 1.624000000000000000e+03
6.380000000000000000e+02 1.946000000000000000e+03
6.370000000000000000e+02 2.308000000000000000e+03
6.360000000000000000e+02 -1.000000000000000000e+00
6.350000000000000000e+02 -1.000000000000000000e+00
6.340000000000000000e+02 -1.000000000000000000e+00
6.330000000000000000e+02 -1.000000000000000000e+00
6.320000000000000000e+02 -1.000000000000000000e+00
6.310000000000000000e+02 -1.000000000000000000e+00
6.300000000000000000e+02 -1.000000000000000000e+00
6.290000000000000000e+02 -1.000000000000000000e+00
6.280000000000000000e+02 -1.000000000000000000e+00
6.270000000000000000e+02 -1.000000000000000000e+00
6.260000000000000000e+02 -1.000000000000000000e+00
6.250000000000000000e+02 -1.000000000000000000e+00
6.240000000000000000e+02 -1.000000000000000000e+00
6.230000000000000000e+02 -1.000000000000000000e+00
6.220000000000000000e+02 -1.000000000000000000e+00
6.210000000000000000e+02 -1.000000000000000000e+00
6.200000000000000000e+02 -1.000000000000000000e+00
6.190000000000000000e+02 4.258000000000000000e+03
6.180000000000000000e+02 4.517000000000000000e+03
6.170000000000000000e+02 4.880000000000000000e+03
6.160000000000000000e+02 5.460000000000000000e+03
6.150000000000000000e+02 6.538000000000000000e+03
6.140000000000000000e+02 6.598000000000000000e+03
6.130000000000000000e+02 5.827000000000000000e+03
6.120000000000000000e+02 5.208000000000000000e+03
6.110000000000000000e+02 4.846000000000000000e+03
6.100000000000000000e+02 4.514000000000000000e+03
6.090000000000000000e+02 4.615000000000000000e+03
6.080000000000000000e+02 4.688000000000000000e+03
6.070000000000000000e+02 5.008000000000000000e+03
6.060000000000000000e+02 5.159000000000000000e+03
6.050000000000000000e+02 4.986000000000000000e+03
6.040000000000000000e+02 4.841000000000000000e+03
6.030000000000000000e+02 5.067000000000000000e+03
6.020000000000000000e+02 5.238000000000000000e+03
6.010000000000000000e+02 5.029000000000000000e+03
6.000000000000000000e+02 4.503000000000000000e+03
5.990000000000000000e+02 3.975000000000000000e+03
5.980000000000000000e+02 3.882000000000000000e+03
5.970000000000000000e+02 3.847000000000000000e+03
5.960000000000000000e+02 4.197000000000000000e+03
5.950000000000000000e+02 4.240000000000000000e+03
5.940000000000000000e+02 4.199000000000000000e+03
5.930000000000000000e+02 3.800000000000000000e+03
5.920000000000000000e+02 3.322000000000000000e+03
5.910000000000000000e+02 3.299000000000000000e+03
5.900000000000000000e+02 3.087000000000000000e+03
5.890000000000000000e+02 3.063000000000000000e+03
5.880000000000000000e+02 2.992000000000000000e+03
5.870000000000000000e+02 2.282000000000000000e+03
5.860000000000000000e+02 1.661000000000000000e+03
5.850000000000000000e+02 1.482000000000000000e+03
5.840000000000000000e+02 1.408000000000000000e+03
5.830000000000000000e+02 1.416000000000000000e+03
5.820000000000000000e+02 1.622000000000000000e+03
5.810000000000000000e+02 1.651000000000000000e+03
5.800000000000000000e+02 1.817000000000000000e+03
5.790000000000000000e+02 1.911000000000000000e+03
5.780000000000000000e+02 1.903000000000000000e+03
5.770000000000000000e+02 2.068000000000000000e+03
5.760000000000000000e+02 2.357000000000000000e+03
5.750000000000000000e+02 2.733000000000000000e+03
5.740000000000000000e+02 2.775000000000000000e+03
5.730000000000000000e+02 2.608000000000000000e+03
5.720000000000000000e+02 2.636000000000000000e+03
5.710000000000000000e+02 2.799000000000000000e+03
5.700000000000000000e+02 2.823000000000000000e+03
5.690000000000000000e+02 3.043000000000000000e+03
5.680000000000000000e+02 3.468000000000000000e+03
5.670000000000000000e+02 4.090000000000000000e+03
5.660000000000000000e+02 4.830000000000000000e+03
5.650000000000000000e+02 5.328000000000000000e+03
5.640000000000000000e+02 5.423000000000000000e+03
5.630000000000000000e+02 5.748000000000000000e+03
5.620000000000000000e+02 6.388000000000000000e+03
5.610000000000000000e+02 7.372000000000000000e+03
5.600000000000000000e+02 8.413000000000000000e+03
5.590000000000000000e+02 8.830000000000000000e+03
5.580000000000000000e+02 8.739000000000000000e+03
5.570000000000000000e+02 8.593000000000000000e+03
5.560000000000000000e+02 8.180000000000000000e+03
5.550000000000000000e+02 8.760000000000000000e+03
5.540000000000000000e+02 9.847000000000000000e+03
5.530000000000000000e+02 1.041400000000000000e+04
5.520000000000000000e+02 1.134000000000000000e+04
5.510000000000000000e+02 1.130400000000000000e+04
5.500000000000000000e+02 9.631000000000000000e+03
5.490000000000000000e+02 8.965000000000000000e+03
5.480000000000000000e+02 8.938000000000000000e+03
5.470000000000000000e+02 9.258000000000000000e+03
5.460000000000000000e+02 1.044600000000000000e+04
5.450000000000000000e+02 1.160900000000000000e+04
5.440000000000000000e+02 1.253000000000000000e+04
5.430000000000000000e+02 1.310500000000000000e+04
5.420000000000000000e+02 1.304000000000000000e+04
5.410000000000000000e+02 1.310000000000000000e+04
5.400000000000000000e+02 1.267700000000000000e+04
5.390000000000000000e+02 1.296900000000000000e+04
5.380000000000000000e+02 1.319500000000000000e+04
5.370000000000000000e+02 1.325200000000000000e+04
5.360000000000000000e+02 1.358000000000000000e+04
5.350000000000000000e+02 1.406400000000000000e+04
5.340000000000000000e+02 1.461400000000000000e+04
5.330000000000000000e+02 1.387900000000000000e+04
5.320000000000000000e+02 1.412000000000000000e+04
5.310000000000000000e+02 1.344200000000000000e+04
5.300000000000000000e+02 1.296300000000000000e+04
5.290000000000000000e+02 1.223100000000000000e+04
5.280000000000000000e+02 1.189000000000000000e+04
5.270000000000000000e+02 1.130900000000000000e+04
5.260000000000000000e+02 1.074200000000000000e+04
5.250000000000000000e+02 1.100200000000000000e+04
5.240000000000000000e+02 1.117000000000000000e+04
5.230000000000000000e+02 1.097100000000000000e+04
5.220000000000000000e+02 1.128400000000000000e+04
5.210000000000000000e+02 1.158700000000000000e+04
5.200000000000000000e+02 1.332400000000000000e+04
5.190000000000000000e+02 1.286800000000000000e+04
5.180000000000000000e+02 1.208900000000000000e+04
5.170000000000000000e+02 1.085700000000000000e+04
5.160000000000000000e+02 1.055400000000000000e+04
5.150000000000000000e+02 9.746000000000000000e+03
5.140000000000000000e+02 1.008300000000000000e+04
5.130000000000000000e+02 1.037800000000000000e+04
5.120000000000000000e+02 1.078200000000000000e+04
5.110000000000000000e+02 1.022700000000000000e+04
5.100000000000000000e+02 1.013700000000000000e+04
5.090000000000000000e+02 9.367000000000000000e+03
5.080000000000000000e+02 8.843000000000000000e+03
5.070000000000000000e+02 8.407000000000000000e+03
5.060000000000000000e+02 8.272000000000000000e+03
5.050000000000000000e+02 8.680000000000000000e+03
5.040000000000000000e+02 8.574000000000000000e+03
5.030000000000000000e+02 8.505000000000000000e+03
5.020000000000000000e+02 8.337000000000000000e+03
5.010000000000000000e+02 7.461000000000000000e+03
5.000000000000000000e+02 6.637000000000000000e+03
4.990000000000000000e+02 6.482000000000000000e+03
4.980000000000000000e+02 5.772000000000000000e+03
4.970000000000000000e+02 6.069000000000000000e+03
4.960000000000000000e+02 6.906000000000000000e+03
4.950000000000000000e+02 7.874000000000000000e+03
4.940000000000000000e+02 9.095000000000000000e+03
4.930000000000000000e+02 1.039700000000000000e+04
4.920000000000000000e+02 1.066300000000000000e+04
4.910000000000000000e+02 1.095500000000000000e+04
4.900000000000000000e+02 1.123400000000000000e+04
4.890000000000000000e+02 1.203200000000000000e+04
4.880000000000000000e+02 1.328000000000000000e+04
4.870000000000000000e+02 1.323500000000000000e+04
4.860000000000000000e+02 1.397800000000000000e+04
4.850000000000000000e+02 1.377800000000000000e+04
4.840000000000000000e+02 1.271600000000000000e+04
4.830000000000000000e+02 9.925000000000000000e+03
4.820000000000000000e+02 7.856000000000000000e+03
4.810000000000000000e+02 6.737000000000000000e+03
4.800000000000000000e+02 6.286000000000000000e+03
4.790000000000000000e+02 5.631000000000000000e+03
4.780000000000000000e+02 5.642000000000000000e+03
4.770000000000000000e+02 6.032000000000000000e+03
4.760000000000000000e+02 6.189000000000000000e+03
4.750000000000000000e+02 6.448000000000000000e+03
4.740000000000000000e+02 5.917000000000000000e+03
4.730000000000000000e+02 5.900000000000000000e+03
4.720000000000000000e+02 5.154000000000000000e+03
4.710000000000000000e+02 4.030000000000000000e+03
4.700000000000000000e+02 2.734000000000000000e+03
4.690000000000000000e+02 1.941000000000000000e+03
4.680000000000000000e+02 1.379000000000000000e+03
4.670000000000000000e+02 1.033000000000000000e+03
4.660000000000000000e+02 1.078000000000000000e+03
4.650000000000000000e+02 1.461000000000000000e+03
4.640000000000000000e+02 1.970000000000000000e+03
4.630000000000000000e+02 2.685000000000000000e+03
4.620000000000000000e+02 3.828000000000000000e+03
4.610000000000000000e+02 5.108000000000000000e+03
4.600000000000000000e+02 5.759000000000000000e+03
4.590000000000000000e+02 5.955000000000000000e+03
4.580000000000000000e+02 5.475000000000000000e+03
4.570000000000000000e+02 5.459000000000000000e+03
4.560000000000000000e+02 5.171000000000000000e+03
4.550000000000000000e+02 4.684000000000000000e+03
4.540000000000000000e+02 5.252000000000000000e+03
4.530000000000000000e+02 5.616000000000000000e+03
4.520000000000000000e+02 6.918000000000000000e+03
4.510000000000000000e+02 7.282000000000000000e+03
4.500000000000000000e+02 7.132000000000000000e+03
4.490000000000000000e+02 8.488000000000000000e+03
4.480000000000000000e+02 8.249000000000000000e+03
4.470000000000000000e+02 7.142000000000000000e+03
4.460000000000000000e+02 6.942000000000000000e+03
4.450000000000000000e+02 7.113000000000000000e+03
4.440000000000000000e+02 7.827000000000000000e+03
4.430000000000000000e+02 8.369000000000000000e+03
4.420000000000000000e+02 1.021500000000000000e+04
4.410000000000000000e+02 1.283200000000000000e+04
4.400000000000000000e+02 1.379500000000000000e+04
4.390000000000000000e+02 1.416400000000000000e+04
4.380000000000000000e+02 1.494000000000000000e+04
4.370000000000000000e+02 1.483700000000000000e+04
4.360000000000000000e+02 1.384300000000000000e+04
4.350000000000000000e+02 1.246000000000000000e+04
4.340000000000000000e+02 9.710000000000000000e+03
4.330000000000000000e+02 8.129000000000000000e+03
4.320000000000000000e+02 5.537000000000000000e+03
4.310000000000000000e+02 4.615000000000000000e+03
4.300000000000000000e+02 5.277000000000000000e+03
4.290000000000000000e+02 8.081000000000000000e+03
4.280000000000000000e+02 1.194100000000000000e+04
4.270000000000000000e+02 1.639700000000000000e+04
4.260000000000000000e+02 2.046300000000000000e+04
4.250000000000000000e+02 2.254200000000000000e+04
4.240000000000000000e+02 -1.000000000000000000e+00
4.230000000000000000e+02 -1.000000000000000000e+00
4.220000000000000000e+02 -1.000000000000000000e+00
4.210000000000000000e+02 -1.000000000000000000e+00
4.200000000000000000e+02 -1.000000000000000000e+00
4.190000000000000000e+02 -1.000000000000000000e+00
4.180000000000000000e+02 -1.000000000000000000e+00
4.170000000000000000e+02 -1.000000000000000000e+00
4.160000000000000000e+02 -1.000000000000000000e+00
4.150000000000000000e+02 -1.000000000000000000e+00
4.140000000000000000e+02 -1.000000000000000000e+00
4.130000000000000000e+02 -1.000000000000000000e+00
4.120000000000000000e+02 -1.000000000000000000e+00
4.110000000000000000e+02 -1.000000000000000000e+00
4.100000000000000000e+02 -1.000000000000000000e+00
4.090000000000000000e+02 -1.000000000000000000e+00
4.080000000000000000e+02 -1.000000000000000000e+00
4.070000000000000000e+02 2.570200000000000000e+04
4.060000000000000000e+02 2.579900000000000000e+04
4.050000000000000000e+02 2.459500000000000000e+04
4.040000000000000000e+02 2.404200000000000000e+04
4.030000000000000000e+02 2.284100000000000000e+04
4.020000000000000000e+02 2.037600000000000000e+04
4.010000000000000000e+02 1.831800000000000000e+04
4.000000000000000000e+02 1.715000000000000000e+04
3.990000000000000000e+02 1.553000000000000000e+04
3.980000000000000000e+02 1.391000000000000000e+04
3.970000000000000000e+02 1.395500000000000000e+04
3.960000000000000000e+02 1.476500000000000000e+04
3.950000000000000000e+02 1.619200000000000000e+04
3.940000000000000000e+02 1.867800000000000000e+04
3.930000000000000000e+02 2.166800000000000000e+04
3.920000000000000000e+02 2.330700000000000000e+04
3.910000000000000000e+02 2.424100000000000000e+04
3.900000000000000000e+02 2.525700000000000000e+04
3.890000000000000000e+02 2.625800000000000000e+04
3.880000000000000000e+02 2.675200000000000000e+04
3.870000000000000000e+02 2.712300000000000000e+04
3.860000000000000000e+02 2.799400000000000000e+04
3.850000000000000000e+02 2.888500000000000000e+04
3.840000000000000000e+02 2.933200000000000000e+04
3.830000000000000000e+02 3.014800000000000000e+04
3.820000000000000000e+02 3.060700000000000000e+04
3.810000000000000000e+02 3.142300000000000000e+04
3.800000000000000000e+02 3.264400000000000000e+04
3.790000000000000000e+02 3.348400000000000000e+04
3.780000000000000000e+02 3.417300000000000000e+04
3.770000000000000000e+02 3.486000000000000000e+04
3.760000000000000000e+02 3.564900000000000000e+04
3.750000000000000000e+02 3.672000000000000000e+04
3.740000000000000000e+02 3.779000000000000000e+04
3.730000000000000000e+02 3.936100000000000000e+04
3.720000000000000000e+02 4.166500000000000000e+04
3.710000000000000000e+02 4.318100000000000000e+04
3.700000000000000000e+02 4.549300000000000000e+04
3.690000000000000000e+02 4.741700000000000000e+04
3.680000000000000000e+02 4.678500000000000000e+04
3.670000000000000000e+02 4.536100000000000000e+04
3.660000000000000000e+02 4.264500000000000000e+04
3.650000000000000000e+02 3.978800000000000000e+04
3.640000000000000000e+02 3.786400000000000000e+04
3.630000000000000000e+02 3.573800000000000000e+04
3.620000000000000000e+02 3.444300000000000000e+04
3.610000000000000000e+02 3.263700000000000000e+04
3.600000000000000000e+02 3.265600000000000000e+04
3.590000000000000000e+02 3.186800000000000000e+04
3.580000000000000000e+02 3.171100000000000000e+04
3.570000000000000000e+02 3.192800000000000000e+04
3.560000000000000000e+02 3.268600000000000000e+04
3.550000000000000000e+02 3.393500000000000000e+04
3.540000000000000000e+02 3.448000000000000000e+04
3.530000000000000000e+02 3.516800000000000000e+04
3.520000000000000000e+02 3.541700000000000000e+04
3.510000000000000000e+02 3.548600000000000000e+04
3.500000000000000000e+02 3.576100000000000000e+04
3.490000000000000000e+02 3.548500000000000000e+04
3.480000000000000000e+02 3.414200000000000000e+04
3.470000000000000000e+02 3.256300000000000000e+04
3.460000000000000000e+02 3.041600000000000000e+04
3.450000000000000000e+02 2.896800000000000000e+04
3.440000000000000000e+02 2.767500000000000000e+04
3.430000000000000000e+02 2.630300000000000000e+04
3.420000000000000000e+02 2.497800000000000000e+04
3.410000000000000000e+02 2.416600000000000000e+04
3.400000000000000000e+02 2.274100000000000000e+04
3.390000000000000000e+02 2.190800000000000000e+04
3.380000000000000000e+02 2.105900000000000000e+04
3.370000000000000000e+02 2.025900000000000000e+04
3.360000000000000000e+02 1.953500000000000000e+04
3.350000000000000000e+02 1.871200000000000000e+04
3.340000000000000000e+02 1.803900000000000000e+04
3.330000000000000000e+02 1.742600000000000000e+04
3.320000000000000000e+02 1.705300000000000000e+04
3.310000000000000000e+02 1.734100000000000000e+04
3.300000000000000000e+02 1.727300000000000000e+04
3.290000000000000000e+02 1.707400000000000000e+04
3.280000000000000000e+02 1.733300000000000000e+04
3.270000000000000000e+02 1.688200000000000000e+04
3.260000000000000000e+02 1.671200000000000000e+04
3.250000000000000000e+02 1.657400000000000000e+04
3.240000000000000000e+02 1.647200000000000000e+04
3.230000000000000000e+02 1.651900000000000000e+04
3.220000000000000000e+02 1.624000000000000000e+04
3.210000000000000000e+02 1.611500000000000000e+04
3.200000000000000000e+02 1.616400000000000000e+04
3.190000000000000000e+02 1.567300000000000000e+04
3.180000000000000000e+02 1.533000000000000000e+04
3.170000000000000000e+02 1.513400000000000000e+04
3.160000000000000000e+02 1.473900000000000000e+04
3.150000000000000000e+02 1.420700000000000000e+04
3.140000000000000000e+02 1.353200000000000000e+04
3.130000000000000000e+02 1.329600000000000000e+04
3.120000000000000000e+02 1.290400000000000000e+04
3.110000000000000000e+02 1.008000000000000000e+04
3.100000000000000000e+02 9.803000000000000000e+03
3.090000000000000000e+02 9.539000000000000000e+03
3.080000000000000000e+02 1.147000000000000000e+04
3.070000000000000000e+02 1.112100000000000000e+04
3.060000000000000000e+02 1.045600000000000000e+04
3.050000000000000000e+02 1.025400000000000000e+04
3.040000000000000000e+02 9.700000000000000000e+03
3.030000000000000000e+02 9.074000000000000000e+03
3.020000000000000000e+02 8.627000000000000000e+03
3.010000000000000000e+02 8.106000000000000000e+03
3.000000000000000000e+02 7.505000000000000000e+03
2.990000000000000000e+02 6.966000000000000000e+03
2.980000000000000000e+02 6.469000000000000000e+03
2.970000000000000000e+02 5.920000000000000000e+03
2.960000000000000000e+02 5.513000000000000000e+03
2.950000000000000000e+02 4.995000000000000000e+03
2.940000000000000000e+02 4.646000000000000000e+03
2.930000000000000000e+02 4.274000000000000000e+03
2.920000000000000000e+02 3.731000000000000000e+03
2.910000000000000000e+02 3.347000000000000000e+03
2.900000000000000000e+02 3.061000000000000000e+03
2.890000000000000000e+02 2.619000000000000000e+03
2.880000000000000000e+02 2.210000000000000000e+03
2.870000000000000000e+02 1.885000000000000000e+03
2.860000000000000000e+02 1.581000000000000000e+03
2.850000000000000000e+02 1.296000000000000000e+03
2.840000000000000000e+02 1.012000000000000000e+03
2.830000000000000000e+02 8.480000000000000000e+02
2.820000000000000000e+02 6.210000000000000000e+02
2.810000000000000000e+02 4.330000000000000000e+02
2.800000000000000000e+02 3.220000000000000000e+02
2.790000000000000000e+02 3.010000000000000000e+02
2.780000000000000000e+02 2.640000000000000000e+02
2.770000000000000000e+02 2.990000000000000000e+02
2.760000000000000000e+02 2.760000000000000000e+02
2.750000000000000000e+02 3.180000000000000000e+02
2.740000000000000000e+02 3.790000000000000000e+02
2.730000000000000000e+02 4.040000000000000000e+02
2.720000000000000000e+02 4.050000000000000000e+02
2.710000000000000000e+02 4.780000000000000000e+02
2.700000000000000000e+02 5.160000000000000000e+02
2.690000000000000000e+02 5.490000000000000000e+02
2.680000000000000000e+02 6.040000000000000000e+02
2.670000000000000000e+02 6.920000000000000000e+02
2.660000000000000000e+02 6.730000000000000000e+02
2.650000000000000000e+02 8.030000000000000000e+02
2.640000000000000000e+02 9.080000000000000000e+02
2.630000000000000000e+02 9.870000000000000000e+02
2.620000000000000000e+02 1.068000000000000000e+03
2.610000000000000000e+02 1.115000000000000000e+03
2.600000000000000000e+02 1.206000000000000000e+03
2.590000000000000000e+02 1.250000000000000000e+03
2.580000000000000000e+02 1.309000000000000000e+03
2.570000000000000000e+02 1.437000000000000000e+03
2.560000000000000000e+02 1.481000000000000000e+03
2.550000000000000000e+02 1.534000000000000000e+03
2.540000000000000000e+02 1.583000000000000000e+03
2.530000000000000000e+02 1.570000000000000000e+03
2.520000000000000000e+02 1.748000000000000000e+03
2.510000000000000000e+02 1.906000000000000000e+03
2.500000000000000000e+02 1.989000000000000000e+03
2.490000000000000000e+02 2.215000000000000000e+03
2.480000000000000000e+02 2.348000000000000000e+03
2.470000000000000000e+02 2.453000000000000000e+03
2.460000000000000000e+02 2.539000000000000000e+03
2.450000000000000000e+02 2.483000000000000000e+03
2.440000000000000000e+02 2.554000000000000000e+03
2.430000000000000000e+02 2.547000000000000000e+03
2.420000000000000000e+02 2.572000000000000000e+03
2.410000000000000000e+02 2.518000000000000000e+03
2.400000000000000000e+02 2.606000000000000000e+03
2.390000000000000000e+02 2.910000000000000000e+03
2.380000000000000000e+02 3.196000000000000000e+03
2.370000000000000000e+02 3.417000000000000000e+03
2.360000000000000000e+02 3.570000000000000000e+03
2.350000000000000000e+02 3.601000000000000000e+03
2.340000000000000000e+02 3.596000000000000000e+03
2.330000000000000000e+02 3.493000000000000000e+03
2.320000000000000000e+02 3.519000000000000000e+03
2.310000000000000000e+02 3.449000000000000000e+03
2.300000000000000000e+02 3.576000000000000000e+03
2.290000000000000000e+02 3.842000000000000000e+03
2.280000000000000000e+02 4.203000000000000000e+03
2.270000000000000000e+02 4.500000000000000000e+03
2.260000000000000000e+02 4.664000000000000000e+03
2.250000000000000000e+02 4.993000000000000000e+03
2.240000000000000000e+02 5.261000000000000000e+03
2.230000000000000000e+02 5.618000000000000000e+03
2.220000000000000000e+02 6.035000000000000000e+03
2.210000000000000000e+02 6.521000000000000000e+03
2.200000000000000000e+02 6.623000000000000000e+03
2.190000000000000000e+02 6.867000000000000000e+03
2.180000000000000000e+02 7.207000000000000000e+03
2.170000000000000000e+02 7.409000000000000000e+03
2.160000000000000000e+02 7.715000000000000000e+03
2.150000000000000000e+02 8.007000000000000000e+03
2.140000000000000000e+02 8.103000000000000000e+03
2.130000000000000000e+02 8.069000000000000000e+03
2.120000000000000000e+02 -1.000000000000000000e+00
2.110000000000000000e+02 -1.000000000000000000e+00
2.100000000000000000e+02 -1.000000000000000000e+00
2.090000000000000000e+02 -1.000000000000000000e+00
2.080000000000000000e+02 -1.000000000000000000e+00
2.070000000000000000e+02 -1.000000000000000000e+00
2.060000000000000000e+02 -1.000000000000000000e+00
2.050000000000000000e+02 -1.000000000000000000e+00
2.040000000000000000e+02 -1.000000000000000000e+00
2.030000000000000000e+02 -1.000000000000000000e+00
2.020000000000000000e+02 -1.000000000000000000e+00
2.010000000000000000e+02 -1.000000000000000000e+00
2.000000000000000000e+02 -1.000000000000000000e+00
1.990000000000000000e+02 -1.000000000000000000e+00
1.980000000000000000e+02 -1.000000000000000000e+00
1.970000000000000000e+02 -1.000000000000000000e+00
1.960000000000000000e+02 -1.000000000000000000e+00
1.950000000000000000e+02 5.679000000000000000e+03
1.940000000000000000e+02 5.915000000000000000e+03
1.930000000000000000e+02 6.132000000000000000e+03
1.920000000000000000e+02 6.197000000000000000e+03
1.910000000000000000e+02 6.159000000000000000e+03
1.900000000000000000e+02 6.339000000000000000e+03
1.890000000000000000e+02 7.055000000000000000e+03
1.880000000000000000e+02 7.437000000000000000e+03
1.870000000000000000e+02 7.823000000000000000e+03
1.860000000000000000e+02 8.182000000000000000e+03
1.850000000000000000e+02 8.518000000000000000e+03
1.840000000000000000e+02 8.177000000000000000e+03
1.830000000000000000e+02 7.780000000000000000e+03
1.820000000000000000e+02 6.963000000000000000e+03
1.810000000000000000e+02 6.714000000000000000e+03
1.800000000000000000e+02 6.522000000000000000e+03
1.790000000000000000e+02 6.127000000000000000e+03
1.780000000000000000e+02 6.109000000000000000e+03
1.770000000000000000e+02 6.177000000000000000e+03
1.760000000000000000e+02 6.065000000000000000e+03
1.750000000000000000e+02 5.873000000000000000e+03
1.740000000000000000e+02 6.030000000000000000e+03
1.730000000000000000e+02 6.080000000000000000e+03
1.720000000000000000e+02 6.215000000000000000e+03
1.710000000000000000e+02 7.202000000000000000e+03
1.700000000000000000e+02 7.490000000000000000e+03
1.690000000000000000e+02 7.810000000000000000e+03
1.680000000000000000e+02 8.118000000000000000e+03
1.670000000000000000e+02 8.105000000000000000e+03
1.660000000000000000e+02 7.819000000000000000e+03
1.650000000000000000e+02 7.798000000000000000e+03
1.640000000000000000e+02 7.811000000000000000e+03
1.630000000000000000e+02 7.399000000000000000e+03
1.620000000000000000e+02 6.718000000000000000e+03
1.610000000000000000e+02 6.474000000000000000e+03
1.600000000000000000e+02 5.696000000000000000e+03
1.590000000000000000e+02 5.093000000000000000e+03
1.580000000000000000e+02 4.778000000000000000e+03
1.570000000000000000e+02 4.524000000000000000e+03
1.560000000000000000e+02 4.438000000000000000e+03
1.550000000000000000e+02 4.400000000000000000e+03
1.540000000000000000e+02 4.419000000000000000e+03
1.530000000000000000e+02 4.318000000000000000e+03
1.520000000000000000e+02 4.210000000000000000e+03
1.510000000000000000e+02 4.283000000000000000e+03
1.500000000000000000e+02 4.255000000000000000e+03
1.490000000000000000e+02 4.457000000000000000e+03
1.480000000000000000e+02 4.479000000000000000e+03
1.470000000000000000e+02 4.709000000000000000e+03
1.460000000000000000e+02 4.925000000000000000e+03
1.450000000000000000e+02 4.488000000000000000e+03
1.440000000000000000e+02 4.647000000000000000e+03
1.430000000000000000e+02 4.963000000000000000e+03
1.420000000000000000e+02 5.613000000000000000e+03
1.410000000000000000e+02 6.411000000000000000e+03
1.400000000000000000e+02 6.606000000000000000e+03
1.390000000000000000e+02 7.073000000000000000e+03
1.380000000000000000e+02 7.379000000000000000e+03
1.370000000000000000e+02 7.513000000000000000e+03
1.360000000000000000e+02 7.406000000000000000e+03
1.350000000000000000e+02 7.262000000000000000e+03
1.340000000000000000e+02 6.135000000000000000e+03
1.330000000000000000e+02 5.057000000000000000e+03
1.320000000000000000e+02 4.254000000000000000e+03
1.310000000000000000e+02 3.989000000000000000e+03
1.300000000000000000e+02 3.746000000000000000e+03
1.290000000000000000e+02 3.561000000000000000e+03
1.280000000000000000e+02 3.577000000000000000e+03
1.270000000000000000e+02 3.251000000000000000e+03
1.260000000000000000e+02 3.131000000000000000e+03
1.250000000000000000e+02 3.299000000000000000e+03
1.240000000000000000e+02 3.913000000000000000e+03
1.230000000000000000e+02 4.117000000000000000e+03
1.220000000000000000e+02 4.631000000000000000e+03
1.210000000000000000e+02 4.250000000000000000e+03
1.200000000000000000e+02 3.300000000000000000e+03
1.190000000000000000e+02 3.028000000000000000e+03
1.180000000000000000e+02 2.743000000000000000e+03
1.170000000000000000e+02 2.312000000000000000e+03
1.160000000000000000e+02 1.950000000000000000e+03
1.150000000000000000e+02 1.898000000000000000e+03
1.140000000000000000e+02 1.824000000000000000e+03
1.130000000000000000e+02 1.797000000000000000e+03
1.120000000000000000e+02 2.011000000000000000e+03
1.110000000000000000e+02 2.732000000000000000e+03
1.100000000000000000e+02 2.845000000000000000e+03
1.090000000000000000e+02 2.885000000000000000e+03
1.080000000000000000e+02 2.684000000000000000e+03
1.070000000000000000e+02 2.509000000000000000e+03
1.060000000000000000e+02 1.758000000000000000e+03
1.050000000000000000e+02 1.427000000000000000e+03
1.040000000000000000e+02 1.268000000000000000e+03
1.030000000000000000e+02 1.295000000000000000e+03
1.020000000000000000e+02 1.271000000000000000e+03
1.010000000000000000e+02 1.301000000000000000e+03
1.000000000000000000e+02 1.449000000000000000e+03
9.900000000000000000e+01 2.969000000000000000e+03
9.800000000000000000e+01 1.483000000000000000e+03
9.700000000000000000e+01 0.000000000000000000e+00
9.600000000000000000e+01 5.169000000000000000e+03
9.500000000000000000e+01 4.475000000000000000e+03
9.400000000000000000e+01 3.528000000000000000e+03
9.300000000000000000e+01 2.419000000000000000e+03
9.200000000000000000e+01 1.968000000000000000e+03
9.100000000000000000e+01 1.411000000000000000e+03
9.000000000000000000e+01 1.256000000000000000e+03
8.900000000000000000e+01 1.451000000000000000e+03
8.800000000000000000e+01 1.309000000000000000e+03
8.700000000000000000e+01 1.501000000000000000e+03
8.600000000000000000e+01 1.417000000000000000e+03
8.500000000000000000e+01 1.172000000000000000e+03
8.400000000000000000e+01 9.570000000000000000e+02
8.300000000000000000e+01 9.610000000000000000e+02
8.200000000000000000e+01 8.920000000000000000e+02
8.100000000000000000e+01 8.010000000000000000e+02
8.000000000000000000e+01 8.350000000000000000e+02
7.900000000000000000e+01 8.720000000000000000e+02
7.800000000000000000e+01 1.174000000000000000e+03
7.700000000000000000e+01 1.683000000000000000e+03
7.600000000000000000e+01 1.662000000000000000e+03
7.500000000000000000e+01 1.997000000000000000e+03
7.400000000000000000e+01 2.276000000000000000e+03
7.300000000000000000e+01 1.502000000000000000e+03
7.200000000000000000e+01 1.389000000000000000e+03
7.100000000000000000e+01 1.288000000000000000e+03
7.000000000000000000e+01 1.107000000000000000e+03
6.900000000000000000e+01 1.382000000000000000e+03
6.800000000000000000e+01 1.372000000000000000e+03
6.700000000000000000e+01 1.112000000000000000e+03
6.600000000000000000e+01 1.425000000000000000e+03
6.500000000000000000e+01 1.317000000000000000e+03
6.400000000000000000e+01 1.242000000000000000e+03
6.300000000000000000e+01 8.930000000000000000e+02
6.200000000000000000e+01 6.200000000000000000e+02
6.100000000000000000e+01 5.250000000000000000e+02
6.000000000000000000e+01 5.220000000000000000e+02
5.900000000000000000e+01 6.440000000000000000e+02
5.800000000000000000e+01 9.910000000000000000e+02
5.700000000000000000e+01 1.302000000000000000e+03
5.600000000000000000e+01 1.352000000000000000e+03
5.500000000000000000e+01 9.260000000000000000e+02
5.400000000000000000e+01 7.240000000000000000e+02
5.300000000000000000e+01 5.300000000000000000e+02
5.200000000000000000e+01 4.730000000000000000e+02
5.100000000000000000e+01 4.780000000000000000e+02
5.000000000000000000e+01 4.700000000000000000e+02
4.900000000000000000e+01 4.800000000000000000e+02
4.800000000000000000e+01 6.200000000000000000e+02
4.700000000000000000e+01 6.630000000000000000e+02
4.600000000000000000e+01 9.420000000000000000e+02
4.500000000000000000e+01 9.910000000000000000e+02
4.400000000000000000e+01 9.820000000000000000e+02
4.300000000000000000e+01 1.451000000000000000e+03
4.200000000000000000e+01 1.422000000000000000e+03
4.100000000000000000e+01 1.542000000000000000e+03
4.000000000000000000e+01 1.242000000000000000e+03
3.900000000000000000e+01 1.047000000000000000e+03
3.800000000000000000e+01 7.560000000000000000e+02
3.700000000000000000e+01 5.380000000000000000e+02
3.600000000000000000e+01 4.670000000000000000e+02
3.500000000000000000e+01 4.080000000000000000e+02
3.400000000000000000e+01 3.890000000000000000e+02
3.300000000000000000e+01 4.490000000000000000e+02
3.200000000000000000e+01 4.890000000000000000e+02
3.100000000000000000e+01 5.870000000000000000e+02
3.000000000000000000e+01 0.000000000000000000e+00
2.900000000000000000e+01 5.310000000000000000e+02
2.800000000000000000e+01 4.690000000000000000e+02
2.700000000000000000e+01 4.820000000000000000e+02
2.600000000000000000e+01 5.980000000000000000e+02
2.500000000000000000e+01 9.950000000000000000e+02
2.400000000000000000e+01 1.384000000000000000e+03
2.300000000000000000e+01 1.667000000000000000e+03
2.200000000000000000e+01 1.491000000000000000e+03
2.100000000000000000e+01 1.213000000000000000e+03
2.000000000000000000e+01 7.480000000000000000e+02
1.900000000000000000e+01 4.190000000000000000e+02
1.800000000000000000e+01 3.640000000000000000e+02
1.700000000000000000e+01 3.150000000000000000e+02
1.600000000000000000e+01 3.420000000000000000e+02
1.500000000000000000e+01 4.220000000000000000e+02
1.400000000000000000e+01 5.580000000000000000e+02
1.300000000000000000e+01 7.170000000000000000e+02
1.200000000000000000e+01 5.270000000000000000e+02
1.100000000000000000e+01 4.930000000000000000e+02
1.000000000000000000e+01 4.790000000000000000e+02
9.000000000000000000e+00 6.270000000000000000e+02
8.000000000000000000e+00 6.940000000000000000e+02
7.000000000000000000e+00 8.010000000000000000e+02
6.000000000000000000e+00 7.460000000000000000e+02
5.000000000000000000e+00 4.160000000000000000e+02
4.000000000000000000e+00 3.480000000000000000e+02
3.000000000000000000e+00 3.090000000000000000e+02
2.000000000000000000e+00 2.720000000000000000e+02
1.000000000000000000e+00 3.240000000000000000e+02
