0.	0
0.	0
0.	0
0.	0
0.	0
0.	0
0.	0
0.	0
0.	0
0.	0
0.	0
0.	0
0.	0
0.	0
0.	0
0.	0
0.	0
0.	0
0.	0
0.	0
0.	0
0.	0
0.	0
0.	0
0.	0
0.	0
0.	0
0.	0
0.	0
0.	0
0.	0
0.	0
0.	0
0.	0
0.	0
0.	0
0.	0
0.	0
0.	0
0.	0
0.	0
0.	0
0.	0
0.	0
0.	0
0.	0
0.	0
0.	0
0.	0
0.	0
0.	0
0.	0
0.	0
0.	0
0.	0
0.	0
0.	0
0.	0
0.	0
0.	0
0.	0
0.	0
0.	0
0.	0
0.	0
0.	0
0.	0
0.	0
0.	0
0.	0
0.	0
0.	0
0.	0
0.	0
0.	0
0.	0
0.	0
0.	0
0.	0
0.	0
0.	0
0.	0
0.	0
0.	0
0.	0
0.	0
0.	0
0.	0
0.	0
0.	0
0.	0
0.	0
0.	0
0.	0
0.	0
0.	0
0.	0
0.	0
0.	0
0.	0
0.	0
0.	0
0.	0
0.	0
0.	0
0.	0
0.	0
0.	0
0.	0
0.	0
0.	0
0.	0
0.	0
0.	0
0.	0
0.	0
0.	0
0.	0
0.	0
0.	0
0.	0
0.	0
0.	0
0.	0
0.	0
0.	0
0.	0
0.	0
0.	0
0.	0
0.	0
0.	0
0.	0
0.	0
0.	0
0.	0
0.	0
0.	0
0.	0
0.	0
0.	0
0.	0
0.	0
0.	0
0.	0
0.	0
0.	0
0.	0
0.	0
0.	0
0.	0
0.	0
0.	0
0.	0
0.	0
0.	0
0.	0
0.	0
0.	0
0.	0
0.	0
0.	0
0.	0
0.	0
0.	0
0.	0
0.	0
0.	0
0.	0
0.	0
0.	0
0.	0
0.	0
0.	0
0.	0
0.	0
0.	0
0.	0
0.	0
0.	0
0.	0
0.	0
0.	0
0.	0
0.	0
0.	0
0.	0
0.	0
0.	0
0.	0
0.	0
0.	0
0.	0
0.	0
0.	0
0.	0
0.	0
0.	0
0.	0
0.	0
0.	0
0.	0
0.	0
0.	0
0.	0
0.	0
0.	0
0.	0
0.	0
0.	0
0.	0
0.	0
0.	0
0.	0
0.	0
0.	0
0.	0
0.	0
0.	0
0.	0
0.	0
0.	0
0.	0
0.	0
0.	0
0.	0
0.	0
0.	0
0.	0
0.	0
0.	0
0.	0
0.	0
0.	0
0.	0
0.	0
0.	0
0.	0
0.	0
0.	0
0.	0
0.	0
0.	0
0.	0
0.	0
0.	0
0.	0
0.	0
0.	0
0.	0
0.	0
0.	0
0.	0
0.	0
0.	0
0.	0
0.	0
0.	0
0.	0
0.	0
0.	0
0.	0
0.	0
0.	0
0.	0
0.	0
0.	0
0.	0
0.	0
0.	0
0.	0
0.	0
0.	0
0.	0
0.	0
0.	0
0.	0
0.	0
0.	0
0.	0
0.	0
0.	0
0.	0
0.	0
0.	0
0.	0
0.	0
0.	0
0.	0
0.	0
0.	0
0.	0
0.	0
0.	0
0.	0
0.	0
0.	0
0.	0
0.	0
0.	0
0.	0
0.	0
0.	0
0.	0
0.	0
0.	0
0.	0
0.	0
0.	0
0.	0
0.	0
0.	0
0.	0
0.	0
0.	0
0.	0
0.	0
0.	0
0.	0
0.	0
0.	0
0.	0
0.	0
0.	0
0.	0
0.	0
0.	0
0.	0
0.	0
0.	0
0.	0
0.	0
0.	0
0.	0
0.	0
0.	0
0.	0
0.	0
0.	0
0.	0
0.	0
0.	0
0.	0
0.	0
0.	0
0.	0
0.	0
0.	0
0.	0
0.	0
0.	0
0.	0
0.	0
0.	0
0.	0
0.	0
0.	0
0.	0
0.	0
0.	0
0.	0
0.	0
0.	0
0.	0
0.	0
0.	0
0.	0
0.	0
0.	0
0.	0
0.	0
0.	0
0.	0
0.	0
0.	0
0.	0
0.	0
0.	0
0.	0
0.	0
0.	0
0.	0
0.	0
0.	0
0.	0
0.	0
0.	0
0.	0
0.	0
0.	0
0.	0
0.	0
0.	0
0.	0
0.	0
0.	0
0.	0
0.	0
0.	0
0.	0
0.	0
0.	0
0.	0
0.	0
0.	0
0.	0
0.	0
0.	0
0.	0
0.	0
0.	0
0.	0
0.	0
0.	0
0.	0
0.	0
0.	0
0.	0
0.	0
0.	0
0.	0
0.	0
0.	0
0.	0
0.	0
0.	0
0.	0
0.	0
0.	0
0.	0
0.	0
0.	0
0.	0
0.	0
0.	0
0.	0
0.	0
0.	0
0.	0
0.	0
0.	0
0.	0
0.	0
0.	0
0.	0
0.	0
0.	0
0.	0
0.	0
0.	0
0.	0
0.	0
0.	0
0.	0
0.	0
0.	0
0.	0
0.	0
0.	0
0.	0
0.	0
0.	0
0.	0
0.	0
0.	0
0.	0
0.	0
0.	0
0.	0
0.	0
0.	0
0.	0
0.	0
0.	0
0.	0
0.	0
0.	0
0.	0
0.	0
0.	0
0.	0
0.	0
0.	0
0.	0
0.	0
0.	0
0.	0
0.	0
0.	0
0.	0
0.	0
0.	0
0.	0
0.	0
0.	0
0.	0
0.	0
0.	0
0.	0
0.	0
0.	0
0.	0
0.	0
0.	0
0.	0
0.	0
0.	0
0.	0
0.	0
0.	0
0.	0
0.	0
0.	0
0.	0
0.	0
0.	0
0.	0
0.	0
0.	0
0.	0
0.	0
0.	0
0.	0
0.	0
0.	0
0.	0
0.	0
0.	0
0.	0
0.	0
0.	0
0.	0
0.	0
0.	0
0.	0
0.	0
0.	0
0.	0
0.	0
0.	0
0.	0
0.	0
0.	0
0.	0
0.	0
0.	0
0.	0
0.	0
0.	0
0.	0
0.	0
0.	0
0.	0
0.	0
0.	0
0.	0
0.	0
0.	0
0.	0
0.	0
0.	0
0.	0
0.	0
0.	0
0.	0
0.	0
0.	0
0.	0
0.	0
0.	0
0.	0
0.	0
0.	0
0.	0
0.	0
0.	0
0.	0
0.	0
0.	0
0.	0
0.	0
0.	0
0.	0
0.	0
0.	0
0.	0
0.	0
0.	0
0.	0
0.	0
0.	0
0.	0
0.	0
0.	0
0.	0
0.	0
0.	0
0.	0
0.	0
0.	0
0.	0
0.	0
0.	0
0.	0
0.	0
0.	0
0.	0
0.	0
0.	0
0.	0
0.	0
0.	0
0.	0
0.	0
0.	0
0.	0
0.	0
0.	0
0.	0
0.	0
0.	0
0.	0
0.	0
0.	0
0.	0
0.	0
0.	0
0.	0
0.	0
0.	0
0.	0
0.	0
0.	0
0.	0
0.	0
0.	0
0.	0
0.	0
0.	0
0.	0
0.	0
0.	0
0.	0
0.	0
0.	0
0.	0
0.	0
0.	0
0.	0
0.	0
0.	0
0.	0
0.	0
0.	0
0.	0
0.	0
0.	0
0.	0
0.	0
0.	0
0.	0
0.	0
0.	0
0.	0
0.	0
0.	0
0.	0
0.	0
0.11191594449470407	0.0005233830838623845
0.1613761587122842	0.0000555763913001019
0.19889531789654488	0.00040311999690500176
0.23038321628756156	0.00008016593925456677
0.25805716473639617	0.00043904297619473323
0.2830381040232578	0.0003576415188179357
0.305986322557782	0.00007524142189691493
0.32732962459179643	0.000013687008628373979
0.34736397054321894	1.4167366044461624e-7
0.3663041951089601	3.154911637003718e-8
0.3843120973604421	2.132255281778674e-6
0.40151313997749105	0.000018089004740203814
0.41800694087417845	0.000020819713409644783
0.43387416422778047	0.00001866377970116029
0.4491812150393679	0.000015766170967099643
0.4639835367469561	0.000011977754590380543
0.478327988666595	6.223202984465413e-6
0.49225459888827366	1.7504378016421704e-6
0.5057978821626811	7.717435486176871e-9
0.5189878478694763	9.992746336767561e-7
0.5318507827464711	3.4101222181235e-6
0.5444098670021988	5.489018363348751e-6
0.5566856652130662	6.738542456031145e-6
0.5686965217712272	6.701123842294668e-6
0.580458882631542	5.580681254137363e-6
0.5919875594814367	3.6821724495080643e-6
0.6032959484474067	2.327186026718018e-6
0.6143962125503717	1.9906343201521767e-6
0.6252994349940865	3.4788258434734975e-7
0.6360157487906131	8.680348094847774e-8
0.6465544470399274	9.453252775285878e-7
0.6569240772796925	1.4459956442389811e-6
0.6671325226304586	2.839444878520461e-6
0.6771870719271061	3.611812304387666e-6
0.6870944806103103	3.8435665057146695e-6
0.6968610238237654	3.6038092769094782e-6
0.7064925429029435	3.0087295937212394e-6
0.7159944862336816	2.21098493598246e-6
0.725371945292211	1.3793189061352238e-6
0.7346296865434918	6.86344178063224e-7
0.7437721797651402	2.0458266359067784e-7
0.7528036232746307	4.801884330007838e-9
0.761727966463798	8.84616518159058e-8
0.7705489299838036	3.95307495034939e-7
0.7792700238732173	8.281235784043799e-7
0.7878945638797316	1.2798427238465771e-6
0.7964256861907524	1.6573405902764513e-6
0.8048663607584345	1.8965917797818043e-6
0.8132194033796831	1.9677056558499303e-6
0.8214874866704223	1.8723395648621699e-6
0.8296731500553697	1.637263029437234e-6
0.8377788088791603	1.3066389001811983e-6
0.8458067627314663	9.340831823858817e-7
0.8537592030674344	5.748011239335974e-7
0.8616382201949991	2.7804488828777327e-7
0.8694458096922035	8.047849070767347e-8
0.8771838783103417	1.3960654700087239e-9
0.8848542494124042	4.076435800333419e-8
0.8924586679907617	1.805887965026258e-7
0.89999880530321	3.893067445481339e-7
0.9074762631622617	6.281455077135558e-7
0.9148925779088659	8.579724875269118e-7
0.9222492240984799	1.0452409278663858e-6
0.9295476179245357	1.1660858085330574e-6
0.9367891204018156	1.2082273364082385e-6
0.9439750403300006	1.1708800447588597e-6
0.9511066370556612	1.063195918368176e-6
0.9581851230492037	9.018506684985778e-7
0.965211666311692	7.082756582423219e-7
0.9721873926250869	5.058576802513574e-7
0.9791133876581636	3.1728477384071005e-7
0.9859906989392712	1.621652269115532e-7
0.9928203377060755	5.507075109805488e-8
0.9996032806415424	4.188269245607343e-9
1.0063404715045832	1.0747997242024119e-8
1.0130328226630863	6.931024111780696e-8
1.0196812165363716	1.6886319850672422e-7
1.0262865069535299	2.9455048435818234e-7
1.032849520433561	4.297469384727361e-7
1.039371057392753	5.581588746382971e-7
1.0458518932842817	6.656497595490541e-7
1.0522927796746322	7.41575308280907e-7
1.0586944452610685	7.795270033320583e-7
1.0650575968340523	7.774968643469078e-7
1.0713829201882035	7.375610534450541e-7
1.077671080985127	6.652214801401989e-7
1.0839227255711879	5.685450116523973e-7
1.090138481753057	4.5721378933365224e-7
1.0963189595336835	3.415666088480165e-7
1.1024647518111215	2.3168545908599327e-7
1.1085764350424792	1.3656924670160623e-7
1.1146545698750994	6.343561804346365e-8
1.1206997017469207	1.7193820972151377e-8
1.126712361457843	1.2899559562048037e-10
1.1326930657137861	1.1826744029126826e-8
1.138642317645029	4.9345962959334956e-8
1.1445606073002865	1.0762084919209572e-7
1.1504484121179124	1.800452288901667e-7
1.1563061973754982	2.591701485739995e-7
1.162134416619069	3.3743387969280287e-7
1.1679335120730034	4.078443045524841e-7
1.1737039150317155	4.645464107694367e-7
1.1794460462340874	5.032293015307388e-7
1.1851603162215698	5.213529311217303e-7
1.1908471256808104	5.181991703793393e-7
1.1965068657716258	4.947701956420591e-7
1.20213991844107	4.535673759276414e-7
1.2077466567243145	3.982863249550487e-7
1.2133274450330125	3.3346097911177264e-7
1.2188826394317775	2.640844499695104e-7
1.2244125879033658	1.9522950030965864e-7
1.2299176306031276	1.316882008234213e-7
1.235398100103248	7.764872400803633e-8
1.2408543216272787	3.6426394017397545e-8
1.246286613275421	1.0264727468187868e-8
1.2516952862410125	2.1921214514283972e-10
1.2570806450186216	6.131535421704823e-9
1.2624429876041547	2.6695131516040116e-8
1.267782605687341	5.960507167578903e-8
1.273099784836946	1.0177763314616862e-7
1.2783948046790587	1.4961858084075526e-7
1.283667939068745	1.993152764748293e-7
1.2889194562553852	2.4712673952041317e-7
1.2941496190419752	2.89647753045626e-7
1.299358684938643	3.240276025669172e-7
1.3045469063106565	3.4813026324518563e-7
1.309714530521147	3.6062978908257634e-7
1.3148618000687844	3.6104124750867037e-7
1.3199889527206166	3.4969290790473126e-7
1.3250962216402844	3.2764902182804114e-7
1.3301838355117985	2.9659434677050937e-7
1.3352520186590782	2.5869185715843154e-7
1.340300991161412	2.164243720408304e-7
1.3453309689650192	1.7242966800972407e-7
1.3503421639908753	1.2933748297363188e-7
1.355334784238938	8.961588538967162e-8
1.3603090338889365	5.543379255655082e-8
1.36526511339785	2.8545810054230056e-8
1.370203219594215	1.0204802152232819e-8
1.3751235457693791	1.106489580836024e-9
1.3800262817658289	1.3688040981157512e-9
1.3849116140627002	1.054673167111348e-8
1.3897797258585805	2.768108830525755e-8
1.3946307971517147	5.1377322427832504e-8
1.3994650048176964	7.990829576952282e-8
1.4042825226847644	1.1133332352997752e-7
1.40908352160677	1.4362476220960704e-7
1.41386816953392	1.7479323833531285e-7
1.418636631581364	2.0300322366542244e-7
1.423389070095725	2.2667198279325765e-7
1.4281256447196202	2.445467545655313e-7
1.432846512454275	2.5575712703959706e-7
1.4375518277202788	2.59841660950044e-7
1.442241742416554	2.5674967709340477e-7
1.4469164059776107	2.468205885206105e-7
1.4515759654291336	2.3074415779192123e-7
1.4562205654419735	2.0950560684983286e-7
1.4608503483845856	1.8431968016129064e-7
1.4654654543739851	1.565576724822132e-7
1.4700660213252539	1.2767119554419323e-7
1.4746521849996606	9.911616517484434e-8
1.4792240790514346	7.228019640019557e-8
1.4837818350732492	4.841631280428871e-8
1.4883255826404367	2.8585588785878836e-8
1.492855449354006	1.3611011239982263e-8
1.4973715608824798	4.044429588507072e-9
1.5018740410026004	1.4793038771207277e-10
1.5063630116389402	1.890317085984914e-9
1.5108385929024524	8.958615962652907e-9
1.5153009031279978	2.0783711388053017e-8
1.5197500589108737	3.657840355300917e-8
1.5241861751423917	5.538545643494862e-8
1.5286093650445125	7.613263744175311e-8
1.5330197402035983	9.769140249023316e-8
1.537417410603273	1.1893578604369663e-7
1.5418024846564546	1.3879821947242238e-7
1.5461750692365615	1.5631939722063178e-7
1.5505352697079284	1.7068988718858158e-7
1.554883189955452	1.8128187106033702e-7
1.559218932413495	1.8767012751881006e-7
1.5635425980940647	1.8964206692869804e-7
1.5678542866142955	1.8719723484168654e-7
1.5721540962232508	1.8053718814702736e-7
1.576442123828064	1.7004699788157154e-7
1.580718465019445	1.5626985178110395e-7
1.5849832140965645	1.3987633684299903e-7
1.5892364640913383	1.2163000443943902e-7
1.5934783067921212	1.0235078586249538e-7
1.5977088327668494	8.287775850668224e-8
1.6019281313856126	6.40326782867154e-8
1.6061362908427077	4.6585599481268344e-8
1.6103333981781662	3.1223797865205795e-8
1.6145195392987803	1.852508972948124e-8
1.618694798998636	8.93648860988864e-9
1.6228592609791694	2.758954455055895e-9
1.627013007868772	1.3876171109185826e-10
1.6311561212419288	1.0657446239935186e-9
1.6352886816379324	5.378378384194051e-9
1.6394107685791668	1.2775338920721697e-8
1.6435224605889815	2.2832872985971112e-8
1.6476238352091568	3.5027027313902064e-8
1.6517149690169932	4.87595543997283e-8
1.655795937641995	6.338615251291898e-8
1.6598668157822136	7.824562211428915e-8
1.6639276772202123	9.268853476708279e-8
1.6679785948386832	1.0610410981610885e-7
1.6720196406357273	1.1794416626949525e-7
1.6760508857398018	1.277432438753952e-7
1.6800724004243404	1.3513424622077045e-7
1.6840842541220644	1.3985922713033758e-7
1.688086515438985	1.417751992820877e-7
1.6920792521681047	1.408550746615616e-7
1.6960625313028355	1.3718403964795646e-7
1.700036419050121	1.309518181719243e-7
1.7040009808433003	1.2244138473557987e-7
1.7079562813546842	1.1201475911881212e-7
1.7119023845078845	1.0009655287166843e-7
1.715839353489879	8.715595148982633e-8
1.7197672507628334	7.36878123736669e-8
1.7236861380756736	6.019354254171633e-8
1.7275960764754277	4.7162394800447606e-8
1.7314971263183376	3.505378757290956e-8
1.7353893472807376	2.428121096179337e-8
1.739272798369722	1.519822773511147e-8
1.743147537933595	8.08701036744874e-9
1.7470136236721148	3.149772215126079e-9
1.7508711126465273	5.033518807427829e-10
1.7547200612894047	1.7709624773207782e-10
1.7585605254142964	2.114063018642699e-9
1.7623925602251795	6.175433265275191e-9
1.7662162203257281	1.2147895316642778e-8
1.770031559728407	1.9753640822413316e-8
1.7738386318633876	2.8662509505833427e-8
1.7776374895872833	3.850573755598234e-8
1.7814281851917264	4.889071085335849e-8
1.7852107704117808	5.941610128524348e-8
1.7889852964341888	6.968677300563031e-8
1.7927518139054641	7.932788400576934e-8
1.7965103729398315	8.799767303345626e-8
1.8002610231270204	9.539850724066302e-8
1.8040038135399064	1.012858652863831e-7
1.8077387927420152	1.0547503684838395e-7
1.8114660087948853	1.0784542565519919e-7
1.8151855092652958	1.0834244320516124e-7
1.8188973412323524	1.0697706955303997e-7
1.8226015512944613	1.0382323285678753e-7
1.8262981855761593	9.901321939218896e-8
1.829987289734823	9.273137058673798e-8
1.8336689089672629	8.520635458735382e-8
1.8373430880161887	7.670231901867312e-8
1.8410098711765734	6.750924118366345e-8
1.84466930230188	5.7932794162307647e-8
1.848321424810202	4.828404374119881e-8
1.851966281690278	3.8869282856934404e-8
1.8556039155074049	2.998029760069447e-8
1.8592343684092494	2.1885341566076112e-8
1.8628576821315541	1.4821072826705366e-8
1.8664738980037445	8.985679417306043e-9
1.8700830569544404	4.533384319319385e-9
1.8736851995168633	1.5704794948199708e-9
1.877280365834165	1.5299088441482366e-10
1.880868595664655	2.8602354164391596e-10
1.8844499283869298	1.9247799023903063e-9
1.8880244030049351	4.977186800637222e-9
1.891592058152928	9.308010839822268e-9
1.8951529321003502	1.4744289874082953e-8
1.8987070627566376	2.1081863334106957e-8
1.9022544876759258	2.809274832413178e-8
1.9057952440616996	3.553308366843848e-8
1.9093293687713453	4.3151351558256985e-8
1.9128568983206364	5.0696586522867106e-8
1.9163778688881494	5.7926293693964945e-8
1.9198923163195933	6.461382158266933e-8
1.9234002761320803	7.05549670437129e-8
1.9269017835183218	7.557362951632293e-8
1.93039687335075	7.9526375517454e-8
1.9338855801855868	8.230582019265222e-8
1.9373679382668287	8.384277815081694e-8
1.940843981530183	8.410717879444616e-8
1.9443137436069287	8.310778032399243e-8
1.947777257827725	8.089075048057875e-8
1.9512345572263496	7.753721028498381e-8
1.9546856745433883	7.315985945922673e-8
1.9581306422298497	6.789881907660478e-8
1.9615694924507459	6.19168387960563e-8
1.9650022570885928	5.5394023432546265e-8
1.9684289677468714	4.852223722307743e-8
1.971849655753426	4.149934456744793e-8
1.9752643521638142	3.4523443665391824e-8
1.9786730877646044	2.7787244618478865e-8
1.982075893076625	2.147273628304363e-8
1.9854727983581484	1.5746276444845735e-8
1.9888638336080466	1.0754227598082777e-8
1.9922490285688903	6.619245665309724e-9
1.9956284127299861	3.43731135054777e-9
1.9990020153303958	1.275573572797206e-9
2.002369865361884	1.710518625398529e-10
2.0057319915718432	1.3022019625787656e-10
2.009088422466141	1.1294691521301189e-9
2.012439186311975	3.1164173378521677e-9
2.015784311140631	6.012017713675753e-9
2.019123824750246	9.713380724987867e-9
2.0224577547084936	1.4097215068041177e-8
2.025786128355255	1.9023769353635188e-8
2.0291089728052323	2.434114467224942e-8
2.032426314950546	2.98898396474577e-8
2.035738181463266	3.550738629584997e-8
2.039044598797921	4.1032936908302116e-8
2.0423455931939842	4.631166898042518e-8
2.0456411906782863	5.1198886436308184e-8
2.048931417067442	5.556371030173753e-8
2.052216297970185	5.9292269715085327e-8
2.055495858789728	6.229032377160279e-8
2.05877012472604	6.448526522552519e-8
2.062039120778123	6.582747761033338e-8
2.0653028717462387	6.629103710483185e-8
2.06856140223411	6.58737688212488e-8
2.0718147366510906	6.459668365274743e-8
2.0750628992143105	6.250283611269818e-8
2.0783059139507714	5.965565557012568e-8
2.0815438046994323	5.613681296133743e-8
2.0847765951132695	5.2043692532476794e-8
2.0880043086612763	4.748654361214812e-8
2.0912269686304774	4.258539102168006e-8
2.0944445981278785	3.746678472052996e-8
2.0976572200824166	3.2260469797850674e-8
2.1008648572468647	2.7096057090094856e-8
2.104067532199711	2.2099772619453263e-8
2.1072652673470333	1.7391360697249374e-8
2.1104580849243253	1.3081210956435836e-8
2.1136460069983	9.267773702108003e-9
2.116829055468683	6.035320814682265e-9
2.120007252069967	3.4521010065053255e-9
2.123180618373152	1.5689285746240886e-9
2.1263491757874537	4.1823405765185774e-10
2.1295129455619985	1.3593566113284303e-11
2.132671948787487	3.4974130207031124e-10
2.135826206397842	1.4030572320087487e-9
2.138975739171827	3.132509418207973e-9
2.142120567734655	5.4810185550223145e-9
2.1452607125595646	8.377201220013535e-9
2.148396193969379	1.1737438637028133e-8
2.151527032138046	1.5468209720055307e-8
2.154653247092157	1.9468621118132322e-8
2.157774858712451	2.3633063122538434e-8
2.1608918867352807	2.785391873897032e-8
2.16400435075409	3.202425397541974e-8
2.167112270220841	3.6040420351385813e-8
2.1702156644474475	3.980450558922408e-8
2.1733145526071707	4.322657513879188e-8
2.17640895373601	4.622665524775421e-8
2.1794988867340748	4.873641735508392e-8
2.182584370366923	5.070053325186751e-8
2.1856654232669173	5.207768034211714e-8
2.1887420639345145	5.284118609520824e-8
2.1918143107395878	5.2979310111238766e-8
2.1948821819226985	5.249517087584121e-8
2.197945695596371	5.1406332111467495e-8
2.2010048697463396	4.974407048384803e-8
2.204059722232785	4.755235228978343e-8
2.2071102707915577	4.4886551599523325e-8
2.21015653303538	4.181194620695816e-8
2.2131985264550407	3.8402030687926985e-8
2.2162362684205608	3.4736687975666294e-8
2.2192697761823714	3.090026217496984e-8
2.2222990668724445	2.697957592189358e-8
2.225324157505434	2.3061935503457422e-8
2.228345064979793	1.9233166186433243e-8
2.2313618060788754	1.5575718800548672e-8
2.234374397472035	1.2166886564637575e-8
2.2373828557156967	9.07716842705946e-9
2.2403871972544267	6.36881182424153e-9
2.243387438421982	4.094563742750357e-9
2.246383595442347	2.296654332477346e-9
2.249375684430774	1.006032122452761e-9
2.252363721394777	2.418642085061769e-10
2.255347722235156	1.1308734719699005e-11
2.2583277027469784	3.095607101601098e-10
2.261303678620546	1.1201658516191277e-9
2.2642756654423866	2.4155908972339504e-9
2.2672436786961976	4.158032876424235e-9
2.2702077337637783	6.3004443311818755e-9
2.2731678459259843	8.787746630497932e-9
2.276124030363643	1.1558199455446266e-8
2.279076302158461	1.4544891377974815e-8
2.282024676293929	1.7677314302038973e-8
2.284969167656206	2.0882983428376163e-8
2.2879097910350112	2.4089064356940536e-8
2.290846561124491	2.7223969918947176e-8
2.2937794925240618	3.0218891268318705e-8
2.2967085997392873	3.3009230554062014e-8
2.299633897182701	3.5535906018207084e-8
2.302555399174636	3.774650446656853e-8
2.305473119944061	3.959626058240241e-8
2.3083870736293783	4.10488473467509e-8
2.311297274279226	4.207696671619492e-8
2.314203735853285	4.2662734569647826e-8
2.317106472223044	4.279785862689091e-8
2.3200054971725863	4.248361245627402e-8
2.3229008243993716	4.173061275701181e-8
2.3257924675149515	4.0558410748305285e-8
2.32868044004577	3.8994911691051335e-8
2.3315647554338668	3.7075639297685965e-8
2.33444542703763	3.484286404153119e-8
2.3373224681325038	3.234461617181587e-8
2.3401958919117374	2.9633605610739977e-8
2.3430657114870503	2.676607184656753e-8
2.3459319398893705	2.380058750510137e-8
2.348794590069508	2.079683946496935e-8
2.3516536748988464	1.7814411221999185e-8
2.35450920717002	1.4911589699695265e-8
2.357361199597585	1.2144218864580232e-8
2.360209664818675	9.564621327475697e-9
2.3630546153936827	7.220607610949191e-9
2.365896063806872	5.154590936237657e-9
2.3687340224670472	3.4028232411937337e-9
2.371568503708182	1.994765708719336e-9
2.3743995197900407	9.526043838652602e-10
2.377227082898804	2.9091853111914247e-10
2.3800512051476925	1.6506279114772735e-11
2.3828718985775508	1.2836888108755695e-10
2.385689175157482	6.178516526534391e-10
2.3885030467854116	1.468936414142667e-9
2.391313525288699	2.658677139748998e-9
2.394120622424716	4.157767583696462e-9
2.3969243498814006	5.9312269911964754e-9
2.399724719277862	7.939187681016436e-9
2.4025217421649283	1.0137766368915925e-8
2.4053154300257003	1.2479999635846643e-8
2.4081057942761097	1.491682296654957e-8
2.4108928462654684	1.7398072311451518e-8
2.413676597277001	1.987348715765251e-8
2.41645705852839	2.2293694623093274e-8
2.4192342411723105	2.461115507377042e-8
2.422008156296928	2.6781051173265837e-8
2.424778814926451	2.8762104040505665e-8
2.4275462280216176	3.051730226429666e-8
2.430310406480226	3.2014531814926863e-8
2.4330713611376162	3.3227097352400605e-8
2.4358291027671903	3.4134127963699544e-8
2.438583642080883	3.472086291737847e-8
2.4413349897296652	3.497881552827286e-8
2.4440831563040226	3.4905815626312935e-8
2.4468281523344357	3.45059333827203e-8
2.4495699882918416	3.3789289313371176e-8
2.4523086745881177	3.277175714762728e-8
2.4550442215765353	3.147456788725233e-8
2.457776639552228	2.992382479123702e-8
2.4605059387526342	2.814994019536558e-8
2.4632321293579587	2.6187006025992794e-8
2.4659552214916	2.4072110593561687e-8
2.4686752252206188	2.1844614770192164e-8
2.4713921505561465	1.9545400963767788e-8
2.474106007453839	1.7216108425988703e-8
2.476816805814289	1.4898368358591033e-8
2.479524555483459	1.2633052033934775e-8
2.4822292662531007	1.0459544712614838e-8
2.484930947861159	8.4150575382025e-9
2.487629609992197	6.533988807283948e-9
2.4903252622778003	4.847345065660749e-9
2.4930179142969777	3.382231370258127e-9
2.4957075755765503	2.1614187914708615e-9
2.4983942555915664	1.2029958249572585e-9
2.501077963765688	5.201088547919981e-10
2.5037587094715685	1.2079518200237314e-10
2.5064365020312365	7.910433477481919e-12
2.509111350716493	1.7915042522612918e-10
2.511783264749272	6.271658079696972e-10
2.5144522533020215	1.3397661075175508e-9
2.51711832549807	2.3002081262584284e-9
2.5197814904119893	3.487562132441253e-9
2.522441757069963	4.877147866692572e-9
2.525099134450142	6.441031173223423e-9
2.527753631483005	8.148571043816491e-9
2.5304052570516964	9.967006070401851e-9
2.533054019992396	1.186206875073678e-8
2.535699929094649	1.3798615794214075e-8
2.5383429931017134	1.5741262529570255e-8
2.5409832207108978	1.7655009722703725e-8
2.5436206205738996	1.9505851553484456e-8
2.5462552012971362	2.126135416354435e-8
2.5488869714420734	2.2891195040607877e-8
2.5515159395255593	2.4367654529344293e-8
2.5541421140201277	2.5666051914678083e-8
2.5567655033543475	2.6765119782583957e-8
2.559386115913118	2.764731168752005e-8
2.5620039600379894	2.8299039518489722e-8
2.5646190440274843	2.871083831442814e-8
2.5672313761373884	2.8877457619077877e-8
2.5698409645810725	2.8797879751313895e-8
2.5724478175297847	2.8475266576336355e-8
2.5750519431129604	2.791683749593321e-8
2.5776533494185068	2.713368239446513e-8
2.580252044493116	2.61405141942743e-8
2.5828480363425377	2.4955366475623844e-8
2.5854413329318833	2.3599242297406608e-8
2.58803194218591	2.20957209252687e-8
2.5906198719893	2.047052962250182e-8
2.5932051301869343	1.875108800110357e-8
2.5957877245842056	1.6966032659073744e-8
2.5983676629472514	1.51447299544748e-8
2.6009449530032573	1.331678478587105e-8
2.6035196024407186	1.1511553165504926e-8
2.606091618909717	9.757666191120214e-9
2.6086610100221748	8.082572739546939e-9
2.6112277833521245	6.512107832708507e-9
2.613791946435988	5.070093151607084e-9
2.6163535067728008	3.777975620551176e-9
2.618912471824505	2.654509333788273e-9
2.6214688490161824	1.715485376456741e-9
2.6240226457363223	9.735132958359756e-10
2.62657386933706	4.3785712403142593e-10
2.629122527134429	1.1432794912553314e-10
2.631668626408611	5.2340932869470005e-12
2.6342121744041815	1.0938899757039615e-10
2.6367531783303417	4.2217595298007856e-10
2.6392916453611677	9.356678720432914e-10
2.641827582635852	1.6387993838895258e-9
2.644360997258922	2.5175876762813357e-9
2.6468918963004993	3.555397718305378e-9
2.649420286796501	4.7332467928213885e-9
2.6519461757489013	6.0301426638156145e-9
2.654469570125933	7.4234492110888125e-9
2.6569904768623327	8.88927299437016e-9
2.6595089028595456	1.0402863965702106e-8
2.662024854985976	1.1939023436521696e-8
2.664538340077164	1.3472512425284588e-8
2.667049364936056	1.4978453656279413e-8
2.66955793633318	1.6432720746250008e-8
2.6720640610068673	1.781230849649975e-8
2.674567745663491	1.9095678679616572e-8
2.6770689969776464	2.026307627796894e-8