0.	0
0.	0
0.	0
0.	0
0.	0
0.	0
0.	0
0.	0
0.	0
0.	0
0.	0
0.	0
0.	0
0.	0
0.	0
0.	0
0.	0
0.	0
0.	0
0.	0
0.	0
0.	0
0.	0
0.	0
0.	0
0.	0
0.	0
0.	0
0.	0
0.	0
0.	0
0.	0
0.	0
0.	0
0.	0
0.	0
0.	0
0.	0
0.	0
0.	0
0.	0
0.	0
0.	0
0.	0
0.	0
0.	0
0.	0
0.	0
0.	0
0.	0
0.	0
0.	0
0.	0
0.	0
0.	0
0.	0
0.	0
0.	0
0.	0
0.	0
0.	0
0.	0
0.	0
0.	0
0.	0
0.	0
0.	0
0.	0
0.	0
0.	0
0.	0
0.	0
0.	0
0.	0
0.	0
0.	0
0.	0
0.	0
0.	0
0.	0
0.	0
0.	0
0.	0
0.	0
0.	0
0.	0
0.	0
0.	0
0.	0
0.	0
0.	0
0.	0
0.	0
0.	0
0.	0
0.	0
0.	0
0.	0
0.	0
0.	0
0.	0
0.	0
0.	0
0.	0
0.	0
0.	0
0.	0
0.	0
0.	0
0.	0
0.	0
0.	0
0.	0
0.	0
0.	0
0.	0
0.	0
0.	0
0.	0
0.	0
0.	0
0.	0
0.	0
0.	0
0.	0
0.	0
0.	0
0.	0
0.	0
0.	0
0.	0
0.	0
0.	0
0.	0
0.	0
0.	0
0.	0
0.	0
0.	0
0.	0
0.	0
0.	0
0.	0
0.	0
0.	0
0.	0
0.	0
0.	0
0.	0
0.	0
0.	0
0.	0
0.	0
0.	0
0.	0
0.	0
0.	0
0.	0
0.	0
0.	0
0.	0
0.	0
0.	0
0.	0
0.	0
0.	0
0.	0
0.	0
0.	0
0.	0
0.	0
0.	0
0.	0
0.	0
0.	0
0.	0
0.	0
0.	0
0.	0
0.	0
0.	0
0.	0
0.	0
0.	0
0.	0
0.	0
0.	0
0.	0
0.	0
0.	0
0.	0
0.	0
0.	0
0.	0
0.	0
0.	0
0.	0
0.	0
0.	0
0.	0
0.	0
0.	0
0.	0
0.	0
0.	0
0.	0
0.	0
0.	0
0.	0
0.	0
0.	0
0.	0
0.	0
0.	0
0.	0
0.	0
0.	0
0.	0
0.	0
0.	0
0.	0
0.	0
0.	0
0.	0
0.	0
0.	0
0.	0
0.	0
0.	0
0.	0
0.	0
0.	0
0.	0
0.	0
0.	0
0.	0
0.	0
0.	0
0.	0
0.	0
0.	0
0.	0
0.	0
0.	0
0.	0
0.	0
0.	0
0.	0
0.	0
0.	0
0.	0
0.	0
0.	0
0.	0
0.	0
0.	0
0.	0
0.	0
0.	0
0.	0
0.	0
0.	0
0.	0
0.	0
0.	0
0.	0
0.	0
0.	0
0.	0
0.	0
0.	0
0.	0
0.	0
0.	0
0.	0
0.	0
0.	0
0.	0
0.	0
0.	0
0.	0
0.	0
0.	0
0.	0
0.	0
0.	0
0.	0
0.	0
0.	0
0.	0
0.	0
0.	0
0.	0
0.	0
0.	0
0.	0
0.	0
0.	0
0.	0
0.	0
0.	0
0.	0
0.	0
0.	0
0.	0
0.	0
0.	0
0.	0
0.	0
0.	0
0.	0
0.	0
0.	0
0.	0
0.	0
0.	0
0.	0
0.	0
0.	0
0.	0
0.	0
0.	0
0.	0
0.	0
0.	0
0.	0
0.	0
0.	0
0.	0
0.	0
0.	0
0.	0
0.	0
0.	0
0.	0
0.	0
0.	0
0.	0
0.	0
0.	0
0.	0
0.	0
0.	0
0.	0
0.	0
0.	0
0.	0
0.	0
0.	0
0.	0
0.	0
0.	0
0.	0
0.	0
0.	0
0.	0
0.	0
0.	0
0.	0
0.	0
0.	0
0.	0
0.	0
0.	0
0.	0
0.	0
0.	0
0.	0
0.	0
0.	0
0.	0
0.	0
0.	0
0.	0
0.	0
0.	0
0.	0
0.	0
0.	0
0.	0
0.	0
0.	0
0.	0
0.	0
0.	0
0.	0
0.	0
0.	0
0.	0
0.	0
0.	0
0.	0
0.	0
0.	0
0.	0
0.	0
0.	0
0.	0
0.	0
0.	0
0.	0
0.	0
0.	0
0.	0
0.	0
0.	0
0.	0
0.	0
0.	0
0.	0
0.	0
0.	0
0.	0
0.	0
0.	0
0.	0
0.	0
0.	0
0.	0
0.	0
0.	0
0.	0
0.	0
0.	0
0.	0
0.	0
0.	0
0.	0
0.	0
0.	0
0.	0
0.	0
0.	0
0.	0
0.	0
0.	0
0.	0
0.	0
0.	0
0.	0
0.	0
0.	0
0.	0
0.	0
0.	0
0.	0
0.	0
0.	0
0.	0
0.	0
0.	0
0.	0
0.	0
0.	0
0.	0
0.	0
0.	0
0.	0
0.	0
0.	0
0.	0
0.	0
0.	0
0.	0
0.	0
0.	0
0.	0
0.	0
0.	0
0.	0
0.	0
0.	0
0.	0
0.	0
0.	0
0.	0
0.	0
0.	0
0.	0
0.	0
0.	0
0.	0
0.	0
0.	0
0.	0
0.	0
0.	0
0.	0
0.	0
0.	0
0.	0
0.	0
0.	0
0.	0
0.	0
0.	0
0.	0
0.	0
0.	0
0.	0
0.	0
0.	0
0.	0
0.	0
0.	0
0.	0
0.	0
0.	0
0.	0
0.	0
0.	0
0.	0
0.	0
0.	0
0.	0
0.	0
0.	0
0.	0
0.	0
0.	0
0.	0
0.	0
0.	0
0.	0
0.	0
0.	0
0.	0
0.	0
0.	0
0.	0
0.	0
0.	0
0.	0
0.	0
0.	0
0.	0
0.	0
0.	0
0.	0
0.	0
0.	0
0.	0
0.	0
0.	0
0.	0
0.	0
0.	0
0.	0
0.	0
0.	0
0.	0
0.	0
0.	0
0.	0
0.	0
0.	0
0.	0
0.	0
0.	0
0.	0
0.	0
0.	0
0.	0
0.	0
0.	0
0.	0
0.	0
0.	0
0.	0
0.	0
0.	0
0.	0
0.	0
0.	0
0.	0
0.	0
0.	0
0.	0
0.	0
0.	0
0.	0
0.	0
0.	0
0.	0
0.	0
0.	0
0.	0
0.	0
0.	0
0.	0
0.	0
0.	0
0.	0
0.	0
0.	0
0.	0
0.	0
0.	0
0.	0
0.	0
0.	0
0.	0
0.	0
0.	0
0.	0
0.	0
0.	0
0.	0
0.	0
0.	0
0.	0
0.	0
0.	0
0.	0
0.	0
0.	0
0.	0
0.	0
0.	0
0.	0
0.	0
0.	0
0.	0
0.	0
0.	0
0.	0
0.	0
0.	0
0.	0
0.	0
0.	0
0.	0
0.	0
0.	0
0.	0
0.	0
0.	0
0.	0
0.	0
0.	0
0.	0
0.	0
0.	0
0.	0
0.	0
0.	0
0.	0
0.	0
0.	0
0.	0
0.	0
0.	0
0.	0
0.	0
0.	0
0.030407211990245923	0.00508351137416689
0.08196106672518678	0.0034753535408606367
0.11185096429880945	0.0038517084055818295
0.13529103226563635	0.011576205322670183
0.15523109112695985	0.003846684177354945
0.17288644406205153	0.00027711782661654107
0.18889879745068897	0.0014209585074989373
0.20365605974069356	0.0011005211487601552
0.21741395336026184	0.0025669047980278353
0.23035161084995134	0.0006474166549527463
0.24260029428742327	0.0006958768106825886
0.25425959415569827	0.0006621538529584241
0.2654071956819311	0.0008341610204767861
0.2761050837812937	0.0006702366563260233
0.2864036559360878	0.0006852260959511652
0.2963445455103628	0.00036125057341744376
0.3059626177384854	0.00019603831164430194
0.3152874167096393	0.00018420925203518052
0.32434423735107276	0.00014827218732658571
0.3331549347654517	0.0001354189860654018
0.3417385455367306	0.00012564781729547278
0.35011177179118763	0.00010322550825081806
0.35828936334356715	0.00008481409082941088
0.3662844229879771	0.0000568408517722113
0.3741086530210278	0.00001835118795611893
0.3817725562593647	2.85902540101674e-6
0.38928560141545854	0.000015965721753997118
0.39665636026404344	0.000026666614845593108
0.4038926222665311	0.0000482055346601219
0.41100149102235495	0.00006878737322007385
0.41798946594940256	0.00008427515271907494
0.42486251186765644	0.00009098106972888806
0.4316261186061834	0.00009157449530170244
0.43828535232797555	0.00008780066875932604
0.444844899937167	0.00008045818293159922
0.4513091076751599	0.00007156324359108459
0.45768201480890597	0.00006112676881206242
0.46396738315321207	0.00004970909740807218
0.4701687230399415	0.00003746377693058638
0.47628931624319476	0.00003564244530041027
0.48233223628553357	0.00005498096334885946
0.4883003664818953	0.00003609145612781745
0.49419641602183045	0.000015904034863948966
0.5000229343445901	5.414542455070529e-6
0.5057823240234631	1.8587966517751719e-6
0.511476852344064	1.454653851470229e-6
0.5171086617348323	4.701988065515152e-6
0.5226797791858192	9.914480805967377e-6
0.5281921247731766	0.000016061368045444206
0.5336475193909908	0.000022296343554398774
0.5390476917787254	0.000027954621770360493
0.5443942849211565	0.00003255181960198291
0.5496888618879473	0.00003588569960108265
0.5549329111716975	0.00003825292004150781
0.5601278515761173	0.00003923098789717012
0.565275036699825	0.000038902319365154664
0.5703757590559122	0.00003741476084111027
0.5754312538627997	0.000034953640223064575
0.5804427025378865	0.00003172286828379946
0.5854112359219839	0.000027932490288333644
0.5903379372594602	0.000023790992064436667
0.5952238449563473	0.00001950193896253634
0.6000699551362993	0.000015262895047442734
0.6048772240122194	0.000011263325439703862
0.6096465700895484	7.679302583901207e-6
0.6143788762155935	4.66518597476891e-6
0.6190749914878444	2.3441190300129273e-6
0.6237357330329566	7.994350057979252e-7
0.6283618876669598	6.850440066953206e-8
0.6329542134462377	1.400280860428257e-7
0.637513441117941	9.553417956031036e-7
0.6420402754776854	2.4137549503785504e-6
0.6465353966416816	4.381347702700364e-6
0.6509994612397957	6.7021442719294915e-6
0.6554331035354618	9.210321679852753e-6
0.6598369364778636	0.000011742142941095057
0.6642115526913133	0.000014146515435083903
0.6685575254063592	0.000016293371253753916
0.6728754093367592	0.00001807940789721944
0.6771657415061151	0.00001943107067071177
0.6814290420276613	0.00002030496458793389
0.6856658148404033	0.00002068613315575124
0.6898765484045674	0.000020584800613683295
0.6940617163590649	0.000020032213536292426
0.6982217781434858	0.000019076150142885224
0.7023571795869268	0.000017776534934376814
0.706468353465795	0.000016201443904551788
0.7105557200325573	0.000014423639694457477
0.7146196875172656	0.000012517654462633986
0.7186606526035562	0.000010557352093896567
0.7226790008806847	8.613857296343948e-6
0.7266751072730618	6.753736825263731e-6
0.7306493364486423	5.0373477681135165e-6
0.7346020432074237	3.5173143788445978e-6
0.7385335728512272	2.237144387516513e-6
0.742444261535853	1.2300375787489406e-6
0.7463344366066235	5.179662117657009e-7
0.750204416918264	1.1111461965126041e-7
0.7540545131400039	7.754760751253736e-9
0.7578850280467272	1.9460957211079602e-7
0.7616962567969392	6.477214119279753e-7
0.7654884871982777	1.3338028860594062e-6
0.7692619999612403	2.212005933247922e-6
0.7730170689417605	3.2360068353909548e-6
0.776753961373229	4.356275494056594e-6
0.7804729380885129	5.522382433486273e-6
0.7841742537324968	6.685199407444902e-6
0.7878581569656328	7.79886761162047e-6
0.7915248906589675	8.822436533871035e-6
0.795174692081064	9.721111300506842e-6
0.7988077930772456	0.000010467082968723422
0.8024244202415269	0.00001103995086292331
0.8060247950815987	0.00001142677480193403
0.8096091341772134	0.000011621814846662705
0.8131776493322819	0.000011626026249130202
0.8167305477209869	0.000011446378964139507
0.8202680320282021	0.000011095066454150413
0.8237903005844773	0.00001058865937941302
0.8272975474958573	9.947247799490057e-6
0.8307899627687586	9.193602603449597e-6
0.834267732430147	8.352374882667476e-6
0.8377310386432179	7.44934217460248e-6
0.8411800598187925	6.510703576086333e-6
0.8446149707226158	5.562421828691968e-6
0.8480359425787443	4.629609478349488e-6
0.851443143169193	3.7359576107793682e-6
0.8548367369300061	2.903208633114614e-6
0.8582168850439064	2.1506781696599885e-6
0.8615837455296755	1.4948345596570218e-6
0.8649374733283989	9.48947083938773e-7
0.8682782203867125	5.228154320610337e-7
0.8716061357371764	2.2259268383708492e-7
0.8749213655758963	5.0712062953923335e-8
0.8782240533375075	5.924088300060917e-9
0.881514339767628	8.344594007302436e-8
0.8847923629928853	2.7521941780920843e-7
0.8880582585886202	5.702683112628867e-7
0.891312159644351	9.551408033533094e-7
0.8945541968270976	1.4144181348289523e-6
0.8977844984426455	1.9312675954932386e-6
0.9010031904948326	2.4880162416806626e-6
0.904210396742935	3.0667216494901647e-6
0.907406238757228	3.6497173974038097e-6
0.9105908359727877	4.22011362322518e-6
0.9137643057416108	4.7622366522505645e-6
0.9169267633831034	5.2619960271819375e-6
0.9200783222330103	5.707171918917331e-6
0.9232190936908424	6.087620478909663e-6
0.926349187265852	6.395398866324782e-6
0.9294687106216156	6.624815187301135e-6
0.9325777696192751	6.772411255345973e-6
0.9356764683594858	6.836887842064075e-6
0.9387649092231123	6.818982933355806e-6
0.9418431929107303	6.721313510509936e-6
0.9449114184809645	6.548190684466387e-6
0.9479696833877091	6.305416821972141e-6
0.9510180835162755	6.000071829398588e-6
0.9540567132184914	5.640294206028064e-6
0.9570856653468055	5.235061015170104e-6
0.9601050312874185	4.793969678579772e-6
0.9631149009924815	4.327023559900641e-6
0.966115363011379	3.84442269844447e-6
0.9691065045211654	3.3563607757020513e-6
0.9720884113561307	2.8728293999387673e-6
0.9750611680365672	2.403431015122869e-6
0.9780248577967484	1.9572021039252693e-6
0.9809795626121391	1.5424487806457715e-6
0.9839253632258758	1.1665972789353711e-6
0.9868623391745366	8.360621561380241e-7
0.9897905688132158	5.561351962189083e-7
0.9927101293399373	3.3089794868861285e-7
0.9956210968194219	1.6316056548012527e-7
0.9985235462062327	5.4429087096388976e-8
1.001417551367312	4.9026017325975e-9
1.0043031851039375	1.350079566638103e-8
1.007180519173111	7.792138839685044e-8
1.010049624308393	1.9472587482704632e-7
1.012910570240219	3.5945095795486367e-7
1.0157634257156822	5.667421238791006e-7
1.0186082585178347	8.105050482914064e-7
1.0214451354844913	1.0840699737124686e-6
1.0242741225265748	1.3803638836892164e-6
1.0270952846459964	1.6920852297033319e-6
1.0299086859531024	2.0118761284815183e-6
1.032714389683689	2.3324873182476886e-6
1.0355124582156043	2.646931708284152e-6
1.0383029530849455	2.9486230358736796e-6
1.041085935001863	3.231496913421252e-6
1.0438614638659922	3.490112360669046e-6
1.0466295987815064	3.7197327288339284e-6
1.0493903980718262	3.91638569506061e-6
1.0521439192939628	4.076902702306968e-6
1.0548902192525424	4.19893881427319e-6
1.0576293540134882	4.280974428776451e-6
1.0603613789173938	4.32230063708448e-6
1.0630863485925812	4.3229902320501106e-6
1.065804316967862	4.283856463583568e-6
1.0685153372850036	4.206401631580287e-6
1.0712194621109117	4.09275751368438e-6
1.073916743349537	3.945619470415735e-6
1.0766072322535112	3.768175875762937e-6
1.0792909794355294	3.564034308945746e-6
1.081968034879464	3.3371457323232897e-6
1.084638447951246	3.0917276875646683e-6
1.0873022674094968	2.832187379633358e-6
1.0899595414159273	2.5630453941579377e-6
1.092610317545518	2.2888607121594154e-6
1.0952546427964518	2.0141576459861692e-6
1.0978925635998713	1.7433553165370926e-6
1.1005241258293876	1.480700315420312e-6
1.1031493748104044	1.2302032349990692e-6
1.1057683553292394	9.955797910636947e-7
1.108381111642051	7.801972948293727e-7
1.1109876874835736	5.870272414426118e-7
1.113588126075675	4.1860476322151555e-7
1.1161824701357184	2.7699564205336384e-7
1.1187707618847749	1.637714852272045e-7
1.1213530430556435	7.999354391215601e-8
1.123929354900717	2.6205497998956884e-8
1.1264997381996769	2.435351495485169e-9
1.1290642332670393	8.20638687468416e-9
1.1316228799595447	4.2556923066856946e-8
1.1341757176833842	1.0406841848294954e-7
1.136722785401306	1.9090126555789238e-7
1.1392641216395545	3.0083744428801077e-7
1.141799764494686	4.313290459334083e-7
1.144329751640233	5.795515505339284e-7
1.1468541203332512	7.424606479738207e-7
1.1493729074207297	9.16851335514521e-7
1.1518861493458734	1.0994180065689754e-6
1.154393882154268	1.28681426575451e-6
1.1568961414999166	1.4757112618307722e-6
1.159392962651169	1.66285341936743e-6
1.161884380496526	1.8451105669571827e-6
1.164370429550339	2.019525599069988e-6
1.1668511439583946	2.1833569638177146e-6
1.1693265575033989	2.334115433929537e-6
1.1717967036103483	2.4695947866766e-6
1.1742616153518175	2.5878961843634957e-6
1.1767213254531161	2.6874462047855216e-6
1.1791758662973777	2.7670086158229505e-6
1.181625269930539	2.825690116179405e-6
1.1840695680662336	2.862940371931664e-6
1.1865087920905846	2.8785467644132943e-6
1.1889429730669199	2.8726243280887593e-6
1.1913721417403924	2.8456013979962588e-6
1.1937963285425224	2.7982015066382837e-6
1.1962155635956464	2.731422072368075e-6
1.1986298767173036	2.6465104085854413e-6
1.2010392974245196	2.5449375589042086e-6
1.2034438549380266	2.4283704317777214e-6
1.2058435781864159	2.298642672195849e-6
1.2082384958101926	2.157724671339107e-6
1.2106286361657783	2.007693079954774e-6
1.2130140273294316	1.8507001597699303e-6
1.2153946971011118	1.688943280620477e-6
1.2177706730082538	1.5246348498472427e-6
1.220141982309499	1.3599729446511075e-6
1.2225086519983435	1.1971129069772214e-6
1.2248707088067357	1.0381401528529897e-6
1.227228179208607	8.850444427692685e-7
1.2295810894233319	7.396958547119931e-7
1.231929465419145	6.038226956279561e-7
1.2342733329164897	4.789915786162452e-7
1.2366127173913088	3.6658988091985405e-7
1.2389476440782863	2.678107806601778e-7
1.2412781379740248	1.836410477424975e-7
1.2436042238401799	1.1485173611326752e-7
1.2459259262065254	6.199189068912494e-8
1.2482432693739935	2.5385343345279437e-8
1.2505562774176358	5.130629136043405e-9
1.2528649741895515	1.1040074076479918e-9
1.2551693833217625	1.2965523923308135e-8
1.2574695282290473	4.0168000792789665e-8
1.2597654321117135	8.196879225651968e-8
1.2620571179583417	1.3744409756801244e-7
1.2643446085484724	2.0550557865252768e-7
1.2666279264552558	2.849189911978061e-7
1.2689070940480558	3.743245044915918e-7
1.2711821334950113	4.722583586957131e-7
1.2734530667655604	5.771754892164283e-7
1.2757199156329213	6.874727369245008e-7
1.2779827016765275	8.015122606335364e-7
1.280241446284434	9.176447744323372e-7
1.282496170655689	1.0342322470016153e-6
1.284746895802647	1.1496697223183307e-6
1.2869936425532607	1.2624059504329566e-6
1.289236431553351	1.3709625521317881e-6
1.2914752832688083	1.4739514811116494e-6
1.2937102179877789	1.570090590349367e-6
1.2959412558228243	1.658217154227645e-6
1.2981684167130294	1.7372992432865457e-6
1.300391720426087	1.8064448927292462e-6
1.302611186560363	1.8649090479862687e-6
1.304826834546889	1.9120983095163356e-6
1.3070386836513894	1.947573533822142e-6
1.3092467529762037	1.971050377823678e-6
1.3114510614622439	1.982397898841492e-6
1.313651627890878	1.9816353423152884e-6
1.315848470885814	1.968927264206804e-6
1.3180416089149314	1.944577145093506e-6
1.3202310602921055	1.90901965846826e-6
1.322416843178991	1.8628117577068458e-6
1.3245989755867988	1.8066227447596167e-6
1.3267774753780086	1.7412234797888612e-6
1.328952360268094	1.667474885421769e-6
1.3311236478272106	1.5863158924128752e-6
1.333291355481845	1.4987509662322123e-6
1.3354555005164572	1.4058373465591371e-6
1.3376161000750975	1.308672124685219e-6
1.33977317116299	1.2083792771814294e-6
1.3419267306480942	1.1060967686396069e-6
1.3440767952626547	1.0029638314592358e-6
1.3462233816047233	9.001085266227862e-7
1.3483665061396573	7.986356861940026e-7
1.3505061852015896	6.996153353898282e-7
1.3526424349948933	6.040716894201131e-7
1.354775271595615	5.129728174346209e-7
1.356904710952892	4.2722106264460115e-7
1.3590307688903467	3.4764430346150876e-7
1.3611534611074534	2.7498813534386273e-7
1.3632728031809211	2.09909046471733e-7
1.3653888105659924	1.529686524308265e-7
1.3675014985978033	1.0462904564713363e-7
1.369610882492648	6.524930437852359e-8
1.3717169773492868	3.508319381905427e-8
1.3738197981501954	1.427807839416763e-8
1.3759193597628223	2.87504990087112e-9
1.3780156769408118	8.102610313246048e-10
1.3801087643252168	7.91743832262259e-9
1.3821986364457053	2.393153305469021e-8
1.3842853077217343	4.849345339480052e-8
1.386368792463708	8.115580655262203e-8
1.3884491048741343	1.2138956616854907e-7
1.3905262590487557	1.6859156797780636e-7
1.3926002689776746	2.22092726206636e-7
1.3946711485464405	2.8116685445882233e-7
1.3967389115371485	3.450399681501029e-7
1.3988035716295133	4.128999410524836e-7
1.4008651424019252	4.839063862008411e-7
1.4029236373324936	5.572006313237295e-7
1.4049790698000852	6.319156610763375e-7
1.4070314530853374	7.07185902503484e-7
1.40908080037166	7.821567362746342e-7
1.4111271247462338	8.559936240837792e-7
1.4131704392009796	9.27890752017984e-7
1.4152107566335381	9.970791003766221e-7
1.417248089848203	1.0628338621520236e-6
1.4192824515568772	1.1244811448079773e-6
1.4213138543800008	1.181403902879833e-6
1.423342310847458	1.2330470618992513e-6
1.4253678333994897	1.2789218069901678e-6
1.4273904343875827	1.3186090218988474e-6
1.4294101260753589	1.3517618759377466e-6
1.431426920639434	1.3781075672420952e-6
1.4334408301702855	1.3974482405725568e-6
1.4354518666731002	1.4096611066665457e-6
1.4374600420686139	1.4146977976977903e-6
1.4394653681939273	1.4125829997170338e-6
1.4414678568033437	1.4034124081401684e-6
1.4434675195691529	1.3873500563116056e-6
1.445464368082448	1.3646250701281033e-6
1.4474584138538946	1.3355279036606815e-6
1.4494496683145206	1.3004061118494757e-6
1.4514381428164835	1.2596597167133777e-6
1.45342384863381	1.2137362233545533e-6
1.4554067969631783	1.1631253413638837e-6
1.4573869989246238	1.1083534662533497e-6
1.4593644655622853	1.0499779742654873e-6
1.461339207845126	9.885813826307248e-7
1.4633112366676433	9.247654257800634e-7
1.4652805628505785	8.591450966185668e-7
1.4672471971416061	7.923427004974909e-7
1.4692111502160123	7.249819680494489e-7
1.471172432677402	6.576822716359583e-7
1.4731310550583354	5.910529887189362e-7
1.475087027821011	5.256880540180548e-7
1.477040361357921	4.621607407602467e-7
1.4789910659924848	4.010187096987803e-7
1.4809391519796997	3.427793627780301e-7
1.4828846295067748	2.8792553627434515e-7
1.4848275086937313	2.3690156601882997e-7
1.486767799594057	1.9010975469297018e-7
1.4887055121952804	1.4790726830231357e-7
1.4906406564195966	1.1060348568084805e-7
1.492573242124453	7.845782124030747e-8
1.494503279103133	5.167803721889007e-8
1.4964307770853533	3.041905737751689e-8
1.498355745737816	1.4782289492633777e-8
1.5002781946647945	4.815459154599883e-9
1.502198133408698	5.129523647989069e-10
1.5041155714505976	1.816659291405559e-9
1.5060305182108153	8.617306373768637e-9
1.5079429830494457	2.0756258848663317e-8
1.5098529752668668	3.8027770774491154e-8
1.511760504104316	6.018165485224113e-8
1.5136655787444004	8.69263398611842e-8
1.5155682083115898	1.1793227941937474e-7
1.517468401872767	1.5283567214122753e-7
1.519366168437693	1.9124245012683668e-7
1.5212615169595427	2.3273249018163806e-7
1.523154456335389	2.768640002428585e-7
1.5250449954066752	3.2317803223455096e-7
1.5269331429597193	3.7120307198889107e-7
1.5288189077261976	4.204596569880731e-7
1.5307022983835885	4.7046497343311164e-7
1.5325833235556652	5.207373856022304e-7
1.5344619918129712	5.708008524826967e-7
1.5363383116732237	6.201891892649087e-7
1.5382122916018297	6.684501343990216e-7
1.5400839400122932	7.151491864568272e-7
1.5419532652666714	7.598731789424563e-7
1.5438202756760167	8.02233565361038e-7
1.5456849795007968	8.418693912397917e-7
1.5475473849513368	8.784499342539244e-7
1.5494075001882335	9.116769980763378e-7
1.5512653333227882	9.412868500321313e-7
1.5531208924173947	9.670517968728281e-7
1.5549741854859804	9.887813971075803e-7
1.5568252204943813	1.0063233121115926e-6
1.558674005360788	1.0195638017851735e-6
1.5605205479560835	1.0284278736744144e-6
1.562364856104292	1.0328790973554156e-6
1.5642069375829255	1.032919098267171e-6
1.566046800123405	1.0285867473576413e-6
1.5678844514113908	1.0199570645693786e-6
1.5697198990872279	1.0071398556603087e-6
1.5715531507462537	9.902781028833288e-7
1.5733842139391998	9.695461308771613e-7
1.5752130961725597	9.451475696527552e-7
1.5770398049089276	9.173131368510264e-7
1.5788643475673745	8.8629826158972e-7
1.5806867315238	8.523805721941169e-7
1.5825069641112604	8.158572698799575e-7
1.5843250526203598	7.770424102873746e-7
1.5861410042995336	7.362641143438303e-7
1.5879548263554373	6.938617296012288e-7
1.589766525953268	6.501829627158814e-7
1.5915761102170705	6.055810033140638e-7
1.5933835862300956	5.604116589851507e-7
1.595188961035131	5.15030520640282e-7
1.5969922416347875	4.697901769521959e-7
1.5987934349918478	4.250374960486829e-7
1.6005925480295833	3.8111099204914353e-7
1.6023895876320289	3.3833829341179025e-7
1.6041845606443428	2.97033729381519e-7
1.6059774738730888	2.5749605012885694e-7
1.6077683340865125	2.200062953106314e-7
1.6095571480149042	1.848258249259403e-7
1.6113439223508328	1.5219452533853402e-7
1.6131286637494657	1.2232920221677453e-7
1.6149113788288787	9.542217094288983e-8
1.616692074170307	7.164005370292365e-8
1.6184707563184533	5.112279101028049e-8
1.6202474317817614	3.398287386196014e-8
1.6220221070327123	2.030480105026651e-8
1.6237947885080708	1.0144764396995654e-8
1.6255654826091857	3.5305628311677956e-9
1.6273341957022476	4.617443417687032e-10
1.6291009341185583	9.099728930495651e-10
1.6308657041548174	4.819615441974081e-9
1.6326285120733428	1.2108542253889888e-8
1.634389364102375	2.266913180808149e-8
1.6361482664363136	3.6369469749430645e-8
1.637905225235968	5.3054729588782816e-8
1.6396602466288295	7.254872123852341e-8
1.6414133367093118	9.465559198684067e-8
1.6431645015389873	1.1916166319940474e-7
1.6449137471468593	1.4583738492890358e-7
1.6466610795295962	1.7443938968617432e-7
1.648406504651743	2.04712625945885e-7
1.6501500284460078	2.36392551474279e-7
1.6518916568134725	2.6920736635473336e-7
1.6536313956238318	3.0288026556331633e-7
1.6553692507156075	3.3713169118594596e-7
1.6571052278964227	3.71681564811981e-7
1.6588393329431814	4.062514812949067e-7
1.6605715716023373	4.4056684593805794e-7
1.6623019495900662	4.74358938168083e-7
1.6640304725925346	5.073668859781184e-7
1.6657571462661098	5.393395367307545e-7
1.6674819762375528	5.700372113363406e-7
1.6692049681042493	5.992333303636729e-7
1.6709261274344371	6.267159022015627e-7
1.6726454597673952	6.522888650108706e-7
1.6743629706136571	6.75773275836877e-7
1.6760786654552327	6.970083418453178e-7
1.6777925497457897	7.158522902706063e-7
1.679504628910886	7.321830751331875e-7
1.6812149083481513	7.458989203003439e-7
1.6829233934274894	7.56918699811359e-7
1.6846300894912782	7.651821576840585e-7
1.6863350018545726	7.706499705860901e-7
1.6880381358052838	7.73303657842325e-7
1.6897394966043995	7.731453442042616e-7
1.6914390894861344	7.701973816164166e-7
1.6931369196581514	7.645018369773376e-7
1.694832992301734	7.561198535047813e-7
1.6965273125719955	7.451308938007768e-7
1.6982198855980184	7.316318731442087e-7
1.6999107164830807	7.157361918725167e-7
1.7015998103048111	6.975726759357927e-7
1.7032871721153804	6.772844348867887e-7
1.7049728069416743	6.550276466867331e-7
1.7066567197854665	6.309702787619568e-7
1.7083389156236004	6.05290754737521e-7
1.7100193994081538	5.781765762883764e-7
1.7116981760666063	5.498229094483821e-7
1.7133752505020419	5.204311446759477e-7
1.715050627593272	4.902074398458783e-7
1.7167243121950222	4.593612552390899e-7
1.718396309138107	4.281038894447271e-7
1.7200666232295803	3.9664702496713253e-7
1.721735259252902	3.65201292126316e-7
1.7234022219680998	3.339748596898381e-7
1.7250675161119273	3.031720604187946e-7
1.72673114639802	2.7299205951945673e-7
1.7283931175170664	2.436275736906532e-7
1.7300534341369327	2.1526364817574614e-7
1.731712100902856	1.880764988858915e-7
1.7333691224375614	1.6223242629258117e-7
1.735024503341446	1.378868073578221e-7
1.736678248192692	1.1518317133500466e-7
1.7383303615474515	9.42523647406741e-8
1.7399808479399799	7.521181027407981e-8
1.7416297118827675	5.816486385773874e-8
1.7432769578667022	4.320027334759046e-8
1.7449225903612176	3.0391741781291324e-8
1.746566613814422	1.9797597338487e-8
1.7482090326532371	1.146057145043772e-8
1.7498498512835534	5.407685736039671e-9
1.751489074090362	1.650247671634804e-9
1.7531267054378867	1.8395411855847283e-10
1.754762749669731	9.8910104564487e-10
1.7563972111090032	4.03089700679269e-9
1.7580300940584606	9.259877169948747e-9
1.7596614028006377	1.6612413949992055e-8
1.7612911415979697	2.6011319587811477e-8
1.7629193146929452	3.736653534642787e-8
1.7645459263082106	5.0575901361139466e-8
1.7661709806467236	6.552600061503418e-8
1.7677944818918603	8.209306998641884e-8
1.7694164342075505	1.001439708702776e-7
1.7710368417384068	1.1953721149244128e-7
1.772655708609842	1.401240127253748e-7