0.	0
0.	0
0.	0
0.	0
0.	0
0.	0
0.	0
0.	0
0.	0
0.	0
0.	0
0.	0
0.	0
0.	0
0.	0
0.	0
0.	0
0.	0
0.	0
0.	0
0.	0
0.	0
0.	0
0.	0
0.	0
0.	0
0.	0
0.	0
0.	0
0.	0
0.	0
0.	0
0.	0
0.	0
0.	0
0.	0
0.	0
0.	0
0.	0
0.	0
0.	0
0.	0
0.	0
0.	0
0.	0
0.	0
0.	0
0.	0
0.	0
0.	0
0.	0
0.	0
0.	0
0.	0
0.	0
0.	0
0.	0
0.	0
0.	0
0.	0
0.	0
0.	0
0.	0
0.	0
0.	0
0.	0
0.	0
0.	0
0.	0
0.	0
0.	0
0.	0
0.	0
0.	0
0.	0
0.	0
0.	0
0.	0
0.	0
0.	0
0.	0
0.	0
0.	0
0.	0
0.	0
0.	0
0.	0
0.	0
0.	0
0.	0
0.	0
0.	0
0.	0
0.	0
0.	0
0.	0
0.	0
0.	0
0.	0
0.	0
0.	0
0.	0
0.	0
0.	0
0.	0
0.	0
0.	0
0.	0
0.	0
0.	0
0.	0
0.	0
0.	0
0.	0
0.	0
0.	0
0.	0
0.	0
0.	0
0.	0
0.	0
0.	0
0.	0
0.	0
0.	0
0.	0
0.	0
0.	0
0.	0
0.	0
0.	0
0.	0
0.	0
0.	0
0.	0
0.	0
0.	0
0.	0
0.	0
0.	0
0.	0
0.	0
0.	0
0.	0
0.	0
0.	0
0.	0
0.	0
0.	0
0.	0
0.	0
0.	0
0.	0
0.	0
0.	0
0.	0
0.	0
0.	0
0.	0
0.	0
0.	0
0.	0
0.	0
0.	0
0.	0
0.	0
0.	0
0.	0
0.	0
0.	0
0.	0
0.	0
0.	0
0.	0
0.	0
0.	0
0.	0
0.	0
0.	0
0.	0
0.	0
0.	0
0.	0
0.	0
0.	0
0.	0
0.	0
0.	0
0.	0
0.	0
0.	0
0.	0
0.	0
0.	0
0.	0
0.	0
0.	0
0.	0
0.	0
0.	0
0.	0
0.	0
0.	0
0.	0
0.	0
0.	0
0.	0
0.	0
0.	0
0.	0
0.	0
0.	0
0.	0
0.	0
0.	0
0.	0
0.	0
0.	0
0.	0
0.	0
0.	0
0.	0
0.	0
0.	0
0.	0
0.	0
0.	0
0.	0
0.	0
0.	0
0.	0
0.	0
0.	0
0.	0
0.	0
0.	0
0.	0
0.	0
0.	0
0.	0
0.	0
0.	0
0.	0
0.	0
0.	0
0.	0
0.	0
0.	0
0.	0
0.	0
0.	0
0.	0
0.	0
0.	0
0.	0
0.	0
0.	0
0.	0
0.	0
0.	0
0.	0
0.	0
0.	0
0.	0
0.	0
0.	0
0.	0
0.	0
0.	0
0.	0
0.	0
0.	0
0.	0
0.	0
0.	0
0.	0
0.	0
0.	0
0.	0
0.	0
0.	0
0.	0
0.	0
0.	0
0.	0
0.	0
0.	0
0.	0
0.	0
0.	0
0.	0
0.	0
0.	0
0.	0
0.	0
0.	0
0.	0
0.	0
0.	0
0.	0
0.	0
0.	0
0.	0
0.	0
0.	0
0.	0
0.	0
0.	0
0.	0
0.	0
0.	0
0.	0
0.	0
0.	0
0.	0
0.	0
0.	0
0.	0
0.	0
0.	0
0.	0
0.	0
0.	0
0.	0
0.	0
0.	0
0.	0
0.	0
0.	0
0.	0
0.	0
0.	0
0.	0
0.	0
0.	0
0.	0
0.	0
0.	0
0.	0
0.	0
0.	0
0.	0
0.	0
0.	0
0.	0
0.	0
0.	0
0.	0
0.	0
0.	0
0.	0
0.	0
0.	0
0.	0
0.	0
0.	0
0.	0
0.	0
0.	0
0.	0
0.	0
0.	0
0.	0
0.	0
0.	0
0.	0
0.	0
0.	0
0.	0
0.	0
0.	0
0.	0
0.	0
0.	0
0.	0
0.	0
0.	0
0.	0
0.	0
0.	0
0.	0
0.	0
0.	0
0.	0
0.	0
0.	0
0.	0
0.	0
0.	0
0.	0
0.	0
0.	0
0.	0
0.	0
0.	0
0.	0
0.	0
0.	0
0.	0
0.	0
0.	0
0.	0
0.	0
0.	0
0.	0
0.	0
0.	0
0.	0
0.	0
0.	0
0.	0
0.	0
0.	0
0.	0
0.	0
0.	0
0.	0
0.	0
0.	0
0.	0
0.	0
0.	0
0.	0
0.	0
0.	0
0.	0
0.	0
0.	0
0.	0
0.	0
0.	0
0.	0
0.	0
0.	0
0.	0
0.	0
0.	0
0.	0
0.	0
0.	0
0.	0
0.	0
0.	0
0.	0
0.	0
0.	0
0.	0
0.	0
0.	0
0.	0
0.	0
0.	0
0.	0
0.	0
0.	0
0.	0
0.	0
0.	0
0.	0
0.	0
0.	0
0.	0
0.	0
0.	0
0.	0
0.	0
0.	0
0.	0
0.	0
0.	0
0.	0
0.	0
0.	0
0.	0
0.	0
0.	0
0.	0
0.	0
0.	0
0.	0
0.	0
0.	0
0.	0
0.	0
0.	0
0.	0
0.	0
0.	0
0.	0
0.	0
0.	0
0.	0
0.	0
0.	0
0.	0
0.	0
0.	0
0.	0
0.	0
0.	0
0.	0
0.	0
0.	0
0.	0
0.	0
0.	0
0.	0
0.	0
0.	0
0.	0
0.	0
0.	0
0.	0
0.	0
0.	0
0.	0
0.	0
0.	0
0.	0
0.	0
0.	0
0.	0
0.	0
0.	0
0.	0
0.	0
0.	0
0.	0
0.	0
0.	0
0.	0
0.	0
0.	0
0.	0
0.	0
0.	0
0.	0
0.	0
0.	0
0.	0
0.	0
0.	0
0.	0
0.	0
0.	0
0.	0
0.	0
0.	0
0.	0
0.	0
0.	0
0.	0
0.	0
0.	0
0.	0
0.	0
0.	0
0.	0
0.	0
0.	0
0.	0
0.	0
0.	0
0.	0
0.	0
0.	0
0.	0
0.	0
0.	0
0.	0
0.	0
0.	0
0.	0
0.	0
0.	0
0.	0
0.	0
0.	0
0.	0
0.	0
0.	0
0.	0
0.	0
0.	0
0.	0
0.	0
0.	0
0.	0
0.	0
0.	0
0.	0
0.	0
0.	0
0.	0
0.	0
0.	0
0.	0
0.	0
0.	0
0.	0
0.	0
0.	0
0.	0
0.	0
0.	0
0.	0
0.	0
0.	0
0.	0
0.	0
0.	0
0.	0
0.	0
0.	0
0.	0
0.	0
0.	0
0.	0
0.	0
0.	0
0.	0
0.	0
0.	0
0.	0
0.	0
0.	0
0.	0
0.	0
0.	0
0.	0
0.	0
0.	0
0.	0
0.	0
0.	0
0.	0
0.	0
0.	0
0.	0
0.	0
0.	0
0.	0
0.	0
0.	0
0.	0
0.	0
0.	0
0.029026248921178364	0.00029071239833568973
0.0685893947518258	0.00047276722258016797
0.09255534395561825	0.0007626097140750836
0.11148310512674496	0.0023015602003246386
0.12763415651618998	0.017118199315443304
0.14195942016203464	0.011918472185394727
0.15496605968220584	0.04410270966175023
0.16696252779281212	0.010415596016791642
0.1781530095413856	0.005664448346205467
0.1886809655312203	0.0025466633278762507
0.19865175875810637	0.0010252049737249896
0.20814547330086436	0.000640941298757008
0.21722466913992727	0.003212379012932609
0.2259393225512559	0.0018079217451639513
0.23433010811001395	0.002028880761606613
0.2424306558462505	0.002001742564970291
0.2502691495006898	0.0018922851877058236
0.2578694867474982	0.0010710341620384625
0.2652521397466998	0.00035763363160823565
0.2724348055250163	0.00019562656687732572
0.2794329057116773	0.00027526470619466107
0.28625997620092947	0.0003506300491429733
0.29292797499899387	0.00020445185843757693
0.2994475283202978	0.0001497048546654675
0.30582812942931015	0.00023524634159800627
0.3120783008663024	0.0003352348143740755
0.31820572797569063	0.0003634182063347322
0.32421736970797044	0.0004687071938631846
0.33011955125128023	0.000469331719542707
0.33591804200699954	0.0004080920820932285
0.3416181216476457	0.0002873548279909839
0.3472246364104897	0.00021178516452563986
0.3527420473350345	0.0001967583317455179
0.35817447181019624	0.00011139542406795977
0.3635257195315118	0.00007789166884892694
0.36879932376102	0.0000543891459156563
0.3739985686187356	0.00004160541271262555
0.3791265130046158	0.000033215562414204915
0.38418601164594435	0.000028725210689026813
0.38917973368137104	0.00002728185278985271
0.39411017912507573	0.00002816709708861246
0.3989796934993204	0.00003096564352666214
0.4037904808784443	0.00003393411113341446
0.408544615550133	0.00003747970244896601
0.4132440524689976	0.00004177738897104457
0.4178906366519031	0.000047856572925239935
0.42248611164310795	0.00005756331097932004
0.42703212715935845	0.00008053675955561485
0.43153024600998985	0.000020344952667281807
0.43598195037433457	0.000012434101069317613
0.4403886475079195	0.000025613120814698598
0.44475167493972334	0.00002346042841491264
0.449072305214899	0.000021226312661084817
0.453351750230621	0.00003286654354831995
0.4575911652069264	0.000025813852233929354
0.46179165232941477	0.000018247494849721062
0.4659542640963543	0.00001159883968762233
0.47008000639899405	6.513855495972917e-6
0.4741698413606188	3.3356781669267043e-6
0.4782246899570514	2.2671858673828535e-6
0.4822454344388181	4.33675899691501e-6
0.48623292057302103	5.207407865203522e-6
0.49018795972105533	5.6544450144346885e-6
0.49411133076662545	5.831823499043662e-6
0.49800378190703704	5.7739997524044e-6
0.5018660323194318	5.504568927983193e-6
0.5056987737124709	5.053031114091124e-6
0.5095026717729518	4.458570226280585e-6
0.5132783675159214	3.7694184702713853e-6
0.5170264785460396	3.0390108439219082e-6
0.520747600237223	2.320266775539149e-6
0.5244423068369476	1.6599518394176585e-6
0.5281111525010055	1.09468822456293e-6
0.5317546722640026	6.49058535909873e-7
0.5353733829504006	3.3530068400478853e-7
0.5389677840304987	1.539765706973962e-7
0.5425383584253712	9.538156726863828e-8
0.546085573264426	1.416678693673327e-7
0.5496098805989561	2.695355126884892e-7
0.5531117180747617	4.531397930304062e-7
0.5565915095666817	6.66778781889774e-7
0.5600496657776367	8.870285836630633e-7
0.5634865848045763	1.0942036437122556e-6
0.5669026526735444	1.273180413528295e-6
0.5702982438458933	1.4136785752281807e-6
0.5736737216975251	1.5100967590575e-6
0.5770294389729009	1.5609998439574042e-6
0.5803657382154155	1.5683654583184348e-6
0.5836829521756345	1.5367111354571575e-6
0.5869814041987557	1.4722214391155493e-6
0.5902614085925878	1.3819640329058997e-6
0.5935232709772218	1.2732392227311111e-6
0.5967672886174928	1.1530729902745641e-6
0.599993750739268	1.0278470830643761e-6
0.6032029388305019	9.030541878779417e-7
0.6063951269279494	7.831635673176734e-7
0.6095705818903632	6.715796115004742e-7
0.6127295636589488	5.706727752014028e-7
0.6158723255057901	4.818613393109268e-7
0.6189991142709199	4.0572496396894594e-7
0.6221101705886727	3.421362116444623e-7
0.6252057291038854	2.904014066551083e-7
0.62828601867852	2.494052918741538e-7
0.6313512625892065	2.1775467515491742e-7
0.6344016787161931	1.9391555638138233e-7
0.6374374797241592	1.7633736571080207e-7
0.6404588732353121	1.6355800789352872e-7
0.6434660619951649	1.5428485802001332e-7
0.6464592440313769	1.4744937621188624e-7
0.6494386128059975	1.4223579919319722e-7
0.6524043573614589	1.3808663503187108e-7
0.6553566624606125	1.3468902428408188e-7
0.6582957087211205	1.319464749044306e-7
0.6612216727444614	1.2994034075206187e-7
0.6641347272398267	1.2888502327787372e-7
0.6670350411431388	1.2908041225630952e-7
0.6699227797314407	1.3086458022780042e-7
0.6727981047328514	1.3456920822999555e-7
0.6756611744323231	1.4047968216675554e-7
0.6785121437733747	1.488013196974025e-7
0.6813511644559868	1.5963281054872767e-7
0.6841783850308524	1.7294767990713268e-7
0.6869939509901263	1.8858436295684675e-7
0.6897980048548429	2.0624522861324718e-7
0.6925906862591495	2.2550455154247576e-7
0.6953721320314871	2.4582499896328423e-7
0.698142476272869	2.665817091697624e-7
0.7009018504323673	2.8709253410245043e-7
0.7036503833799378	3.066525406803598e-7
0.7063882014766878	3.245704829573959e-7
0.7091154286427123	3.402047633460519e-7
0.7118321864225794	3.52996462652642e-7
0.7145385940485789	3.6249731964275257e-7
0.717234768501823	3.683909946350636e-7
0.7199208245712857	3.705064717707163e-7
0.7225968749108664	3.6882300732270017e-7
0.7252630300945555	3.6346661964267235e-7
0.7279193986697862	3.5469872215935224e-7
0.7305660872090336	3.4289805629068066e-7
0.7332032003597426	3.285374979740249e-7
0.7358308408926385	3.121575337523839e-7
0.7384491097484968	2.9433823075865995e-7
0.7410581060834196	2.7567139884924097e-7
0.743657927312683	2.567344103601244e-7
0.7462486691532135	2.3806684632803938e-7
0.7488304256647326	2.2015081791778227e-7
0.7514032892896388	2.0339550698755652e-7
0.7539673508916563	1.8812620755191373e-7
0.7565226997933053	1.7457793773158633e-7
0.7590694238122432	1.6289351791770257e-7
0.761607609296502	1.531258571205674e-7
0.7641373411586774	1.452440435691393e-7
0.7666587029091055	1.3914269666255706e-7
0.769171776688049	1.3465391388038935e-7
0.7716766432969494	1.3156105107418505e-7
0.7741733822287699	1.2961352022178697e-7
0.7766620716974503	1.2854178362597892e-7
0.7791427886665233	1.2807176950732611e-7
0.7816156088769045	1.2793802635104783e-7
0.7840806068739111	1.278950621580685e-7
0.7865378560334908	1.2772646752231714e-7
0.7889874285877396	1.2725158581783155e-7
0.7914293956496974	1.2632965874203352e-7
0.7938638272374561	1.2486153111755376e-7
0.796290792297609	1.227891351309521e-7
0.7987103587280479	1.2009308110597e-7
0.8011225934001607	1.1678875223311015e-7
0.8035275621804047	1.1292133165462488e-7
0.80592532995132	1.0856018477499164e-7
0.8083159606319668	1.0379298385396831e-7
0.8106995171978307	9.871990425043096e-8
0.8130760617001939	9.344815072454409e-8
0.8154456552850087	8.808699690280748e-8
0.817808358211266	8.274344927613195e-8
0.8201642298688981	7.751858561739497e-8
0.8225133287962094	7.250457051645272e-8
0.8248557126968726	6.778231922794396e-8
0.8271914384564802	6.341976378961353e-8
0.829520562158678	5.947066938849892e-8
0.8318431391009041	5.5973950079096326e-8
0.8341592238097117	5.295343750941485e-8
0.8364688700557296	5.041806147098805e-8
0.8387721308682415	4.836240446358253e-8
0.8410690585494065	4.676759385633193e-8
0.8433597046881343	4.560249422141331e-8
0.8456441201736206	4.4825160176957535e-8
0.8479223552085492	4.4384507442780704e-8
0.8501944593219821	4.4222157583673e-8
0.8524604813819392	4.4274410410127445e-8
0.8547204696076737	4.44742973264873e-8
0.8569744715816603	4.475366845469098e-8
0.8592225342612956	4.504526608290797e-8
0.8614647039903282	4.5284736319611895e-8
0.863701026510016	4.541253010415183e-8
0.8659315469700355	4.5375644078994764e-8
0.8681563099391196	4.512915186735443e-8
0.8703753594154695	4.4637477864021623e-8
0.8725887388369159	4.3875369281241537e-8
0.8747964910908534	4.282852863136102e-8
0.876998658523954	4.149387831326107e-8
0.8791952829516457	3.987944141243949e-8
0.8813864056674007	3.8003837823386234e-8
0.8835720674517938	3.589541141003881e-8
0.8857523085813802	3.359102106575344e-8
0.8879271688373581	3.113454478224411e-8
0.890096687514057	2.8575159926621236e-8
0.8922609034272245	2.5965473555729628e-8
0.8944198549221487	2.3359582929867602e-8
0.8965735798815861	2.0811147890327257e-8
0.8987221157335437	1.837155340502408e-8
0.9008654994588587	1.6088232751182437e-8
0.9030037675986553	1.4003210282390784e-8
0.9051369562616075	1.2151908578375212e-8
0.9072651011310794	1.0562249303256053e-8
0.9093882374720841	9.254061571773224e-9
0.9115064001381253	8.238797296716864e-9
0.9136196235778719	7.519540707352037e-9
0.9157279418417158	7.091289487931049e-9
0.9178313885881754	6.941477933875837e-9
0.9199299970901731	7.050707749825768e-9
0.9220238002411971	7.3936493116364135e-9
0.9241128305613124	7.94007470220631e-9
0.9261971202030718	8.655983305319909e-9
0.9282767009572936	9.504780803183331e-9
0.9303516042587336	1.0448473121107997e-8
0.9324218611916352	1.1448838093606882e-8
0.9344875024951732	1.2468539634638863e-8
0.9365485585687845	1.3472152087696284e-8
0.9386050594773964	1.4427066354806842e-8
0.9406570349565575	1.5304254370032316e-8
0.9427045144174572	1.6078874433424093e-8
0.9447475269518523	1.6730706629466607e-8
0.9467861013369053	1.7244414629773164e-8
0.9488202660399152	1.760963729369108e-8
0.9508500492229609	1.7820919996953443e-8
0.9528754787474639	1.7877501229618548e-8
0.9548965821786645	1.778297427770695e-8
0.956913386789987	1.7544846503728333e-8
0.9589259195673611	1.7174019963788854e-8
0.9609342072134298	1.668421684463168e-8
0.9629382761517017	1.609137192718494e-8
0.964938152530602	1.5413012289937317e-8
0.9669338622274708	1.4667642144679968e-8
0.9689254308524711	1.3874148435714625e-8
0.9709128837524373	1.3051240745003856e-8
0.9728962460146308	1.2216937272541315e-8
0.9748755424704642	1.1388107081339272e-8
0.9768507976991163	1.05800773365683e-8
0.9788220360311091	9.806312728201387e-9
0.9807892815518124	9.078172504401574e-9
0.982752558104876	8.404748506295585e-9
0.9847118892956185	7.792785224176186e-9
0.9866672984943358	7.24668028123043e-9
0.9886188088395679	6.7685610183451016e-9
0.9905664432412958	6.358430177326906e-9
0.9925102243840827	6.014371282023489e-9
0.994450174730171	5.732802381023621e-9
0.9963863165225094	5.508765518761825e-9
0.9983186717877405	5.336238718046903e-9
1.0002472623391279	5.208457407780219e-9
1.0021721097794312	5.11823304924543e-9
1.0040932355037462	5.058258046257927e-9
1.0060106607022705	5.021387725859799e-9
1.0079244063630501	5.000892048693446e-9
1.0098344932746608	4.990671600933019e-9
1.0117409420288421	4.985434217082166e-9
1.0136437730231014	4.980830199009845e-9
1.0155430064632662	4.973545517363007e-9
1.0174386623659868	4.9613535921369484e-9
1.0193307605612063	4.943127293530235e-9
1.021219320694583	4.918813691031283e-9
1.0231043622298885	4.889374878855307e-9
1.0249859044513339	4.856698874152685e-9
1.0268639664658903	4.823485196582925e-9
1.0287385672055602	4.793110216085021e-9
1.0306097254295938	4.769477688858955e-9
1.032477459726699	4.756860086672645e-9
1.034341788517199	4.759736275427011e-9
1.0362027300551488	4.782630849119401e-9
1.0380603024304336	4.829959975969099e-9
1.0399145235708216	4.9058879514700985e-9
1.0417654112439902	5.01419788106152e-9
1.0436129830595158	5.158179048196067e-9
1.0454572564708315	5.340532659658049e-9
1.0472982487771558	5.563296788363459e-9
1.0491359771254	5.827790644377521e-9
1.0509704585120172	6.134577648022263e-9
1.0528017097848617	6.483446340639607e-9
1.0546297476449797	6.8734078559969915e-9
1.0564545886484107	7.302708485352842e-9
1.0582762492079265	7.768855825372227e-9
1.0600947455947571	8.268656996139655e-9
1.0619100939403074	8.798267495854948e-9
1.0637223102378082	9.353249341290477e-9
1.0655314103439861	9.928637222468604e-9
1.0673374099806756	1.0519011500852592e-8
1.0691403247364093	1.111857691255596e-8
1.0709401700680083	1.1721245910195843e-8
1.0727369613021311	1.2320725594068907e-8
1.0745307136367879	1.2910607212707818e-8
1.0763214421428433	1.3484457218423313e-8
1.0781091617655263	1.4035908883100164e-8
1.0798938873258543	1.4558753454650383e-8
1.0816756335220894	1.5047029838036486e-8
1.0834544149311451	1.5495111749088618e-8
1.0852302460100054	1.5897791243427145e-8
1.0870031410970593	1.6250357483391242e-8
1.0887731144134947	1.654866953686011e-8
1.0905401800646077	1.6789221949469082e-8
1.0923043520411237	1.6969201796089735e-8
1.0940656442205077	1.7086535895219537e-8
1.0958240703682198	1.7139926920354094e-8
1.097579644138987	1.712887723418145e-8
1.0993323790780478	1.7053699444433034e-8
1.1010822886223604	1.691551292843926e-8
1.1028293861018208	1.671622589405512e-8
1.1045736847404413	1.645850292125152e-8
1.106315197657544	1.6145718336756084e-8
1.108053937868881	1.578189621786568e-8
1.1097899182877948	1.537163822632059e-8
1.111523151726341	1.4920040858009902e-8
1.113253650896391	1.4432604020182994e-8
1.1149814284107213	1.3915133095375599e-8
1.116706496784094	1.337363680691922e-8
1.1184288684343102	1.2814223291146292e-8
1.1201485556832573	1.224299674767488e-8
1.121865570757956	1.1665956962950729e-8
1.1235799257915586	1.1088903825337217e-8
1.1252916328243563	1.05173487373167e-8
1.1270007038047853	9.956434569428997e-9
1.128707150590379	9.410865516318524e-9
1.130410984948749	8.884847923945177e-9
1.1321122185585204	8.382042858508426e-9
1.1338108630102934	7.905530908436783e-9
1.1355069298075364	7.45778942998559e-9
1.1372004303675136	7.0406821982849705e-9
1.138891376022197	6.655461179379782e-9
1.1405797780191234	6.302779914454713e-9
1.142265647522304	5.9827178049177615e-9
1.1439489956130677	5.6948143838114305e-9
1.1456298332909096	5.438112499935331e-9
1.1473081714743547	5.2112091793984605e-9
1.14898402100177	5.012312803230355e-9
1.150657392632187	4.83930514510162e-9
1.1523282970461193	4.689806750591952e-9
1.1539967448463422	4.561244103334417e-9
1.155662746558712	4.4509170385418764e-9
1.1573263126329092	4.356064925105741e-9
1.158987453443218	4.2739302034293105e-9
1.160646179289297	4.2018180147071274e-9
1.16230250039692	4.137150788513289e-9
1.1639564269186933	4.077516844958775e-9
1.1656079689348204	4.020712250294817e-9
1.167257136453789	3.9647753640869e-9
1.1689039394131109	3.908013721191075e-9
1.1705483876799898	3.849023080724261e-9
1.172190491052048	3.786698670931695e-9
1.1738302592579815	3.7202388220984287e-9
1.175467701958257	3.6491413521708488e-9
1.1771028287457628	3.5731931977226956e-9
1.1787356491464738	3.4924539166266974e-9
1.1803661726200982	3.4072337883059554e-9
1.181994408560731	3.3180673162379585e-9
1.1836203662974702	3.2256830012405473e-9
1.1852440550950518	3.1309702933562794e-9
1.1868654841544777	3.034944651992003e-9
1.1884846626135985	2.9387116291127037e-9
1.1901015995477562	2.843430880909507e-9
1.1917163039703382	2.7502809591526398e-9
1.1933287848334022	2.6604256757964487e-9
1.194939051028235	2.574982751430664e-9
1.1965471113859318	2.494995369459612e-9
1.1981529746779744	2.42140714184771e-9
1.1997566496167682	2.35504089453327e-9
1.2013581448562227	2.29658153531812e-9
1.2029574689922833	2.2465631731803453e-9
1.2045546305634731	2.2053605239104097e-9
1.2061496380514252	2.1731845311585383e-9
1.207742499881424	2.1500820244027395e-9
1.2093332244229107	2.135939159629147e-9
1.210921819990005	2.1304883042366272e-9
1.212508294842011	2.1333179656437105e-9
1.2140926571839292	2.143885337451248e-9
1.2156749151669457	2.161530989780727e-9
1.217255076888922	2.1854952403170383e-9
1.2188331503948886	2.21493572091948e-9
1.22040914367752	2.2489456949453264e-9
1.221983064677607	2.2865726823211476e-9
1.2235549212845322	2.326836997377604e-9
1.2251247213367267	2.3687498332546968e-9
1.2266924726221335	2.4113305738539243e-9
1.2282581828786563	2.4536230615011744e-9
1.2298218597946078	2.494710590590713e-9
1.2313835110091569	2.5337294448598926e-9
1.2329431441127563	2.569880843809917e-9
1.2345007666475927	2.6024412012853224e-9
1.2360563861079827	2.630770638502989e-9
1.2376100099408298	2.6543197318375183e-9
1.239161645546036	2.6726345004733317e-9
1.2407113002768784	2.6853596707467446e-9
1.2422589814404779	2.6922402702170948e-9
1.2438046962981508	2.693121627082116e-9
1.2453484520658316	2.6879478617742246e-9
1.246890255914468	2.6767589694800185e-9
1.2484301149704105	2.6596866031579035e-9
1.2499680363157941	2.6369486696453452e-9
1.2515040269889255	2.60884286060076e-9
1.2530380939846368	2.5757392435299e-9
1.2545702442547118	2.538072042903069e-9
1.256100484708209	2.496330744763263e-9
1.2576288222118321	2.451050663096894e-9
1.2591552635903156	2.4028031125341654e-9
1.2606798156267518	2.3521853287806067e-9
1.2622024850629796	2.2998102903550793e-9
1.2637232785998886	2.2462965892192212e-9
1.2652422028978147	2.1922584997772477e-9
1.266759264576833	2.1382963945148496e-9
1.2682744702171513	2.084987646274993e-9
1.2697878263593831	2.0328781521820147e-9
1.2712993395049241	1.9824745957895803e-9
1.2728090161162733	1.9342375591093825e-9
1.2743168626173302	1.888575569635118e-9
1.2758228853937532	1.8458401537467125e-9
1.2773270907932441	1.8063219451800343e-9
1.2788294851258846	1.7702478740561488e-9
1.2803300746644342	1.7377794444114369e-9
1.2818288656446384	1.7090120850520766e-9
1.2833258642655325	1.6839755354199874e-9
1.2848210766897645	1.6626352214497833e-9
1.286314509043854	1.6448945493600847e-9
1.2878061674185082	1.6305980451216797e-9
1.2892960578689192	1.6195352467187277e-9
1.2907841864150362	1.6114452676849937e-9
1.292270559041861	1.6060219227302873e-9
1.2937551816997315	1.602919332963983e-9
1.2952380603045943	1.6017579108409594e-9
1.2967192007382877	1.6021306303674473e-9
1.2981986088488093	1.6036095025782908e-9
1.2996762904505934	1.6057521635738591e-9
1.3011522513247724	1.608108503351118e-9
1.3026264972194537	1.6102272533928987e-9
1.3040990338499552	1.6116624642802978e-9
1.3055698668991138	1.611979800698166e-9
1.307039002017478	1.6107625851465966e-9
1.3085064448236332	1.6076175285863335e-9
1.3099722009043988	1.602180081869658e-9
1.3114362758150897	1.5941193457071986e-9
1.312898675079795	1.5831424829591833e-9
1.31435940419158	1.5689985809061533e-9
1.3158184686127605	1.5514819117285686e-9
1.3172758737751147	1.5304345507595177e-9
1.3187316250801437	1.5057483187743579e-9
1.3201857278992946	1.4773660195090006e-9
1.3216381875741983	1.4452819578542691e-9
1.3230890094169114	1.4095417330384552e-9
1.32453819871009	1.3702413082495246e-9
1.3259857607073116	1.3275253742832691e-9
1.3274317006331977	1.2815850361337954e-9
1.328876023683694	1.2326548499367105e-9
1.3303187350262888	1.1810092711095793e-9
1.3317598398002088	1.1269585579214115e-9
1.33319934311664	1.070844203151442e-9
1.3346372500589403	1.0130339618644294e-9
1.33607356568286	9.539165566162938e-10
1.3375082950167514	8.938961453046349e-10
1.3389414430617386	8.333866302018975e-10
1.3403730147919846	7.728059076554851e-10
1.341803015154831	7.125701379698234e-10
1.3432314490710633	6.53088128691384e-10
1.344658321435039	5.947559097356513e-10
1.346083637114949	5.37951587658543e-10
1.3475074009529548	4.830305440234895e-10
1.3489296177654395	4.303210542735805e-10
1.3503502923431505	3.8012038048740244e-10
1.3517694294514229	3.326913901567736e-10
1.3531870338303333	2.882597448267078e-10
1.3546031101949294	2.4701168709949117e-10
1.3560176632353815	2.0909245047293545e-10
1.357430697617161	1.7460530147096797e-10
1.3588422179812512	1.436112183138109e-10
1.3602522289443009	1.1612919707525071e-10
1.3616607350988121	9.213716801855463e-11
1.3630677410133105	7.157349924055347e-11
1.3644732512325295	5.4339052432487337e-11
1.3658772702775623	4.029975204258941e-11
1.3672798026460644	2.92896213532705e-11
1.36868085281239	2.111423435007086e-11
1.370080425227777	1.5554526604654277e-11
1.3714785243205123	1.2370905501551764e-11
1.3728751544961018	1.1307596497425387e-11
1.3742703201374071	1.2097159569500706e-11
1.3756640256048438	1.4465108427001188e-11
1.3770562752365212	1.8134563959488766e-11
1.378447073348395	2.2830872949088678e-11
1.3798364242344399	2.828612361215048e-11
1.3812243321667967	3.424349067933938e-11
1.3826108013959295	4.046134498313084e-11
1.3839958361507751	4.671706508162198e-11
1.3853794406389042	5.2810493068178995e-11
1.3867616190466512	5.856698095424897e-11
1.3881423755392936	6.383998036109625e-11
1.3895217142611642	6.851313500621339e-11
1.3908996393358326	7.250184324570254e-11
1.3922761548662244	7.575426651597795e-11
1.3936512649347703	7.825176909884302e-11
1.3950249736035532	8.000878387173047e-11
1.3963972849144548	8.107210977174288e-11
1.3977682028892793	8.151965555487243e-11
1.3991377315299025	8.145865620256469e-11
1.4005058748184045	8.10233965408979e-11
1.4018726367172252	8.037248589440308e-11
1.4032380211692541	7.968573665353303e-11
1.4046020320980197	7.916070484147416e-11
1.4059646734077764	7.90089581854953e-11
1.407325948983666	7.945213991256078e-11
1.4086858626918182	8.071790058853559e-11
1.4100444183795242	8.303577030699319e-11
1.4114016198753203	8.663304417454363e-11
1.412757470989134	9.173075085780882e-11
1.4141119755124052	9.853977333226529e-11
1.415465137218236	1.072571818150432e-10
1.4168169598614588	1.180628394436417e-10
1.4181674471788188	1.3111632859426522e-10
1.4195166028890513	1.465542421508272e-10
1.4208644306930363	1.64487874872454e-10
1.4222109342738873	1.8500134288083301e-10
1.4235561172970868	2.0815014808272045e-10
1.424899983410606	2.339601990159003e-10
1.4262425362450128	2.6242729090003306e-10
1.4275837794135873	2.935170376649934e-10
1.4289237165124349	3.271652441362159e-10
1.4302623511206205	3.632786979993937e-10
1.4315996868002512	4.0173635657767837e-10
1.4329357270966019	4.4239089664283065e-10
1.4342704755382165	4.850705915902205e-10
1.435603935637043	5.295814779151392e-10
1.4369361108885155	5.757097680705477e-10
1.4382670047716688	6.232244662929088e-10
1.4395966207492543	6.718801425822139e-10
1.4409249622678362	7.21419819104238e-10
1.4422520327579014	7.71577924571128e-10
1.443577835633954	8.220832726338447e-10
1.4449023742946387	8.726620219490135e-10
1.446225652122828	9.230405781664379e-10
1.4475476724857195	9.729484001015171e-10
1.448868438734955	1.0221206772013507e-9
1.4501879542067133	1.0703008452107698e-9
1.4515062222217816	1.1172429158239635e-9
1.452823246085715	1.1627135946008332e-9
1.4541390290888647	1.20649417096154e-9
1.455453574506519	1.24838216244853e-9
1.4567668855989933	1.2881927051100649e-9
1.4580789656117172	1.3257596841589944e-9