0.	0
0.	0
0.	0
0.	0
0.	0
0.	0
0.	0
0.	0
0.	0
0.	0
0.	0
0.	0
0.	0
0.	0
0.	0
0.	0
0.	0
0.	0
0.	0
0.	0
0.	0
0.	0
0.	0
0.	0
0.	0
0.	0
0.	0
0.	0
0.	0
0.	0
0.	0
0.	0
0.	0
0.	0
0.	0
0.	0
0.	0
0.	0
0.	0
0.	0
0.	0
0.	0
0.	0
0.	0
0.	0
0.	0
0.	0
0.	0
0.	0
0.	0
0.	0
0.	0
0.	0
0.	0
0.	0
0.	0
0.	0
0.	0
0.	0
0.	0
0.	0
0.	0
0.	0
0.	0
0.	0
0.	0
0.	0
0.	0
0.	0
0.	0
0.	0
0.	0
0.	0
0.	0
0.	0
0.	0
0.	0
0.	0
0.	0
0.	0
0.	0
0.	0
0.	0
0.	0
0.	0
0.	0
0.	0
0.	0
0.	0
0.	0
0.	0
0.	0
0.	0
0.	0
0.	0
0.	0
0.	0
0.	0
0.	0
0.	0
0.	0
0.	0
0.	0
0.	0
0.	0
0.	0
0.	0
0.	0
0.	0
0.	0
0.	0
0.	0
0.	0
0.	0
0.	0
0.	0
0.	0
0.	0
0.	0
0.	0
0.	0
0.	0
0.	0
0.	0
0.	0
0.	0
0.	0
0.	0
0.	0
0.	0
0.	0
0.	0
0.	0
0.	0
0.	0
0.	0
0.	0
0.	0
0.	0
0.	0
0.	0
0.	0
0.	0
0.	0
0.	0
0.	0
0.	0
0.	0
0.	0
0.	0
0.	0
0.	0
0.	0
0.	0
0.	0
0.	0
0.	0
0.	0
0.	0
0.	0
0.	0
0.	0
0.	0
0.	0
0.	0
0.	0
0.	0
0.	0
0.	0
0.	0
0.	0
0.	0
0.	0
0.	0
0.	0
0.	0
0.	0
0.	0
0.	0
0.	0
0.	0
0.	0
0.	0
0.	0
0.	0
0.	0
0.	0
0.	0
0.	0
0.	0
0.	0
0.	0
0.	0
0.	0
0.	0
0.	0
0.	0
0.	0
0.	0
0.	0
0.	0
0.	0
0.	0
0.	0
0.	0
0.	0
0.	0
0.	0
0.	0
0.	0
0.	0
0.	0
0.	0
0.	0
0.	0
0.	0
0.	0
0.	0
0.	0
0.	0
0.	0
0.	0
0.	0
0.	0
0.	0
0.	0
0.	0
0.	0
0.	0
0.	0
0.	0
0.	0
0.	0
0.	0
0.	0
0.	0
0.	0
0.	0
0.	0
0.	0
0.	0
0.	0
0.	0
0.	0
0.	0
0.	0
0.	0
0.	0
0.	0
0.	0
0.	0
0.	0
0.	0
0.	0
0.	0
0.	0
0.	0
0.	0
0.	0
0.	0
0.	0
0.	0
0.	0
0.	0
0.	0
0.	0
0.	0
0.	0
0.	0
0.	0
0.	0
0.	0
0.	0
0.	0
0.	0
0.	0
0.	0
0.	0
0.	0
0.	0
0.	0
0.	0
0.	0
0.	0
0.	0
0.	0
0.	0
0.	0
0.	0
0.	0
0.	0
0.	0
0.	0
0.	0
0.	0
0.	0
0.	0
0.	0
0.	0
0.	0
0.	0
0.	0
0.	0
0.	0
0.	0
0.	0
0.	0
0.	0
0.	0
0.	0
0.	0
0.	0
0.	0
0.	0
0.	0
0.	0
0.	0
0.	0
0.	0
0.	0
0.	0
0.	0
0.	0
0.	0
0.	0
0.	0
0.	0
0.	0
0.	0
0.	0
0.	0
0.	0
0.	0
0.	0
0.	0
0.	0
0.	0
0.	0
0.	0
0.	0
0.	0
0.	0
0.	0
0.	0
0.	0
0.	0
0.	0
0.	0
0.	0
0.	0
0.	0
0.	0
0.	0
0.	0
0.	0
0.	0
0.	0
0.	0
0.	0
0.	0
0.	0
0.	0
0.	0
0.	0
0.	0
0.	0
0.	0
0.	0
0.	0
0.	0
0.	0
0.	0
0.	0
0.	0
0.	0
0.	0
0.	0
0.	0
0.	0
0.	0
0.	0
0.	0
0.	0
0.	0
0.	0
0.	0
0.	0
0.	0
0.	0
0.	0
0.	0
0.	0
0.	0
0.	0
0.	0
0.	0
0.	0
0.	0
0.	0
0.	0
0.	0
0.	0
0.	0
0.	0
0.	0
0.	0
0.	0
0.	0
0.	0
0.	0
0.	0
0.	0
0.	0
0.	0
0.	0
0.	0
0.	0
0.	0
0.	0
0.	0
0.	0
0.	0
0.	0
0.	0
0.	0
0.	0
0.	0
0.	0
0.	0
0.	0
0.	0
0.	0
0.	0
0.	0
0.	0
0.	0
0.	0
0.	0
0.	0
0.	0
0.	0
0.	0
0.	0
0.	0
0.	0
0.	0
0.	0
0.	0
0.	0
0.	0
0.	0
0.	0
0.	0
0.	0
0.	0
0.	0
0.	0
0.	0
0.	0
0.	0
0.	0
0.	0
0.	0
0.	0
0.	0
0.	0
0.	0
0.	0
0.	0
0.	0
0.	0
0.	0
0.	0
0.	0
0.	0
0.	0
0.	0
0.	0
0.	0
0.	0
0.	0
0.	0
0.	0
0.	0
0.	0
0.	0
0.	0
0.	0
0.	0
0.	0
0.	0
0.	0
0.	0
0.	0
0.	0
0.	0
0.	0
0.	0
0.	0
0.	0
0.	0
0.	0
0.	0
0.	0
0.	0
0.	0
0.	0
0.	0
0.	0
0.	0
0.	0
0.	0
0.	0
0.	0
0.	0
0.	0
0.	0
0.	0
0.	0
0.	0
0.	0
0.	0
0.	0
0.	0
0.	0
0.	0
0.	0
0.	0
0.	0
0.	0
0.	0
0.	0
0.	0
0.	0
0.	0
0.	0
0.	0
0.	0
0.	0
0.	0
0.	0
0.	0
0.	0
0.	0
0.	0
0.	0
0.	0
0.	0
0.	0
0.	0
0.	0
0.	0
0.	0
0.	0
0.	0
0.	0
0.	0
0.	0
0.	0
0.	0
0.	0
0.	0
0.	0
0.	0
0.	0
0.	0
0.	0
0.	0
0.	0
0.	0
0.	0
0.	0
0.	0
0.	0
0.	0
0.	0
0.	0
0.	0
0.	0
0.	0
0.	0
0.	0
0.	0
0.	0
0.	0
0.	0
0.	0
0.	0
0.	0
0.	0
0.	0
0.	0
0.	0
0.	0
0.	0
0.	0
0.	0
0.	0
0.	0
0.	0
0.	0
0.	0
0.	0
0.	0
0.	0
0.	0
0.	0
0.	0
0.	0
0.	0
0.	0
0.	0
0.	0
0.	0
0.	0
0.	0
0.	0
0.	0
0.	0
0.	0
0.	0
0.	0
0.	0
0.	0
0.	0
0.023170715652043383	0.06642214506782533
0.04967683679021313	0.06681216714668045
0.06632269153845918	0.06715714459763703
0.07955888278349144	0.06716996783390368
0.09088749766438763	0.06638599360783622
0.1009527784975349	0.06356168180042181
0.11010174595095526	0.05422747876086698
0.1185467419399584	0.01604582538355657
0.12642891300418393	0.15184130042380972
0.13384772835436975	0.15253135963413803
0.14087641008646984	0.16499132590735024
0.1475707135943739	0.1759344318933772
0.15397425768284814	0.09327099687549287
0.1601219296074084	0.013939658551658587
0.1660421522236262	0.0061446977382499076
0.1717584461335164	0.004434278458679837
0.17729053758814098	0.003697221328394237
0.1826551638552358	0.004015009614791518
0.18786667128558535	0.005453943442628054
0.19293746778885246	0.007544459712478781
0.19787837082708334	0.009713061260803629
0.20269887898258618	0.011386539108999979
0.207407386665172	0.012223862305172941
0.21201135586630715	0.01227366395281726
0.2165174550179049	0.011742606335062465
0.220931672343305	0.011155290541094027
0.2252594092038304	0.009583306815311237
0.22950555759377506	0.005163059498388373
0.2336745649547112	0.010578076868332552
0.2377704887565777	0.007123793803020968
0.24179704275359853	0.00455266201039159
0.24575763641636006	0.0019265570159635412
0.24965540873152234	0.0007173126858106182
0.25349325732231903	0.0014027366819023375
0.2572738636580375	0.0034962642257432013
0.26099971497593494	0.0037797407100997496
0.264673123424885	0.004669550314274772
0.268296242849356	0.0042937758444707656
0.2718710835597606	0.0035852223966113574
0.2753995253768025	0.003444275610796668
0.27888332919011205	0.0039024986570777996
0.2823241472329028	0.003955311366227702
0.2857235322427864	0.003771987949858949
0.28908294565286513	0.003365584034335554
0.2924037649356872	0.0031014296483171016
0.2956872902047479	0.002358979004260165
0.29893475016326637	0.002077461089013941
0.302147307477426	0.0022073341177408037
0.3053260636407063	0.0021965447901139542
0.308472063387005	0.002346361138752303
0.31158629870267457	0.002377051398385344
0.31466971248114617	0.002403500899323423
0.31772320185830283	0.0024907197215720636
0.32074762126204054	0.002527680148441497
0.3237437852053918	0.0034236468798936035
0.326712470849087	0.0030309098027893394
0.3296544203563949	0.002698849135992079
0.33257034306045963	0.0026368177966124206
0.33546091746206524	0.00250163531091756
0.33832679307376556	0.002307452783031192
0.3411685921245798	0.0020988653495816875
0.34398691113792457	0.0018862858380795419
0.34678232239411894	0.0016833814180800752
0.3495553752876142	0.0014821145072812915
0.3523065975880691	0.001299784041701081
0.35503649661346365	0.0011272440195748499
0.3577455603226389	0.0009743491458732226
0.3604342583339234	0.0008345875934681397
0.36310304287586925	0.0007151919782379136
0.36575234967554515	0.0008112743269399082
0.36838259878932966	0.00115630186242106
0.370994195380687	0.0008174925785565255
0.3735875304490051	0.00048429773255519295
0.37616298151320476	0.00028172322003769005
0.37872091325350743	0.00011737618154014134
0.381261678114445	0.00007090943335747527
0.3837856168719397	0.000026935420550276385
0.38629305916703266	4.177837072830642e-6
0.3887843240086289	1.2593886385395876e-6
0.3912597202474312	0.000015702153332392078
0.39371954702305056	0.00004500410136982316
0.39616409418613135	0.00008649954747104013
0.3985936426971725	0.0001350380473720829
0.4010084650036006	0.00019517592744223807
0.4034088253965256	0.0002628398535494773
0.4057949803485028	0.0003353172747422388
0.4081671788335201	0.00041018681743507855
0.4105256626303446	0.0004851910474097102
0.41287066661026844	0.0005582805968895088
0.4152024190102307	0.0006276627157693252
0.41752114169220644	0.000691836685824884
0.41982705038970297	0.0007496140759916715
0.4221203549421329	0.0008001250641728994
0.4244012595177924	0.0008428113769218464
0.42666996282610425	0.0008774051087236608
0.4289266583197615	0.0009038952373774158
0.43117153438734457	0.0009224860964203208
0.43340477453695886	0.0009335521633259466
0.4356265575713989	0.0009375929120533642
0.4378370577553109	0.0009351903836781282
0.4400364449747979	0.0009269709777012683
0.4422248848898785	0.0009135725809619333
0.4444025390801878	0.000895618045504921
0.44656956518428387	0.0008736955829384783
0.4487261170328974	0.0008483460342173499
0.4508723447764454	0.0008200564388530075
0.4530083950071058	0.0007892589179043561
0.4551344108757366	0.0007563336724956816
0.4572505322038995	0.0007216149034143437
0.45935689559123966	0.0006853985818462497
0.461453634518454	0.0006479511573213737
0.463540879446064	0.0006095184391437409
0.46561875790920626	0.0005703340170727531
0.4676873946086308	0.0005306267013598517
0.4697469114980918	0.0004906265830487981
0.47179742786830264	0.000450569460682302
0.4738390604276268	0.0004106995403915238
0.4758719233796432	0.0003712704567368272
0.47789612849774926	0.00033254475057511876
0.47991178519692756	0.00029479198301982795
0.4819190006028127	0.0002582856915012251
0.483917879618175	0.00022329941946789785
0.48590852498694936	0.00019010206507892908
0.48789103735590317	0.0001589527905716871
0.48986551533406786	0.00013009572592677132
0.4918320555500138	0.00010375470019193791
0.49379075270707606	0.00008012823445448464
0.49574169963661824	0.000059385015814363025
0.49768498734940947	0.000041660036867813684
0.49962070508520934	0.000027051539639139163
0.5015489403606277	0.000015618858470570525
0.5034697790153327	7.381217985388106e-6
0.5053833052566817	2.3175073932512912e-6
0.5072896017028298	3.670159576515416e-7
0.5091887494243956	1.431074585123394e-6
0.5110808279847237	5.375510208983516e-6
0.5129659154788145	0.00001203379139171052
0.5148440885709705	0.000021210729491476254
0.516715422531212	0.000032686596376811865
0.5185799912705054	0.000046221521442769175
0.5204378673748598	0.00006156003631546845
0.5222891221383315	0.00007843564703133043
0.5241338255949753	0.00009657532966273202
0.5259720465497874	0.00011570386112291321
0.5278038526086851	0.00013554790827450036
0.5296293102075446	0.0001558398074122646
0.5314484846403449	0.0001763209776648417
0.5332614400864434	0.00019674492745163025
0.5350682396370259	0.00021687982921772496
0.5368689453207522	0.00023651064999102506
0.5386636181286293	0.0002554408337024578
0.5404523180381354	0.00027349353901192
0.5422351040366419	0.0002905124460224134
0.5440120341441304	0.0003063621556990257
0.5457831654352473	0.00032092821427514694
0.5475485540607248	0.0003341168001591494
0.5493082552681686	0.0003458541140018742
0.5510623234222553	0.0003560855153592612
0.5528108120243557	0.00036477445199438593
0.5545537737315928	0.0003719012290950952
0.5562912603753696	0.00037746166450225855
0.5580233229793751	0.00038146567275975773
0.5597500117770814	0.00038393581661571755
0.5614713762287734	0.000384905860410885
0.5631874650380914	0.0003844193556259312
0.5648983261681317	0.00038252828435534085
0.5666040068571084	0.0003792917814971786
0.5683045536335877	0.0003747749512423527
0.5700000123313183	0.0003690477883686169
0.5716904281036631	0.00036218421010384474
0.5733758454376456	0.00035426120002504864
0.5750563081676299	0.00034535806171317253
0.5767318594886407	0.0003355557767962344
0.5784025419693325	0.0003249364596390776
0.5800683975646275	0.0003135828992057865
0.5817294676280242	0.0003015781774552151
0.5833857929235874	0.00028900535293639783
0.5850374136376463	0.000275947197970695
0.5866843693901757	0.00026248597786492854
0.5883266992459053	0.00024870326093528593
0.5899644417251481	0.0002346797486852763
0.591597634814355	0.00022049511624199874
0.5932263159764067	0.00020622785411557489
0.5948505221606563	0.00019195510353059943
0.5964702898127308	0.00017775247899515313
0.5980856548840728	0.00016369387337340197
0.5996966528412822	0.00014985124240815992
0.6013033186751956	0.00013629436731309532
0.6029056869097837	0.0001230905956627135
0.6045037916108142	0.00011030456234301133
0.6060976663943126	0.00009799789372680886
0.6076873444348246	0.00008622889944927568
0.60927285847349	0.00007505225710219167
0.6108542408259177	0.00006451869582552302
0.6124315233898866	0.000054674685162348175
0.6140047376528649	0.00004556213571722486
0.6155739146993485	0.00003721811815031522
0.6171390852180488	0.00002967460688359807
0.618700279508901	0.000022958254586858267
0.6202575274899209	0.00001709020305321856
0.6218108587039021	0.000012085935465247862
0.6233603023249736	7.955174319692146e-6
0.6249058871649953	4.701828440355949e-6
0.6264476416798247	2.323991579186943e-6
0.6279855939754388	8.139941062225656e-7
0.6295197718139216	1.5850823152740416e-7
0.6310502026193232	3.387061301080878e-7
0.6325769134833858	1.33046929653063e-6
0.6340999311711563	3.1046464907324952e-6
0.6356192821264615	5.627356787081786e-6
0.6371349924772797	8.860333525983444e-6
0.6386470880409936	0.000012761304398847115
0.640155594329529	0.000017284402468172426
0.6416605365543848	0.000022380602630861573
0.6431619396315614	0.000027998177859493286
0.6446598281863748	0.00003408316949258371
0.6461542265581941	0.000040579865872044704
0.6476451588050471	0.00004743128372562057
0.6491326487081545	0.000054579646858270046
0.6506167197763666	0.00006196685693622571
0.6520973952505057	0.00006953495142462057
0.6535746981076196	0.00007722654407007648
0.6550486510651485	0.00008498524370171846
0.6565192765850127	0.00009275604754792226
0.6579865968776092	0.0001004857057288492
0.6594506339057402	0.00010812305407832016
0.6609114093884464	0.00011561931296768874
0.6623689448047877	0.0001229283503510404
0.6638232613975215	0.0001300069078127397
0.6652743801767351	0.00013681478897375294
0.6667223219233784	0.00014331501018603431
0.6681671071927644	0.0001494739140042648
0.6696087563179636	0.00015526124645643728
0.6710472894131557	0.00016065019962827938
0.6724827263769101	0.000165617421515211
0.673915086895412	0.00017014299547388645
0.675344390445611	0.00017421039190543259
0.676770656298308	0.00017780639502615144
0.6781939035212162	0.00018092100772050372
0.6796141509819323	0.0001835473375308418
0.68103141735085	0.00018568146682993868
0.6824457211040488	0.0001873223101506344
0.683857080526092	0.00018847146152859033
0.6852655137128071	0.00018913303455837696
0.6866710385739959	0.0001893134976760302
0.688073672836083	0.00018902150697569685
0.6894734340447499	0.00018826773864072418
0.6908703395674872	0.00018706472283597136
0.6922644065961299	0.00018542668066049656
0.6936556521493158	0.00018336936551083372
0.6950440930749215	0.0001809099099546118
0.6964297460524583	0.00017806667896704686
0.6978126275953922	0.00017485913014332968
0.6991927540534746	0.00017130768127427635
0.7005701416149743	0.00016743358546079774
0.701944806308935	0.0001632588137508956
0.7033167640073098	0.00015880594511045751
0.704686030427142	0.00015409806338972652
0.7060526211326646	0.0001491586608213386
0.7074165515373529	0.0001440115474841431
0.7087778369059752	0.00013868076609437402
0.7101364923565834	0.00013319051143774357
0.7114925328624778	0.00012756505373784943
0.7128459732541416	0.00012182866526393376
0.7141968282211334	0.00011600554951061327
0.7155451123139502	0.00011011977233420877
0.7168908399458703	0.00010419519449717417
0.7182340253947437	0.00009825540515235732
0.7195746828047787	0.00009232365588799375
0.7209128261882723	0.00008642279504939331
0.722248469427319	0.0000805752021502004
0.7235816262755148	0.00007480272228288956
0.7249123103596044	0.00006912660053483168
0.7262405351811009	0.00006356741650554526
0.7275663141179037	0.00005814501910891387
0.7288896604258722	0.00005287846192628388
0.730210587240362	0.00004778593945068459
0.7315291075777696	0.00004288472463021258
0.7328452343370261	0.000038191108177423935
0.7341589803010692	0.00003372034015672306
0.7354703581383002	0.000029486574395178673
0.7367793804040113	0.000025502816279423518
0.7380860595417967	0.00002178087450488089
0.7393904078849354	0.000018331317331384732
0.7406924376577421	0.000015163433874849477
0.7419921609769285	0.000012285200927436597
0.7432895898529079	9.703255753969584e-6
0.7445847361910964	7.422875256115868e-6
0.7458776117931913	5.447961836154274e-6
0.7471682283584369	3.7810362248240767e-6
0.7484565974848539	2.423237467748941e-6
0.749742730670464	1.3743301907103967e-6
0.7510266393144862	6.327191895257174e-7
0.752308334718533	1.9547131356801141e-7
0.7535878280877538	5.834453749411104e-8
0.7548651305319984	2.1582404150734534e-7
0.7561402530669381	6.611650503670614e-7
0.7574132066151827	1.386442115067114e-6
0.7586840020073623	2.3826044604353588e-6
0.7599526499832326	3.639536968113393e-6
0.7612191611927084	5.1461263176009294e-6
0.7624835461969275	6.890331769730033e-6
0.763745815469273	8.85926004613747e-6
0.7650059793963958	0.000011039243734639887
0.7662640482792149	0.000013415922634235215
0.7675200323338913	0.000015974327443121665
0.7687739416928135	0.000018698965186923308
0.7700257864055544	0.000021573905785420757
0.7712755764397953	0.0000245828691591428
0.7725233216822782	0.000027709312285911152
0.7737690319397085	0.00003093651563112846
0.7750127169396629	0.00003424766839209652
0.7762543863314754	0.00003762595201919741
0.7774940496871129	0.00004105462150349242
0.7787317165020398	0.00004451708395123973
0.7799673961960784	0.00004799697400172845
0.7812010981142301	0.000051478225683408563
0.7824328315275259	0.0000549451403479974
0.7836626056338238	0.0000583824503660906
0.7848904295586131	0.00006177537831706002
0.7861163123558255	0.00006510969145416716
0.7873402630085985	0.00006837175127572213
0.788562290430047	0.0000715485580813683
0.7897824034640448	0.00007462779044129052
0.7910006108859394	0.000077597839552529
0.7922169214033259	0.000080447838500192
0.7934313436567498	0.00008316768648450386
0.7946438862204434	0.00008574806811283532
0.7958545576030167	0.00008818046789249107
0.7970633662481843	0.0000904571800914085
0.7982703205354272	0.00009257131416335765
0.7994754287806787	0.000094516795958272
0.8006786992370123	0.00009628836495814136
0.801880140095291	0.00009788156779655017
0.8030797594848157	0.00009929274833132515
0.8042775654739831	0.0001005190345488898
0.8054735660709074	0.00010155832258501386
0.8066677692240569	0.00010240925814728957
0.8078601828228683	0.00010307121562432267
0.8090508146983613	0.00010354427516301581
0.8102396726237413	0.00010382919798718697
0.8114267643149763	0.00010392740022285836
0.8126120974314188	0.0001038409254831223
0.813795679576345	0.000103572416451952
0.8149775182975704	0.0001031250856919394
0.8161576210879604	0.00010250268588299199
0.8173359953860362	0.00010170947968307077
0.8185126485764879	0.00010075020938174906
0.8196875879907524	0.0000996300665010554
0.8208608209075048	0.00009835466147732165
0.8220323545532172	0.00009692999354009291
0.8232021961026936	0.00009536242088615415
0.8243703526795362	0.00009365863122920911
0.825536831356698	0.00009182561278842255
0.826701639156962	0.0000898706257654602
0.8278647830534465	0.0000878011743431398
0.8290262699700931	0.0000856249792283549
0.8301861067821417	0.00008334995074919707
0.8313443003166158	0.00008098416250767914
0.8325008573527938	0.00007853582558140843
0.833655784622665	0.00007601326326102
0.8348090888114061	0.00007342488630798868
0.8359607765578092	0.00007077916871084337
0.8371108544547553	0.00006808462392076074
0.8382593290496392	0.0000653497815447548
0.8394062068448198	0.00006258316447731018
0.8405514942980382	0.000059793266452340736
0.8416951978228444	0.000056988530003363744
0.8428373237890392	0.000054177324821435794
0.8439778785230688	0.00005136792650640241
0.8451168683084359	0.0000485684957142173
0.8462542993861136	0.000045787057706920535
0.8473901779549508	0.00004303148232037212
0.8485245101720551	0.00004030946436996477
0.8496573021531889	0.00003762850452200088
0.8507885599731639	0.00003499589066367745
0.8519182896662106	0.00003241867981053413
0.8530464972263638	0.00002990368059468013
0.8541731886078359	0.00002745743638161273
0.8552983697253765	0.000025086209066817474
0.8564220464546494	0.000022795963605461748
0.8575442246325834	0.000020592353330870803
0.8586649100577203	0.00001848070611821404
0.8597841084905947	0.00001646601145003611
0.8609018256540482	0.000014552908440007793
0.862018067233593	0.000012745674869898572
0.863132838877735	0.000011048217293088608
0.8642461461983375	9.464062254624071e-6
0.8653579947709155	7.996348675624153e-6
0.8664683901349918	6.647821444844349e-6
0.8675773377944002	5.420826256379451e-6
0.8686848432176303	4.317305727369125e-6
0.8697909118381189	3.3387968240854153e-6
0.8708955490545707	2.4864296190319666e-6
0.871998760231284	1.760927395864341e-6
0.8731005506984194	1.1626081122109596e-6
0.8742009257523385	6.913872245216885e-7
0.8752998906558943	3.4678187192612496e-7
0.8763974506386981	1.2791640953762395e-7
0.877493610897456	3.35292746899652e-8
0.878588376596217	6.198116263046418e-8
0.8796817528666909	2.112644811149376e-7
0.88077374480851	4.79014046543918e-7
0.8818643574895162	8.625189773173695e-7
0.8829535959460292	1.3587357335937747e-6
0.884041465183131	1.9643022461343922e-6
0.885127970174924	2.675553071126289e-6
0.8862131158648135	3.4885355019785904e-6
0.8872969071657479	4.399026564277461e-6
0.8883793489605075	5.402550815174631e-6
0.8894604461019385	6.4943988644329754e-6
0.8905402034132165	7.669646530798637e-6
0.8916186256881148	8.923174544144287e-6
0.8926957176912221	0.000010249688701488015
0.8937714841582219	0.000011643740383190112
0.8948459297961163	0.000013099747334179932
0.8959190592834719	0.000014612014614812714
0.8969908772706707	0.00001617475562596846
0.8980613883801271	0.000017782113113864046
0.8991305972065173	0.000019428180061583114
0.900198508317055	0.000021107020376819447
0.901265126251672	0.0000228126892875614
0.9023304555232693	0.0000245392533614473
0.9033945006179408	0.000026280810068038777
0.9044572659951711	0.00002803150680793173
0.9055187560880789	0.00002978555933699214
0.9065789753036341	0.00003153726951979053
0.9076379280228721	0.000033281042350901976
0.908695618601091	0.000035011402189544046
0.9097520513680619	0.0000367230081578796
0.9108072306282678	0.00003841066866040961
0.9118611606610788	0.00004006935498706151
0.912913845720963	0.00004169421396984456
0.913965290037681	0.000043280579668383415
0.9150154978165241	0.000044823984066256455
0.9160644732384571	0.00004632016676549698
0.917112220460337	0.00004776508367332372
0.9181587436151379	0.00004915491468024825
0.9192040468120725	0.00005048607033396565
0.9202481341368582	0.000051755197519471016
0.9212910096518443	0.00005295918415943719
0.9223326773962345	0.000054095162955169327
0.9233731413862486	0.00005516051419084041
0.924412405615327	0.00005615286762909609
0.9254504740542802	0.000057070103529246876
0.9264873506514972	0.00005791035282171639
0.9275230393331148	0.00005867199647635822
0.9285575440031607	0.00005935366410327488
0.929590868543781	0.00005995423182766539
0.930623016815357	0.00006047281948108185
0.9316539926567127	0.00006090878715238009
0.9326837998852755	0.0000612617311429413
0.9337124422972264	0.00006153147936992217
0.9347399236676647	0.0000617180862622451
0.935766247750816	0.00006182182719249763
0.9367914182801101	0.00006184319248780153
0.9378154389684166	0.00006178288106178108
0.9388383135081791	0.00006164179370752076
0.9398600455715429	0.00006142102609093325
0.9408806388105614	0.00006112186148173584
0.9419000968572971	0.00006074576325713555
0.9429184233240117	0.000060294367212154756
0.9439356218033	0.00005976947370757013
0.9449516958682408	0.00005917303968497268
0.9459666490725575	0.0000585071705759347
0.94698048495072	0.00005777411213030022
0.9479932070181494	0.00005697624218664381
0.9490048187713461	0.000056116062405567926
0.950015323687964	0.00005519618998475251
0.9510247252270635	0.000054219349372500836
0.9520330268291609	0.00005318836399507532
0.9530402319164107	0.00005210614801095548
0.9540463438927205	0.000050975698103818906
0.9550513661438998	0.00004980008532443628
0.9560553020377881	0.0000485824469904128
0.9570581549243934	0.00004732597865133412
0.958059928136017	0.00004603392612628704
0.959060624987369	0.00004470957761941807
0.9600602487757484	0.000043356255918392695
0.9610588027811046	0.000041977310681158935
0.9620562902662005	0.000040576110814077436
0.9630527144767537	0.00003915603694648982
0.9640480786415219	0.00003772047400485488
0.9650423859724496	0.00003627280389076306
0.9660356396647674	0.00003481639826623733
0.967027842897156	0.00003335461145092951
0.9680189988318306	0.00003189077343605666
0.9690091106146508	0.000030428183018727412
0.9699981813752822	0.00002897010106318631
0.9709862142272546	0.000027519743894131795
0.9719732122681429	0.000026080276828667822
0.9729591785796151	0.000024654807853392798
0.9739441162276115	0.000023246381454869
0.9749280282623837	0.000021857972610190595
0.9759109177186642	0.000020492480947509028
0.976892787615762	0.00001915272508438742
0.9778736409576565	0.000017841437153636655
0.9788534807331207	0.000016561257526749596
0.9798323099158136	0.000015314729744360228
0.9808101314644224	0.000014104295664340656
0.9817869483226884	0.00001293229083782642
0.9827627634196268	0.000011800940123944414
0.983737579669514	0.00001071235355349772
0.9847113999720918	9.668522452320374e-6
0.9856842272125671	8.671315834681495e-6
0.986656064261814	7.72247707688711e-6
0.9876269139763865	6.823620880921163e-6
0.9885967791986824	5.976230537167683e-6
0.989565662756998	5.181655495964569e-6
0.9905335674656535	4.441109255138976e-6
0.9915004961250681	3.7556675720811762e-6
0.9924664515218768	3.126267006550566e-6
0.9934314364289887	2.5537038004523592e-6
0.9943954536057238	2.0386330994847203e-6
0.995358505797899	1.581568520808586e-6
0.9963205957378621	1.182882069648905e-6
0.9972817261446841	8.428044066883953e-7
0.998241899724156	5.614254669892412e-7
0.9992011191689216	3.386954299072925e-7
1.0001593871585732	1.744260382591969e-7
1.001116706359733	6.829226358096669e-8
1.0020730794261044	1.9834313235309122e-8
1.00302850899863	2.8459973590739236e-8
1.0039829977054922	9.34472823580672e-8
1.004936548162297	2.139475217802503e-7
1.005889162972053	3.8898852313587704e-7
1.0068408447253323	6.174782718595004e-7
1.007791596000318	8.98208801272175e-7
1.0087414193629152	1.2298603619199972e-6
1.0096903173667824	1.6110058523486828e-6
1.0106382925534694	2.0401154963107654e-6
1.0115853474524545	2.5155617502092435e-6
1.0125314845812603	3.035624424110325e-6
1.0134767064454813	3.598495998582029e-6
1.0144210155389204	4.2022871192091375e-6
1.0153644143436364	4.84503225003368e-6
1.0163069053300158	5.524695466530025e-6
1.0172484909568396	6.239176368801241e-6
1.0181891736714237	6.986316095022312e-6
1.0191289559096093	7.763903415250223e-6
1.0200678400958856	8.569680885519464e-6
1.0210058286434363	9.40135104261196e-6
1.0219429239542677	0.000010256582619091192
1.022879128419198	0.000011133016759761019
1.0238144444179922	0.000012028273219656308
1.0247488743194182	0.00001293995652505288
1.025682420481311	0.000013865662078840815
1.026615085250644	0.000014802982192803887
1.0275468709635827	0.000015749512028867776
1.02847777994561	0.00001670285543355064
1.0294078145115189	0.000017660630649056093
1.0303369769655344	0.00001862047588645177
1.0312652696013407	0.000019580054746668078
1.0321926947022153	0.000020537061475665382
1.0331192545410073	0.00002148922604188921
1.0340449513802636	0.000022434319024306903
1.0349697874722668	0.000023370156300468033
1.0358937650591211	0.000024294603525453305
1.0368168863728018	0.00002520558039307268
1.0377391536352052	0.0000261010646718508
1.0386605690582533	0.000026979096009787496
1.0395811348439143	0.000027837779501984043
1.040500853184286	0.000028675289017387885
1.0414197262616502	0.00002948987028096516
1.0423377562485268	0.00003027984370903236
1.0432549453077746	0.000031043606996756245
1.0441712955925848	0.00003177963745663495
1.0450868092465866	0.000032486494109215735
1.0460014884039144	0.000033162819527044804
1.0469153351892178	0.00003380734143391174
1.0478283517177744	0.000034418874062454286
1.0487405400955143	0.00003499631927390376
1.0496519024190698	0.000035538667444117374
1.0505624407758796	0.00003604499812101138
1.0514721572441843	0.000036514480459025975