0.06814900156290256 0.0009726354943300575
0.1112129965331447 0.0012094913025870182
0.1417475828798006 0.00041012769404412966
0.16678257057551557 0.00015737191398254387
0.18852181798141007 0.00017828055042516195
0.2080012662090911 0.0018141555736244342
0.2258065056349939 0.0008089095257682982
0.24230689023038912 0.0004052782850211305
0.2577531365731424 0.0005396200382386783
0.27232467486109657 0.00025956874286126307
0.28615516053087475 0.00014722585865161318
0.29934732496657024 0.00017742885353555065
0.3119821520654288 0.00016782667258082438
0.32412482487038546 0.00010763019006321049
0.33582873180371153 0.00010429196270451419
0.34713825444752244 7.28597698319866e-05
0.35809076133825657 4.7514162229386364e-05
0.3687180678246063 2.6954571082845367e-05
0.37904752700020766 1.9131943691684042e-05
0.38910285964048513 1.3652306415078587e-05
0.3989047956307441 6.810875044935266e-06
0.40847157671738477 6.72168441680511e-06
0.41781935555614325 4.026361638039112e-06
0.4269625160618971 2.936282836286628e-06
0.4359139332371218 2.0219983928195154e-06
0.44468518589336326 1.4636313544082585e-06
0.4532867323017357 1.622436818653882e-06
0.46172805637537145 1.7410346905710721e-06
0.4700177902099057 1.5651130869556873e-06
0.4781638174938274 1.0620162531625703e-06
0.4861733613169191 7.332444727990658e-07
0.4940530591608343 5.684133063556048e-07
0.5018090272871198 7.275811156694275e-07
0.5094469162992401 1.2480680601654028e-06
0.516971959313726 3.2334543417980735e-06
0.5243890139076757 3.381575609518348e-06
0.5317025987980472 3.8348621181897865e-06
0.5389169260395231 5.567584159785082e-06
0.5460359293925249 6.357064687405767e-06
0.553063289403868 4.13127894885623e-06
0.5600024556540039 5.204516692156648e-06
0.566856666552529 4.157945524271454e-06
0.5736289670043188 2.796779300512039e-06
0.5803222242197261 1.5839542377914012e-06
0.5869391419017277 7.551906823618668e-07
0.5934822730091343 4.0300240969362697e-07
0.5999540312667427 5.27964863843257e-07
0.6063567015695865 1.0790427658037724e-06
0.6126924494084446 1.2389620294109132e-06
0.6189633294268424 1.3090947658462948e-06
0.625171293205399 1.3052529684489017e-06
0.631318196357117 1.240318894417897e-06
0.63740580500673 1.1288487816358964e-06
0.6434358017182238 9.857678784579421e-07
0.6494097909269096 8.254874438535029e-07
0.6553293039257428 6.615880205663575e-07
0.6611958034497925 5.061559872579951e-07
0.6670106878977528 3.6874367266117416e-07
0.6727752952250089 2.5557775612301685e-07
0.6784909065389605 1.694393869135516e-07
0.6841587494239723 1.1015596257775439e-07
0.6897800010203923 7.536805488302469e-08
0.6953557908795125 6.12906714364638e-08
0.7008872036140855 6.337702770338756e-08
0.7063752813620061 7.687874035247776e-08
0.7118210260790118 9.728370900302061e-08
0.717225401674682 1.2060884331511455e-07
0.722589336004632 1.4355581781958232e-07
0.7279137227305617 1.635711231269282e-07
0.7331994230587129 1.7885549294465803e-07
0.738447267366318 1.8834505577970362e-07
0.7436580567247285 1.916653965505715e-07
0.748832564327139 1.8905512070408174e-07
0.7539715368281092 1.8125934713005978e-07
0.759075695601452 1.6939576596950725e-07
0.7641457379224904 1.5479679156564825e-07
0.7691823380801623 1.3883624008455605e-07
0.7741861484240027 1.227587701239532e-07
0.779157800350597 1.0753877620021081e-07
0.7840979052337326 9.379491767129274e-08
0.7890070553021244 8.177498394040261e-08
0.7938858244682847 7.140817237688384e-08
0.7987347691118167 6.24058353901119e-08
