0.08699390198226672 0.0002641490566449819
0.19113592341606034 3.781070034373054e-05
0.25592560443034507 5.519527677008539e-05
0.30734810613643665 1.4998213145055055e-05
0.3513228846271405 4.280516846430071e-06
0.39037500658860785 3.877677004150306e-06
0.4258608762018353 3.159476555681589e-06
0.45860907929143085 1.0388078256169661e-06
0.4891697547592826 7.331581357222304e-08
0.5179302732823691 6.317609089505435e-07
0.5451756071731402 1.2606378451814728e-06
0.5711226409527176 1.1933984722797276e-06
0.5959409795053191 5.980314255589743e-07
0.6197662307727476 6.753856807953473e-08
0.642708844097471 9.049467836925407e-08
0.6648601969535485 3.5456979268203084e-07
0.6862969098408356 7.257846083375828e-07
0.7070839817078504 7.140858286772782e-07
0.7272771175419803 2.847824502054627e-07
0.746924488826637 1.4240888180703622e-08
0.7660680871364753 6.092191367676148e-08
0.7847447802152101 2.8389667962310636e-07
