0.04277399020168944 0.0002460460594096306
0.1314446992399151 0.0007389118394804564
0.18090273378435476 1.3467333789444411e-05
0.21948549741639653 0.00035924728755122826
0.25223394172055125 0.00011823701291623092
0.28119393907257095 0.00021377152502396042
0.3074379491265124 6.057943037895116e-05
0.3316114350757446 1.9115203185279043e-05
0.3541386511551546 1.0096025779868276e-05
0.37531615021381187 7.96047601952643e-06
0.39536088314624207 8.930315704776074e-06
0.4144372438811234 5.918104695644595e-06
0.4326733353620755 3.7072601310259937e-06
0.4501712839754131 2.8342909312031455e-06
0.4670140655324867 2.443663901445034e-06
0.4832701848261344 2.019822730854686e-06
0.4989969802187187 1.2250152507766542e-06
0.5142430169899648 5.245746288904369e-07
0.5290498589450021 1.1712226930549881e-07
0.5434534049842509 2.6139855961243933e-08
0.5574849144881957 3.051341281158708e-08
0.5711718057377774 5.2270305970768624e-08
0.5845382859092534 8.197748070674551e-08
0.5976058541338606 8.013515064025014e-08
0.6103937075486445 5.1121519876520713e-08
0.6229190722675906 1.1807637407649445e-07
0.6351974755739345 6.128376462463009e-07
0.6472429716100164 6.292097692648196e-07
0.6590683299212213 6.017509724260131e-07
0.6706851940638673 5.053545306915122e-07
0.6821042158892023 3.429908466044544e-07
0.69333516991308 3.360920449623998e-07
0.7043870512661773 1.5688769381030175e-07
0.7152681600171044 3.763079042574847e-08
0.7259861741163054 3.6275796080638615e-09
0.7365482127831436 4.03018371475276e-08
0.7469608918233587 1.1273125185076192e-07
0.7572303720980834 1.8056080772700318e-07
0.7673624021530295 1.6597545352746066e-07
0.7773623558454636 1.2356132152478639e-07
0.7872352656682079 8.379911785142622e-08
0.7969858523572374 5.0231906849784626e-08
