0.10429645035131986 0.0015202824711186688
0.17921728068141282 0.00020225329155392754
0.2309976282257538 5.2284471292376235e-05
0.2731317626225393 0.00023886762894743434
0.3095835892955505 3.475377873635495e-05
0.34217396133187644 2.36443152230341e-06
0.3719193749386494 3.759080467930382e-06
0.3994558827065918 9.960409601683528e-06
0.42521284162188094 8.552630920649283e-06
0.4494962684524541 4.979352082595693e-06
0.4725333901330668 1.4159109665314114e-06
0.4944984201574675 6.226297702866009e-08
0.5155284106037221 6.948084502680565e-07
0.5357334851760993 2.0311480239742803e-06
0.5552037113352161 2.7680184616000216e-06
0.574013869613081 2.421082501394086e-06
0.5922268568432764 1.464179991251791e-06
0.6098961731306664 4.92631087917603e-07
0.6270677771591079 6.681149222951916e-09
0.643781495513931 2.4534627877403444e-07
0.6600721104457374 7.966334611194499e-07
0.6759702114456427 1.4750540390231838e-06
0.6915028704431254 1.8975589636716551e-06
0.7066941833212822 1.5379620619399648e-06
0.7215657087426105 8.70116198342584e-07
0.7361368271283288 2.5287128993887665e-07
0.7504250368613476 1.3647445667133149e-08
0.7644462006307663 8.691215452253888e-08
0.7782147518070799 3.6438934958913547e-07
0.7917438684995278 6.581297426021649e-07
