0.11191594449470407 0.0005233830838623845
0.1613761587122842 5.55763913001019e-05
0.19889531789654488 0.00040311999690500176
0.23038321628756156 8.016593925456677e-05
0.25805716473639617 0.00043904297619473323
0.2830381040232578 0.0003576415188179357
0.305986322557782 7.524142189691493e-05
0.32732962459179643 1.3687008628373979e-05
0.34736397054321894 1.4167366044461624e-07
0.3663041951089601 3.154911637003718e-08
0.3843120973604421 2.132255281778674e-06
0.40151313997749105 1.8089004740203814e-05
0.41800694087417845 2.0819713409644783e-05
0.43387416422778047 1.866377970116029e-05
0.4491812150393679 1.5766170967099643e-05
0.4639835367469561 1.1977754590380543e-05
0.478327988666595 6.223202984465413e-06
0.49225459888827366 1.7504378016421704e-06
0.5057978821626811 7.717435486176871e-09
0.5189878478694763 9.992746336767561e-07
0.5318507827464711 3.4101222181235e-06
0.5444098670021988 5.489018363348751e-06
0.5566856652130662 6.738542456031145e-06
0.5686965217712272 6.701123842294668e-06
0.580458882631542 5.580681254137363e-06
0.5919875594814367 3.6821724495080643e-06
0.6032959484474067 2.327186026718018e-06
0.6143962125503717 1.9906343201521767e-06
0.6252994349940865 3.4788258434734975e-07
0.6360157487906131 8.680348094847774e-08
0.6465544470399274 9.453252775285878e-07
0.6569240772796925 1.4459956442389811e-06
0.6671325226304586 2.839444878520461e-06
0.6771870719271061 3.611812304387666e-06
0.6870944806103103 3.8435665057146695e-06
0.6968610238237654 3.6038092769094782e-06
0.7064925429029435 3.0087295937212394e-06
0.7159944862336816 2.21098493598246e-06
0.725371945292211 1.3793189061352238e-06
0.7346296865434918 6.86344178063224e-07
0.7437721797651402 2.0458266359067784e-07
0.7528036232746307 4.801884330007838e-09
0.761727966463798 8.84616518159058e-08
0.7705489299838036 3.95307495034939e-07
0.7792700238732173 8.281235784043799e-07
0.7878945638797316 1.2798427238465771e-06
0.7964256861907524 1.6573405902764513e-06
