0.0654021665383861 0.0021841003809685263
0.11803603643364033 0.0009239430964591844
0.15358245182612898 0.0011366341856768455
0.1823256250833983 0.0005317740866690501
0.2071175931556662 0.000638912020318694
0.22924388834778126 9.271529091913838e-05
0.2494149589558457 0.0005781035786881593
0.26807252927380887 0.00047297394317339584
0.28551346252671783 0.00024746367935039437
0.3019486547203252 0.00019658412732081923
0.31753431105908275 7.650307834279446e-05
0.33238995541277305 2.1975147357848744e-05
0.34660946424511374 1.5229984328713249e-05
0.360268167859664 5.812953245147668e-06
0.37342760744698894 1.3956457810987627e-06
0.38613882961236906 5.328959750771087e-07
0.39844473306055583 1.703788775542828e-05
0.4103817808452282 2.8661605596189727e-05
0.42198127601906305 3.462823355923102e-05
0.4332703294998197 3.8874180941584884e-05
0.4442726063247383 4.0214745216322656e-05
0.45500890932597804 3.5467729567299603e-05
0.46549764152943085 2.7340458894960364e-05
0.47575517672346507 1.693183272569277e-05
0.48579615954988403 8.041568271220456e-06
0.4956337508387089 2.050736303129533e-06
0.5052798299244999 2.25526235283491e-08
0.5147451628193636 1.134460161093923e-06
0.5240395430317423 4.1558265637305346e-06
0.5331719102801182 7.889842190498752e-06
0.5421504512003102 1.1171680322902052e-05
0.5509826852760753 1.4602791038125785e-05
0.559675538559641 2.0439958605688364e-05
0.5682354072380039 2.1189179836755215e-05
0.5766682127038517 1.823376161735042e-05
0.5849794494789041 1.486372954753964e-05
0.5931742270918191 8.840132401490874e-06
0.6012573068174198 6.019404338469981e-06
0.6092331340275248 3.3776448308481865e-06
0.6171058667775295 1.3778049830846117e-06
0.624879401150619 2.681561030400162e-07
0.6325573937980761 5.642745136285741e-08
0.6401432820457498 5.974474982298678e-07
0.6476403018803828 1.6508296284323896e-06
0.6550515040827931 2.9176924918541218e-06
0.6623797687360651 4.259145826975999e-06
0.6696278183044265 5.423569381908624e-06
0.6767982294512394 6.258725480845746e-06
0.6838934437415656 6.6853101887665626e-06
0.690915777355345 6.688053145547288e-06
0.6978674299207268 6.302647661787357e-06
0.7047504925630484 5.600753579988168e-06
0.7115669552529418 4.676035359906847e-06
0.7183187135267425 3.6331180679394345e-06
0.7250075746435242 2.579054628021971e-06
0.7316352632354225 1.6154326766054926e-06
0.7382034265013061 8.299011828507022e-07
0.7447136389881086 2.877046101507461e-07
0.7511674069991384 2.5017667112953236e-08
0.757566172664332 4.576267301729629e-08
0.7639113177036061 3.2268479479762875e-07
0.7702041669111253 8.025066592639589e-07
0.7764459913853733 1.4142213359075515e-06
0.7826380115273311 2.0790470193264663e-06
0.7887813998267913 2.720345777415889e-06
0.7948772834548267 3.271964595485397e-06
