0.029026248921178364 0.00029071239833568973
0.0685893947518258 0.00047276722258016797
0.09255534395561825 0.0007626097140750836
0.11148310512674496 0.0023015602003246386
0.12763415651618998 0.017118199315443304
0.14195942016203464 0.011918472185394727
0.15496605968220584 0.04410270966175023
0.16696252779281212 0.010415596016791642
0.1781530095413856 0.005664448346205467
0.1886809655312203 0.0025466633278762507
0.19865175875810637 0.0010252049737249896
0.20814547330086436 0.000640941298757008
0.21722466913992727 0.003212379012932609
0.2259393225512559 0.0018079217451639513
0.23433010811001395 0.002028880761606613
0.2424306558462505 0.002001742564970291
0.2502691495006898 0.0018922851877058236
0.2578694867474982 0.0010710341620384625
0.2652521397466998 0.00035763363160823565
0.2724348055250163 0.00019562656687732572
0.2794329057116773 0.00027526470619466107
0.28625997620092947 0.0003506300491429733
0.29292797499899387 0.00020445185843757693
0.2994475283202978 0.0001497048546654675
0.30582812942931015 0.00023524634159800627
0.3120783008663024 0.0003352348143740755
0.31820572797569063 0.0003634182063347322
0.32421736970797044 0.0004687071938631846
0.33011955125128023 0.000469331719542707
0.33591804200699954 0.0004080920820932285
0.3416181216476457 0.0002873548279909839
0.3472246364104897 0.00021178516452563986
0.3527420473350345 0.0001967583317455179
0.35817447181019624 0.00011139542406795977
0.3635257195315118 7.789166884892694e-05
0.36879932376102 5.43891459156563e-05
0.3739985686187356 4.160541271262555e-05
0.3791265130046158 3.3215562414204915e-05
0.38418601164594435 2.8725210689026813e-05
0.38917973368137104 2.728185278985271e-05
0.39411017912507573 2.816709708861246e-05
0.3989796934993204 3.096564352666214e-05
0.4037904808784443 3.393411113341446e-05
0.408544615550133 3.747970244896601e-05
0.4132440524689976 4.177738897104457e-05
0.4178906366519031 4.7856572925239935e-05
0.42248611164310795 5.756331097932004e-05
0.42703212715935845 8.053675955561485e-05
0.43153024600998985 2.0344952667281807e-05
0.43598195037433457 1.2434101069317613e-05
0.4403886475079195 2.5613120814698598e-05
0.44475167493972334 2.346042841491264e-05
0.449072305214899 2.1226312661084817e-05
0.453351750230621 3.286654354831995e-05
0.4575911652069264 2.5813852233929354e-05
0.46179165232941477 1.8247494849721062e-05
0.4659542640963543 1.159883968762233e-05
0.47008000639899405 6.513855495972917e-06
0.4741698413606188 3.3356781669267043e-06
0.4782246899570514 2.2671858673828535e-06
0.4822454344388181 4.33675899691501e-06
0.48623292057302103 5.207407865203522e-06
0.49018795972105533 5.6544450144346885e-06
0.49411133076662545 5.831823499043662e-06
0.49800378190703704 5.7739997524044e-06
0.5018660323194318 5.504568927983193e-06
0.5056987737124709 5.053031114091124e-06
0.5095026717729518 4.458570226280585e-06
0.5132783675159214 3.7694184702713853e-06
0.5170264785460396 3.0390108439219082e-06
0.520747600237223 2.320266775539149e-06
0.5244423068369476 1.6599518394176585e-06
0.5281111525010055 1.09468822456293e-06
0.5317546722640026 6.49058535909873e-07
0.5353733829504006 3.3530068400478853e-07
0.5389677840304987 1.539765706973962e-07
0.5425383584253712 9.538156726863828e-08
0.546085573264426 1.416678693673327e-07
0.5496098805989561 2.695355126884892e-07
0.5531117180747617 4.531397930304062e-07
0.5565915095666817 6.66778781889774e-07
0.5600496657776367 8.870285836630633e-07
0.5634865848045763 1.0942036437122556e-06
0.5669026526735444 1.273180413528295e-06
0.5702982438458933 1.4136785752281807e-06
0.5736737216975251 1.5100967590575e-06
0.5770294389729009 1.5609998439574042e-06
0.5803657382154155 1.5683654583184348e-06
0.5836829521756345 1.5367111354571575e-06
0.5869814041987557 1.4722214391155493e-06
0.5902614085925878 1.3819640329058997e-06
0.5935232709772218 1.2732392227311111e-06
0.5967672886174928 1.1530729902745641e-06
0.599993750739268 1.0278470830643761e-06
0.6032029388305019 9.030541878779417e-07
0.6063951269279494 7.831635673176734e-07
0.6095705818903632 6.715796115004742e-07
0.6127295636589488 5.706727752014028e-07
0.6158723255057901 4.818613393109268e-07
0.6189991142709199 4.0572496396894594e-07
0.6221101705886727 3.421362116444623e-07
0.6252057291038854 2.904014066551083e-07
0.62828601867852 2.494052918741538e-07
0.6313512625892065 2.1775467515491742e-07
0.6344016787161931 1.9391555638138233e-07
0.6374374797241592 1.7633736571080207e-07
0.6404588732353121 1.6355800789352872e-07
0.6434660619951649 1.5428485802001332e-07
0.6464592440313769 1.4744937621188624e-07
0.6494386128059975 1.4223579919319722e-07
0.6524043573614589 1.3808663503187108e-07
0.6553566624606125 1.3468902428408188e-07
0.6582957087211205 1.319464749044306e-07
0.6612216727444614 1.2994034075206187e-07
0.6641347272398267 1.2888502327787372e-07
0.6670350411431388 1.2908041225630952e-07
0.6699227797314407 1.3086458022780042e-07
0.6727981047328514 1.3456920822999555e-07
0.6756611744323231 1.4047968216675554e-07
0.6785121437733747 1.488013196974025e-07
0.6813511644559868 1.5963281054872767e-07
0.6841783850308524 1.7294767990713268e-07
0.6869939509901263 1.8858436295684675e-07
0.6897980048548429 2.0624522861324718e-07
0.6925906862591495 2.2550455154247576e-07
0.6953721320314871 2.4582499896328423e-07
0.698142476272869 2.665817091697624e-07
0.7009018504323673 2.8709253410245043e-07
0.7036503833799378 3.066525406803598e-07
0.7063882014766878 3.245704829573959e-07
0.7091154286427123 3.402047633460519e-07
0.7118321864225794 3.52996462652642e-07
0.7145385940485789 3.6249731964275257e-07
0.717234768501823 3.683909946350636e-07
0.7199208245712857 3.705064717707163e-07
0.7225968749108664 3.6882300732270017e-07
0.7252630300945555 3.6346661964267235e-07
0.7279193986697862 3.5469872215935224e-07
0.7305660872090336 3.4289805629068066e-07
0.7332032003597426 3.285374979740249e-07
0.7358308408926385 3.121575337523839e-07
0.7384491097484968 2.9433823075865995e-07
0.7410581060834196 2.7567139884924097e-07
0.743657927312683 2.567344103601244e-07
0.7462486691532135 2.3806684632803938e-07
0.7488304256647326 2.2015081791778227e-07
0.7514032892896388 2.0339550698755652e-07
0.7539673508916563 1.8812620755191373e-07
0.7565226997933053 1.7457793773158633e-07
0.7590694238122432 1.6289351791770257e-07
0.761607609296502 1.531258571205674e-07
0.7641373411586774 1.452440435691393e-07
0.7666587029091055 1.3914269666255706e-07
0.769171776688049 1.3465391388038935e-07
0.7716766432969494 1.3156105107418505e-07
0.7741733822287699 1.2961352022178697e-07
0.7766620716974503 1.2854178362597892e-07
0.7791427886665233 1.2807176950732611e-07
0.7816156088769045 1.2793802635104783e-07
0.7840806068739111 1.278950621580685e-07
0.7865378560334908 1.2772646752231714e-07
0.7889874285877396 1.2725158581783155e-07
0.7914293956496974 1.2632965874203352e-07
0.7938638272374561 1.2486153111755376e-07
0.796290792297609 1.227891351309521e-07
0.7987103587280479 1.2009308110597e-07
