0.09104169727330509 0.0006957458116990207
0.16021137814948647 1.9860942105555697e-05
0.20747716305847158 0.0005770643228870018
0.2458167039848222 5.6584406673925084e-05
0.2789353344395881 0.00033790567485978285
0.30851900836502516 5.533686125092304e-05
0.3355041340097923 1.7402395594365975e-06
0.36047476451639515 5.080627597078883e-07
0.3838242736954868 7.796679285452262e-06
0.40583256944295865 1.5375915969563924e-05
0.4267072283081577 1.320043964183021e-05
0.4466072376216046 8.62855907591088e-06
0.4656575686556043 5.104379230417543e-06
0.4839585696627772 1.469365663422623e-06
0.5015922659055309 3.08346382992522e-08
0.5186267272844007 8.824532494687382e-07
0.535119182118677 2.585799931017326e-06
0.5511182908215055 3.888190882860872e-06
0.5666658409349985 4.019925142781327e-06
0.581798033937802 3.2417780718762016e-06
0.5965464779217654 1.9380022093242126e-06
0.6109389643592582 6.502952353594908e-07
0.6250000837258122 2.3233691920353743e-08
0.6387517190461992 2.4794267920911826e-07
0.6522134457084244 7.473950986158896e-07
0.6654028584258596 1.8599264516580085e-06
0.6783358409436366 2.650812060695713e-06
0.6910267902867208 2.7949945650174743e-06
0.7034888045775646 1.8627335343622951e-06
0.715733841405881 1.4258302444413484e-06
0.7277728522044583 7.540062692706993e-07
0.7396158969299234 2.2947658371571984e-07
0.751272242465708 7.443209797509349e-09
0.7627504474850983 9.169203521496563e-08
0.7740584359841058 3.819880093986534e-07
0.7852035612799374 7.358071251639369e-07
0.7961926619438573 1.024917529133037e-06
