0.11850128346903513 0.00010676764829806224
0.20267358233823526 4.19528591748114e-05
0.26098004342597275 4.2183809320937665e-05
0.30845511601747644 2.389090830911366e-05
0.3495404207200229 1.6575425338768545e-06
0.386280238393155 4.651081562983819e-06
0.41981699264358646 2.3139130258324777e-06
0.45086600901149687 2.0484256819736263e-06
0.47991038020567084 1.6280734589997676e-06
0.5072945399873984 9.313945689089257e-07
0.5332743084423932 2.5387224931101355e-07
0.5580458622795698 1.6484354560639743e-07
0.5817635581024931 1.626105751563579e-07
0.604551441630924 1.081449398651934e-07
0.6265109788985037 3.057438224615805e-08
0.6477264229520207 8.750918052730741e-09
0.6682686440756869 3.5134178579951835e-07
0.6881979292479221 4.2641229968380154e-07
0.7075660708629918 2.582719380350329e-08
0.7264179535556738 7.19520115071588e-08
0.7447927791022528 1.9148693973149055e-07
0.762725025450323 5.598310393848402e-08
0.7802452071824624 2.999740133080215e-08
0.7973804854641604 3.464467957544172e-08
