0.1355913117931824 0.0005761980576298191
0.19415223756854802 0.00012226195801259983
0.2387575503368071 3.2598586674250466e-06
0.27625211669810135 0.00012395856708920312
0.30923337860170963 2.7821003587020783e-05
0.3390211171934334 3.2796809000770007e-06
0.366395055973274 1.438965703053695e-05
0.39186137668015353 6.73114144322934e-06
0.4157707554117013 5.937555464204562e-06
0.4383780141430772 3.494331002496907e-06
0.45987522644236356 2.678503839389392e-06
0.4804114294709229 2.184411401720172e-06
0.5001050239431597 1.4165184997203772e-06
0.5190519268749654 5.766825318181408e-07
0.5373311304038658 1.2021891495903172e-07
0.5550086092802148 3.617909241366239e-08
0.5721401397309286 6.437954638547594e-08
0.5887733789210664 5.4622810315611985e-08
0.604949429089819 2.847644700679002e-08
0.6207040343495153 6.243531608406899e-09
0.6360685103883569 5.258360210882633e-08
0.6510704765095193 5.159374423014551e-07
0.6657344390658424 7.628909106532428e-07
0.6800822615773356 2.501623427807608e-07
0.6941335473238365 5.7957406311979e-08
0.707905953541533 1.9086011413972295e-08
0.7214154515992969 2.1074478321478535e-07
0.7346765440906204 9.605490552227848e-09
0.7477024472530923 1.7507246768766833e-08
0.7605052452526251 7.571402556403034e-08
0.7730960214610963 1.2853007281055616e-07
0.7854849707865147 1.3529427514213794e-07
0.7976814962946501 9.403793477062954e-08
