0.106818106822376 0.00045321186548983244
0.1516449291739407 8.17030227290647e-05
0.18596306107511304 0.00018067708509225355
0.21486817766200197 0.0004306291041819588
0.2403214614056821 0.0004592045227181417
0.2633257913905298 0.0001986416389308639
0.2844758966512826 0.00018971556815791302
0.3041588304001279 8.98327565832624e-05
0.32264321877550833 7.519393115801136e-05
0.3401245250137014 2.9145184463926186e-05
0.3567502361571819 2.039972467517358e-05
0.37263489003977224 1.357835780306466e-05
0.38786954321259415 9.556829078397608e-06
0.4025280040383418 6.5015347513776216e-06
0.416671087226238 4.945039080572056e-06
0.43034960723052396 2.909652575582374e-06
0.4436065393797898 2.3777413453893443e-06
0.45647861521362126 2.2012725310366134e-06
0.4689975231809583 2.1071366670695556e-06
0.48119082783653433 1.6774610605839977e-06
0.49308268422817775 1.1758846025532835e-06
0.5046944006334466 7.54508865415805e-07
0.5160448872289998 6.72221934465873e-07
0.5271510177405447 6.507928956661528e-07
0.5380279238531899 6.693569290582826e-07
0.5486892370584235 6.701975215267403e-07
0.5591472889720156 7.073185858200056e-07
0.5694132785198236 8.491801371306195e-07
0.5794974124528045 1.5709089763623914e-06
0.5894090242141559 4.185329668021749e-07
0.5991566751004134 1.2850626247947556e-08
0.608748240837146 2.9664508490358167e-07
0.6181909860599913 1.1183830908468166e-06
0.6274916287041816 1.30770662499019e-06
0.6366563959250379 3.3077587958707073e-07
0.645691072872356 6.482029216435819e-07
0.6546010454041068 8.669886279553419e-07
0.6633913376352466 8.957916589454394e-07
0.6720666450650495 7.425012299145841e-07
0.6806313639031185 4.821935574784448e-07
0.6890896171139936 2.2033012141194646e-07
0.6974452776182585 1.0581037452657067e-07
0.7057019890206248 1.299297220802387e-07
0.7138631841797345 1.7113469169121088e-07
0.7219321018881575 2.1548624069203537e-07
0.7299118018924559 2.516776197288958e-07
0.7378051784508584 2.7349543171377323e-07
0.7456149725988922 2.7892480848904753e-07
0.7533437832703509 2.687306569638973e-07
0.760994077401516 2.454250693395565e-07
0.7685681991299871 2.126434412003663e-07
0.7760683781853481 1.7462673871914603e-07
0.78349673755679 1.3567764291030713e-07
0.7908553005124118 9.967172705343273e-08
0.7981459970359729 6.969077054818342e-08
