0.023170715652043383 0.06642214506782533
0.04967683679021313 0.06681216714668045
0.06632269153845918 0.06715714459763703
0.07955888278349144 0.06716996783390368
0.09088749766438763 0.06638599360783622
0.1009527784975349 0.06356168180042181
0.11010174595095526 0.05422747876086698
0.1185467419399584 0.01604582538355657
0.12642891300418393 0.15184130042380972
0.13384772835436975 0.15253135963413803
0.14087641008646984 0.16499132590735024
0.1475707135943739 0.1759344318933772
0.15397425768284814 0.09327099687549287
0.1601219296074084 0.013939658551658587
0.1660421522236262 0.0061446977382499076
0.1717584461335164 0.004434278458679837
0.17729053758814098 0.003697221328394237
0.1826551638552358 0.004015009614791518
0.18786667128558535 0.005453943442628054
0.19293746778885246 0.007544459712478781
0.19787837082708334 0.009713061260803629
0.20269887898258618 0.011386539108999979
0.207407386665172 0.012223862305172941
0.21201135586630715 0.01227366395281726
0.2165174550179049 0.011742606335062465
0.220931672343305 0.011155290541094027
0.2252594092038304 0.009583306815311237
0.22950555759377506 0.005163059498388373
0.2336745649547112 0.010578076868332552
0.2377704887565777 0.007123793803020968
0.24179704275359853 0.00455266201039159
0.24575763641636006 0.0019265570159635412
0.24965540873152234 0.0007173126858106182
0.25349325732231903 0.0014027366819023375
0.2572738636580375 0.0034962642257432013
0.26099971497593494 0.0037797407100997496
0.264673123424885 0.004669550314274772
0.268296242849356 0.0042937758444707656
0.2718710835597606 0.0035852223966113574
0.2753995253768025 0.003444275610796668
0.27888332919011205 0.0039024986570777996
0.2823241472329028 0.003955311366227702
0.2857235322427864 0.003771987949858949
0.28908294565286513 0.003365584034335554
0.2924037649356872 0.0031014296483171016
0.2956872902047479 0.002358979004260165
0.29893475016326637 0.002077461089013941
0.302147307477426 0.0022073341177408037
0.3053260636407063 0.0021965447901139542
0.308472063387005 0.002346361138752303
0.31158629870267457 0.002377051398385344
0.31466971248114617 0.002403500899323423
0.31772320185830283 0.0024907197215720636
0.32074762126204054 0.002527680148441497
0.3237437852053918 0.0034236468798936035
0.326712470849087 0.0030309098027893394
0.3296544203563949 0.002698849135992079
0.33257034306045963 0.0026368177966124206
0.33546091746206524 0.00250163531091756
0.33832679307376556 0.002307452783031192
0.3411685921245798 0.0020988653495816875
0.34398691113792457 0.0018862858380795419
0.34678232239411894 0.0016833814180800752
0.3495553752876142 0.0014821145072812915
0.3523065975880691 0.001299784041701081
0.35503649661346365 0.0011272440195748499
0.3577455603226389 0.0009743491458732226
0.3604342583339234 0.0008345875934681397
0.36310304287586925 0.0007151919782379136
0.36575234967554515 0.0008112743269399082
0.36838259878932966 0.00115630186242106
0.370994195380687 0.0008174925785565255
0.3735875304490051 0.00048429773255519295
0.37616298151320476 0.00028172322003769005
0.37872091325350743 0.00011737618154014134
0.381261678114445 7.090943335747527e-05
0.3837856168719397 2.6935420550276385e-05
0.38629305916703266 4.177837072830642e-06
0.3887843240086289 1.2593886385395876e-06
0.3912597202474312 1.5702153332392078e-05
0.39371954702305056 4.500410136982316e-05
0.39616409418613135 8.649954747104013e-05
0.3985936426971725 0.0001350380473720829
0.4010084650036006 0.00019517592744223807
0.4034088253965256 0.0002628398535494773
0.4057949803485028 0.0003353172747422388
0.4081671788335201 0.00041018681743507855
0.4105256626303446 0.0004851910474097102
0.41287066661026844 0.0005582805968895088
0.4152024190102307 0.0006276627157693252
0.41752114169220644 0.000691836685824884
0.41982705038970297 0.0007496140759916715
0.4221203549421329 0.0008001250641728994
0.4244012595177924 0.0008428113769218464
0.42666996282610425 0.0008774051087236608
0.4289266583197615 0.0009038952373774158
0.43117153438734457 0.0009224860964203208
0.43340477453695886 0.0009335521633259466
0.4356265575713989 0.0009375929120533642
0.4378370577553109 0.0009351903836781282
0.4400364449747979 0.0009269709777012683
0.4422248848898785 0.0009135725809619333
0.4444025390801878 0.000895618045504921
0.44656956518428387 0.0008736955829384783
0.4487261170328974 0.0008483460342173499
0.4508723447764454 0.0008200564388530075
0.4530083950071058 0.0007892589179043561
0.4551344108757366 0.0007563336724956816
0.4572505322038995 0.0007216149034143437
0.45935689559123966 0.0006853985818462497
0.461453634518454 0.0006479511573213737
0.463540879446064 0.0006095184391437409
0.46561875790920626 0.0005703340170727531
0.4676873946086308 0.0005306267013598517
0.4697469114980918 0.0004906265830487981
0.47179742786830264 0.000450569460682302
0.4738390604276268 0.0004106995403915238
0.4758719233796432 0.0003712704567368272
0.47789612849774926 0.00033254475057511876
0.47991178519692756 0.00029479198301982795
0.4819190006028127 0.0002582856915012251
0.483917879618175 0.00022329941946789785
0.48590852498694936 0.00019010206507892908
0.48789103735590317 0.0001589527905716871
0.48986551533406786 0.00013009572592677132
0.4918320555500138 0.00010375470019193791
0.49379075270707606 8.012823445448464e-05
0.49574169963661824 5.9385015814363025e-05
0.49768498734940947 4.1660036867813684e-05
0.49962070508520934 2.7051539639139163e-05
0.5015489403606277 1.5618858470570525e-05
0.5034697790153327 7.381217985388106e-06
0.5053833052566817 2.3175073932512912e-06
0.5072896017028298 3.670159576515416e-07
0.5091887494243956 1.431074585123394e-06
0.5110808279847237 5.375510208983516e-06
0.5129659154788145 1.203379139171052e-05
0.5148440885709705 2.1210729491476254e-05
0.516715422531212 3.2686596376811865e-05
0.5185799912705054 4.6221521442769175e-05
0.5204378673748598 6.156003631546845e-05
0.5222891221383315 7.843564703133043e-05
0.5241338255949753 9.657532966273202e-05
0.5259720465497874 0.00011570386112291321
0.5278038526086851 0.00013554790827450036
0.5296293102075446 0.0001558398074122646
0.5314484846403449 0.0001763209776648417
0.5332614400864434 0.00019674492745163025
0.5350682396370259 0.00021687982921772496
0.5368689453207522 0.00023651064999102506
0.5386636181286293 0.0002554408337024578
0.5404523180381354 0.00027349353901192
0.5422351040366419 0.0002905124460224134
0.5440120341441304 0.0003063621556990257
0.5457831654352473 0.00032092821427514694
0.5475485540607248 0.0003341168001591494
0.5493082552681686 0.0003458541140018742
0.5510623234222553 0.0003560855153592612
0.5528108120243557 0.00036477445199438593
0.5545537737315928 0.0003719012290950952
0.5562912603753696 0.00037746166450225855
0.5580233229793751 0.00038146567275975773
0.5597500117770814 0.00038393581661571755
0.5614713762287734 0.000384905860410885
0.5631874650380914 0.0003844193556259312
0.5648983261681317 0.00038252828435534085
0.5666040068571084 0.0003792917814971786
0.5683045536335877 0.0003747749512423527
0.5700000123313183 0.0003690477883686169
0.5716904281036631 0.00036218421010384474
0.5733758454376456 0.00035426120002504864
0.5750563081676299 0.00034535806171317253
0.5767318594886407 0.0003355557767962344
0.5784025419693325 0.0003249364596390776
0.5800683975646275 0.0003135828992057865
0.5817294676280242 0.0003015781774552151
0.5833857929235874 0.00028900535293639783
0.5850374136376463 0.000275947197970695
0.5866843693901757 0.00026248597786492854
0.5883266992459053 0.00024870326093528593
0.5899644417251481 0.0002346797486852763
0.591597634814355 0.00022049511624199874
0.5932263159764067 0.00020622785411557489
0.5948505221606563 0.00019195510353059943
0.5964702898127308 0.00017775247899515313
0.5980856548840728 0.00016369387337340197
0.5996966528412822 0.00014985124240815992
0.6013033186751956 0.00013629436731309532
0.6029056869097837 0.0001230905956627135
0.6045037916108142 0.00011030456234301133
0.6060976663943126 9.799789372680886e-05
0.6076873444348246 8.622889944927568e-05
0.60927285847349 7.505225710219167e-05
0.6108542408259177 6.451869582552302e-05
0.6124315233898866 5.4674685162348175e-05
0.6140047376528649 4.556213571722486e-05
0.6155739146993485 3.721811815031522e-05
0.6171390852180488 2.967460688359807e-05
0.618700279508901 2.2958254586858267e-05
0.6202575274899209 1.709020305321856e-05
0.6218108587039021 1.2085935465247862e-05
0.6233603023249736 7.955174319692146e-06
0.6249058871649953 4.701828440355949e-06
0.6264476416798247 2.323991579186943e-06
0.6279855939754388 8.139941062225656e-07
0.6295197718139216 1.5850823152740416e-07
0.6310502026193232 3.387061301080878e-07
0.6325769134833858 1.33046929653063e-06
0.6340999311711563 3.1046464907324952e-06
0.6356192821264615 5.627356787081786e-06
0.6371349924772797 8.860333525983444e-06
0.6386470880409936 1.2761304398847115e-05
0.640155594329529 1.7284402468172426e-05
0.6416605365543848 2.2380602630861573e-05
0.6431619396315614 2.7998177859493286e-05
0.6446598281863748 3.408316949258371e-05
0.6461542265581941 4.0579865872044704e-05
0.6476451588050471 4.743128372562057e-05
0.6491326487081545 5.4579646858270046e-05
0.6506167197763666 6.196685693622571e-05
0.6520973952505057 6.953495142462057e-05
0.6535746981076196 7.722654407007648e-05
0.6550486510651485 8.498524370171846e-05
0.6565192765850127 9.275604754792226e-05
0.6579865968776092 0.0001004857057288492
0.6594506339057402 0.00010812305407832016
0.6609114093884464 0.00011561931296768874
0.6623689448047877 0.0001229283503510404
0.6638232613975215 0.0001300069078127397
0.6652743801767351 0.00013681478897375294
0.6667223219233784 0.00014331501018603431
0.6681671071927644 0.0001494739140042648
0.6696087563179636 0.00015526124645643728
0.6710472894131557 0.00016065019962827938
0.6724827263769101 0.000165617421515211
0.673915086895412 0.00017014299547388645
0.675344390445611 0.00017421039190543259
0.676770656298308 0.00017780639502615144
0.6781939035212162 0.00018092100772050372
0.6796141509819323 0.0001835473375308418
0.68103141735085 0.00018568146682993868
0.6824457211040488 0.0001873223101506344
0.683857080526092 0.00018847146152859033
0.6852655137128071 0.00018913303455837696
0.6866710385739959 0.0001893134976760302
0.688073672836083 0.00018902150697569685
0.6894734340447499 0.00018826773864072418
0.6908703395674872 0.00018706472283597136
0.6922644065961299 0.00018542668066049656
0.6936556521493158 0.00018336936551083372
0.6950440930749215 0.0001809099099546118
0.6964297460524583 0.00017806667896704686
0.6978126275953922 0.00017485913014332968
0.6991927540534746 0.00017130768127427635
0.7005701416149743 0.00016743358546079774
0.701944806308935 0.0001632588137508956
0.7033167640073098 0.00015880594511045751
0.704686030427142 0.00015409806338972652
0.7060526211326646 0.0001491586608213386
0.7074165515373529 0.0001440115474841431
0.7087778369059752 0.00013868076609437402
0.7101364923565834 0.00013319051143774357
0.7114925328624778 0.00012756505373784943
0.7128459732541416 0.00012182866526393376
0.7141968282211334 0.00011600554951061327
0.7155451123139502 0.00011011977233420877
0.7168908399458703 0.00010419519449717417
0.7182340253947437 9.825540515235732e-05
0.7195746828047787 9.232365588799375e-05
0.7209128261882723 8.642279504939331e-05
0.722248469427319 8.05752021502004e-05
0.7235816262755148 7.480272228288956e-05
0.7249123103596044 6.912660053483168e-05
0.7262405351811009 6.356741650554526e-05
0.7275663141179037 5.814501910891387e-05
0.7288896604258722 5.287846192628388e-05
0.730210587240362 4.778593945068459e-05
0.7315291075777696 4.288472463021258e-05
0.7328452343370261 3.8191108177423935e-05
0.7341589803010692 3.372034015672306e-05
0.7354703581383002 2.9486574395178673e-05
0.7367793804040113 2.5502816279423518e-05
0.7380860595417967 2.178087450488089e-05
0.7393904078849354 1.8331317331384732e-05
0.7406924376577421 1.5163433874849477e-05
0.7419921609769285 1.2285200927436597e-05
0.7432895898529079 9.703255753969584e-06
0.7445847361910964 7.422875256115868e-06
0.7458776117931913 5.447961836154274e-06
0.7471682283584369 3.7810362248240767e-06
0.7484565974848539 2.423237467748941e-06
0.749742730670464 1.3743301907103967e-06
0.7510266393144862 6.327191895257174e-07
0.752308334718533 1.9547131356801141e-07
0.7535878280877538 5.834453749411104e-08
0.7548651305319984 2.1582404150734534e-07
0.7561402530669381 6.611650503670614e-07
0.7574132066151827 1.386442115067114e-06
0.7586840020073623 2.3826044604353588e-06
0.7599526499832326 3.639536968113393e-06
0.7612191611927084 5.1461263176009294e-06
0.7624835461969275 6.890331769730033e-06
0.763745815469273 8.85926004613747e-06
0.7650059793963958 1.1039243734639887e-05
0.7662640482792149 1.3415922634235215e-05
0.7675200323338913 1.5974327443121665e-05
0.7687739416928135 1.8698965186923308e-05
0.7700257864055544 2.1573905785420757e-05
0.7712755764397953 2.45828691591428e-05
0.7725233216822782 2.7709312285911152e-05
0.7737690319397085 3.093651563112846e-05
0.7750127169396629 3.424766839209652e-05
0.7762543863314754 3.762595201919741e-05
0.7774940496871129 4.105462150349242e-05
0.7787317165020398 4.451708395123973e-05
0.7799673961960784 4.799697400172845e-05
0.7812010981142301 5.1478225683408563e-05
0.7824328315275259 5.49451403479974e-05
0.7836626056338238 5.83824503660906e-05
0.7848904295586131 6.177537831706002e-05
0.7861163123558255 6.510969145416716e-05
0.7873402630085985 6.837175127572213e-05
0.788562290430047 7.15485580813683e-05
0.7897824034640448 7.462779044129052e-05
0.7910006108859394 7.7597839552529e-05
0.7922169214033259 8.0447838500192e-05
0.7934313436567498 8.316768648450386e-05
0.7946438862204434 8.574806811283532e-05
0.7958545576030167 8.818046789249107e-05
0.7970633662481843 9.04571800914085e-05
0.7982703205354272 9.257131416335765e-05
0.7994754287806787 9.4516795958272e-05
