0.1424519947256848 0.00038318391349493637
0.21306247182804983 5.162211185783847e-05
0.2655158032615495 0.00018229528611734796
0.30919515475057885 1.2431932100512375e-05
0.34742570572680925 2.2825527413585753e-06
0.38184757678516973 3.2164408861222617e-06
0.4134132251047485 8.174752228377378e-06
0.4427339919902852 3.1741258799893804e-06
0.47022999595157117 8.905155613883931e-07
0.49620467274892566 4.76047285180845e-08
0.5208856596594831 8.774027749005484e-07
0.5444489203912294 1.9053850489228093e-06
0.5670338128949579 1.8089952371042286e-06
0.5887529387369869 1.1096096570176858e-06
0.6096988263974247 3.3646208437941774e-07
0.6299486100965405 3.072867191060929e-09
0.6495673933530162 2.763473305220179e-07
0.6686107227860634 6.506708069024155e-07
0.6871264439630271 1.0936885733056622e-06
0.7051561180995711 1.0982757066650351e-06
0.7227361203122161 5.7248271413542e-07
0.7398985027724281 1.1774203451491767e-07
0.7566716814943931 4.710808378761467e-09
0.7730809888979862 1.7534906847997577e-07
0.7891491228812284 4.431181990184383e-07
