0.056088486830603586 1.8232819818225395e-05
0.1622282198625286 0.00013048988930906586
0.2224636057274565 2.287959216252164e-05
0.26955908151506913 7.008804363961141e-05
0.3095708665128835 4.345926421701192e-05
0.34497264121078564 1.969491185412669e-06
0.3770651166712287 1.0843658392190564e-05
0.40663258217263015 4.526728555053294e-06
0.43419118556005426 2.986964167135098e-06
0.46010203957720275 2.331952614011871e-06
0.484629506851753 1.998510612739354e-06
0.5079740153735075 1.0644611038863126e-06
0.5302918153100825 3.4759858926739007e-07
0.5517075172532426 1.1385706748024679e-07
0.5723223954495744 1.3031445923341301e-07
0.5922200832586673 1.0423357049243198e-07
0.611470597045242 4.71984849210959e-08
0.6301332516641732 2.8278121554687353e-09
0.6482588193250773 4.018292566426953e-08
0.6658911588257846 4.774862374397187e-07
0.68306846580231 5.167328321501309e-07
0.6998242464777278 4.2681653861852e-08
0.7161880861673101 2.3712064201381056e-08
0.7321862630608442 1.4996215992333163e-07
0.747842243732599 1.1252961436767978e-07
0.7631770870956963 2.142702428800699e-08
0.7782097766653046 5.941486840805532e-08
0.7929574960939922 7.598322474120066e-08
