0.030407211990245923 0.00508351137416689
0.08196106672518678 0.0034753535408606367
0.11185096429880945 0.0038517084055818295
0.13529103226563635 0.011576205322670183
0.15523109112695985 0.003846684177354945
0.17288644406205153 0.00027711782661654107
0.18889879745068897 0.0014209585074989373
0.20365605974069356 0.0011005211487601552
0.21741395336026184 0.0025669047980278353
0.23035161084995134 0.0006474166549527463
0.24260029428742327 0.0006958768106825886
0.25425959415569827 0.0006621538529584241
0.2654071956819311 0.0008341610204767861
0.2761050837812937 0.0006702366563260233
0.2864036559360878 0.0006852260959511652
0.2963445455103628 0.00036125057341744376
0.3059626177384854 0.00019603831164430194
0.3152874167096393 0.00018420925203518052
0.32434423735107276 0.00014827218732658571
0.3331549347654517 0.0001354189860654018
0.3417385455367306 0.00012564781729547278
0.35011177179118763 0.00010322550825081806
0.35828936334356715 8.481409082941088e-05
0.3662844229879771 5.68408517722113e-05
0.3741086530210278 1.835118795611893e-05
0.3817725562593647 2.85902540101674e-06
0.38928560141545854 1.5965721753997118e-05
0.39665636026404344 2.6666614845593108e-05
0.4038926222665311 4.82055346601219e-05
0.41100149102235495 6.878737322007385e-05
0.41798946594940256 8.427515271907494e-05
0.42486251186765644 9.098106972888806e-05
0.4316261186061834 9.157449530170244e-05
0.43828535232797555 8.780066875932604e-05
0.444844899937167 8.045818293159922e-05
0.4513091076751599 7.156324359108459e-05
0.45768201480890597 6.112676881206242e-05
0.46396738315321207 4.970909740807218e-05
0.4701687230399415 3.746377693058638e-05
0.47628931624319476 3.564244530041027e-05
0.48233223628553357 5.498096334885946e-05
0.4883003664818953 3.609145612781745e-05
0.49419641602183045 1.5904034863948966e-05
0.5000229343445901 5.414542455070529e-06
0.5057823240234631 1.8587966517751719e-06
0.511476852344064 1.454653851470229e-06
0.5171086617348323 4.701988065515152e-06
0.5226797791858192 9.914480805967377e-06
0.5281921247731766 1.6061368045444206e-05
0.5336475193909908 2.2296343554398774e-05
0.5390476917787254 2.7954621770360493e-05
0.5443942849211565 3.255181960198291e-05
0.5496888618879473 3.588569960108265e-05
0.5549329111716975 3.825292004150781e-05
0.5601278515761173 3.923098789717012e-05
0.565275036699825 3.8902319365154664e-05
0.5703757590559122 3.741476084111027e-05
0.5754312538627997 3.4953640223064575e-05
0.5804427025378865 3.172286828379946e-05
0.5854112359219839 2.7932490288333644e-05
0.5903379372594602 2.3790992064436667e-05
0.5952238449563473 1.950193896253634e-05
0.6000699551362993 1.5262895047442734e-05
0.6048772240122194 1.1263325439703862e-05
0.6096465700895484 7.679302583901207e-06
0.6143788762155935 4.66518597476891e-06
0.6190749914878444 2.3441190300129273e-06
0.6237357330329566 7.994350057979252e-07
0.6283618876669598 6.850440066953206e-08
0.6329542134462377 1.400280860428257e-07
0.637513441117941 9.553417956031036e-07
0.6420402754776854 2.4137549503785504e-06
0.6465353966416816 4.381347702700364e-06
0.6509994612397957 6.7021442719294915e-06
0.6554331035354618 9.210321679852753e-06
0.6598369364778636 1.1742142941095057e-05
0.6642115526913133 1.4146515435083903e-05
0.6685575254063592 1.6293371253753916e-05
0.6728754093367592 1.807940789721944e-05
0.6771657415061151 1.943107067071177e-05
0.6814290420276613 2.030496458793389e-05
0.6856658148404033 2.068613315575124e-05
0.6898765484045674 2.0584800613683295e-05
0.6940617163590649 2.0032213536292426e-05
0.6982217781434858 1.9076150142885224e-05
0.7023571795869268 1.7776534934376814e-05
0.706468353465795 1.6201443904551788e-05
0.7105557200325573 1.4423639694457477e-05
0.7146196875172656 1.2517654462633986e-05
0.7186606526035562 1.0557352093896567e-05
0.7226790008806847 8.613857296343948e-06
0.7266751072730618 6.753736825263731e-06
0.7306493364486423 5.0373477681135165e-06
0.7346020432074237 3.5173143788445978e-06
0.7385335728512272 2.237144387516513e-06
0.742444261535853 1.2300375787489406e-06
0.7463344366066235 5.179662117657009e-07
0.750204416918264 1.1111461965126041e-07
0.7540545131400039 7.754760751253736e-09
0.7578850280467272 1.9460957211079602e-07
0.7616962567969392 6.477214119279753e-07
0.7654884871982777 1.3338028860594062e-06
0.7692619999612403 2.212005933247922e-06
0.7730170689417605 3.2360068353909548e-06
0.776753961373229 4.356275494056594e-06
0.7804729380885129 5.522382433486273e-06
0.7841742537324968 6.685199407444902e-06
0.7878581569656328 7.79886761162047e-06
0.7915248906589675 8.822436533871035e-06
0.795174692081064 9.721111300506842e-06
0.7988077930772456 1.0467082968723422e-05
