0.	0.
0.	0.
0.	0.
0.	0.
0.	0.
0.	0.
0.	0.
0.	0.
0.	0.
0.	0.
0.	0.
0.	0.
0.	0.
0.	0.
0.	0.
0.	0.
0.	0.
0.	0.
0.	0.
0.	0.
0.	0.
0.	0.
0.	0.
0.	0.
0.	0.
0.	0.
0.	0.
0.	0.
0.	0.
0.	0.
0.	0.
0.	0.
0.	0.
0.	0.
0.	0.
0.	0.
0.	0.
0.	0.
0.	0.
0.	0.
0.	0.
0.	0.
0.	0.
0.	0.
0.	0.
0.	0.
0.	0.
0.	0.
0.	0.
0.	0.
0.	0.
0.	0.
0.	0.
0.	0.
0.	0.
0.	0.
0.	0.
0.	0.
0.	0.
0.	0.
0.	0.
0.	0.
0.	0.
0.	0.
0.	0.
0.	0.
0.	0.
0.	0.
0.	0.
0.	0.
0.	0.
0.	0.
0.	0.
0.	0.
0.	0.
0.	0.
0.	0.
0.	0.
0.	0.
0.	0.
0.	0.
0.	0.
0.	0.
0.	0.
0.	0.
0.	0.
0.	0.
0.	0.
0.	0.
0.	0.
0.	0.
0.	0.
0.	0.
0.	0.
0.	0.
0.	0.
0.	0.
0.	0.
0.	0.
0.	0.
0.	0.
0.	0.
0.	0.
0.	0.
0.	0.
0.	0.
0.	0.
0.	0.
0.	0.
0.	0.
0.	0.
0.	0.
0.	0.
0.	0.
0.	0.
0.	0.
0.	0.
0.	0.
0.	0.
0.	0.
0.	0.
0.	0.
0.	0.
0.	0.
0.	0.
0.	0.
0.	0.
0.	0.
0.	0.
0.	0.
0.	0.
0.	0.
0.	0.
0.	0.
0.	0.
0.	0.
0.	0.
0.	0.
0.	0.
0.	0.
0.	0.
0.	0.
0.	0.
0.	0.
0.	0.
0.	0.
0.	0.
0.	0.
0.	0.
0.	0.
0.	0.
0.	0.
0.	0.
0.	0.
0.	0.
0.	0.
0.	0.
0.	0.
0.	0.
0.	0.
0.	0.
0.	0.
0.	0.
0.	0.
0.	0.
0.	0.
0.	0.
0.	0.
0.	0.
0.	0.
0.	0.
0.	0.
0.	0.
0.	0.
0.	0.
0.	0.
0.	0.
0.	0.
0.	0.
0.	0.
0.	0.
0.	0.
0.	0.
0.	0.
0.	0.
0.	0.
0.	0.
0.	0.
0.	0.
0.	0.
0.	0.
0.	0.
0.	0.
0.	0.
0.	0.
0.	0.
0.	0.
0.	0.
0.	0.
0.	0.
0.	0.
0.1816289463662949	0.0010469889251137272
0.3008413727068239	0.00032573913473386444
0.3847360881202881	0.000027430593047244305
0.453362998343352	0.000010924691613841425
0.5128878435149261	1.8850932449810279e-6
0.5661886690642701	5.6593402826036876e-6
0.6148861450059881	1.5583569142476043e-7
0.659999987314854	4.0616456000294315e-6
0.7022211909237951	2.0943214917740773e-6
0.7420436514794251	3.040229952032004e-9
0.7798349047147826	1.374774707148981e-6
0.815877227844384	1.3264546550843004e-6
0.8503929996258816	1.0682951641718901e-7
0.8835611147544733	3.7952035421014963e-7
0.9155280313554275	1.0928189829589065e-6
0.9464154521611815	6.747565436253759e-7
0.9763258141548069	3.281454494227835e-8
1.0053463056519594	2.475960816797288e-7
1.0335518666243906	7.148168963637182e-7
1.0610074701594503	5.896176295852299e-7
1.0877698849884783	1.3802473009191927e-7
1.113889056445998	1.8994950208175962e-8
1.139409202213206	2.8265516736823747e-7
1.1643696917000235	4.526500876839404e-7
1.188805759097421	3.0209000749829064e-7
1.2127490870078423	5.938858317037802e-8
1.2362282882564248	1.4555640510940414e-8
1.2592693067869094	1.7174196116505305e-7
1.2818957536559021	3.0069218515349795e-7
1.3041291905232715	2.486995983478271e-7
1.3259893703311734	8.999803893041477e-8
1.3474944428179751	6.721125788279955e-10
1.3686611309499892	6.17995218640885e-8
1.3895048831481376	1.9123174813526617e-7
1.4100400052485886	2.5131064617596607e-7
1.4302797754004946	1.908673744941516e-7
1.4502365445223406	7.397558092712344e-8
1.4699218244752783	3.033531522404268e-9
1.4893463657406623	2.6399907483720384e-8
1.508520226089557	1.0561382623306223e-7
1.527452831489015	1.6157403492250489e-7
1.5461530302915725	1.4755549926167136e-7
1.5646291415917164	8.061230065327023e-8
1.5828889984988308	1.66514357099127e-8
1.6009399869649246	2.0212544893145913e-9
1.6187890807128096	4.009654688335999e-8
1.636442872732995	9.430658724487516e-8
1.65390760375248	1.2083622874533128e-7
1.671189188023851	1.0163714094717203e-7
1.6882932367366552	5.323060164322035e-8
1.7052250793136237	1.0595587366479335e-8
1.7219897828207107	1.7161458753352776e-9
1.7385921696912128	2.983803118649556e-8
1.7550368339395443	7.367164954310511e-8
1.7713281560190588	1.0372770160239641e-7
1.7874703164599934	1.0194122264513481e-7
1.803467308407756	7.122610928534977e-8
1.819322949168015	3.099589841456495e-8
1.8350408908530964	3.9840818662001585e-9
1.8506246302137348	2.9841303343410428e-9
1.8660775177310944	2.4673773864009804e-8
1.8814027660359618	5.329635120540819e-8
1.8966034577149837	7.106286086902454e-8
1.911682552557639	6.832094783458307e-8
1.9266428942921205	4.7737922412006635e-8
1.9414872168535298	2.132594427786286e-8
1.956218150223453	3.1012897861369406e-9
1.970838225876219	1.6187690720544922e-9
1.9853498818637125	1.603340802702149e-8
1.9997554675676812	3.7364788714074956e-8
2.0140572481456753	5.386342866776545e-8
2.0282574086944662	5.7227773457909074e-8
2.0423580581525513	4.63492148679526e-8
2.0563612329614727	2.7111867817212738e-8
2.070268900503903	8.963557080102575e-9
2.0840829623349295	2.39283326233668e-10
2.0978052572215335	4.40675135023596e-9
2.111437564003988	1.8810053656350688e-8
2.1249816042917735	3.631255316227442e-8
2.1384390450055726	4.886105909575337e-8
2.151811500775901	5.112929895053857e-8
2.1651005362082074	4.2570642143071954e-8
2.178307668023348	2.7200019044601458e-8
2.191434367081757	1.1516431710240306e-8
2.2044820602989366	1.6352993355530128e-9
2.2174521324592895	8.3700402596764e-10
2.2303459279348545	8.463902636684814e-9
2.24316475231493	2.051220611534427e-8
2.2559098739521843	3.1541852201006184e-8
2.268582525430431	3.6987248518998274e-8
2.281183904958845	3.4875943869248344e-8
2.2937151776971065	2.634791439673726e-8
2.306177477015567	1.4938531397914253e-8
2.31857190569434	5.044798263661609e-9
2.3308995370648486	2.104947328767042e-10
2.3431614160972027	1.8566316634045139e-9
2.3553585604364966	8.888486867215302e-9
2.367491961390934	1.8272263646553984e-8
2.3795625848745	2.6297645516303547e-8
2.391571372306679	2.99907293797345e-8
2.403519241471639	2.8134087335069697e-8
2.4154070873390165	2.1567531248045695e-8
2.427235782848474	1.2748285961349635e-8
2.439006179659867	4.7999919853045e-9
2.4507191088709273	4.094174011809284e-10
2.4623753817041005	9.39272323592535e-10
2.473975790164201	6.034481905524232e-9
2.4855211076683354	1.3827903653465868e-8
2.497012089649539	2.1643110682249033e-8
2.5084494741354466	2.6921972827717935e-8
2.51983398230325	2.804533832135458e-8
2.5311663190121143	2.4785271454917034e-8
2.5424471733141587	1.828141068652179e-8
2.553677218945066	1.05978001061845e-8
2.5648571147952812	4.03379545896655e-9
2.575987505362745	4.1320772286518313e-10
2.587069021188029	5.628159078485756e-10
2.5981022792727186	4.124286146335944e-9
2.6090878834817905	9.737336627558752e-9
2.62002642493078	1.551507402628657e-8
2.6309184823583633	1.9644419117160586e-8
2.641764622485118	2.0918004164880817e-8
2.652565400358959	1.904462867475503e-8
2.663321359687984	1.4669593651007678e-8
2.674033033161168	9.12751693767911e-9
2.684700942757516	4.020006531844961e-9
2.6953256000441623	7.467692313347525e-10
2.705907506463883	1.2071265056850754e-10
2.716447153612465	2.1684164534628886e-9
2.7269450235064316	6.162705147583959e-9
2.7374015888414363	1.0866355547200992e-8
2.747817313241789	1.4905225880989713e-8
2.7581926515014747	1.7155959687290053e-8
2.768528049816966	1.703846198157855e-8
2.778823946012255	1.4641217519970562e-8
2.7890807697563296	1.0660937786416131e-8
2.7992989427734685	6.1880716977016955e-9
2.8094788790466065	2.404254980088181e-9
2.819620985014064	2.7284511208321687e-10
2.829725659759882	2.99893081119421e-10
2.839793295198067	2.4222799770671695e-9
2.849824276250906	6.046053426396705e-9
2.859818981021641	1.0218532405363699e-8
2.869777780961699	1.3883149475562672e-8
2.8797010410327	1.614674064054604e-8
2.889589119863403	1.649058225162238e-8
2.8994423699018324	1.487678468978591e-8
2.9092611375627233	1.1732348193715936e-8
2.9190457633705047	7.824169592046383e-9
2.9287965820979087	4.06197924284465e-9
2.9385139229004666	1.2790613432501321e-9
2.9481981094469605	4.209635824298143e-11
2.9578494600460243	5.323394579731738e-10
2.9674682877689977	2.522397438850408e-9
2.9770549005691995	5.449581531971279e-9
2.986609601397726	8.563637684657979e-9
2.9961326883159103	1.1109742044846585e-8
3.0056244546045487	1.2501570306153038e-8
3.0150851888700196	1.2445069668393567e-8
3.024515175147365	1.0988510473344281e-8
3.033914693000537	8.493331885657238e-9
3.0432840176197318	5.538013166764407e-9
3.0526234199161406	2.7801447233954947e-9
3.0619331666139686	8.084985574634472e-10
3.071213520340013	1.700617003542118e-11
3.0804647397107305	5.26586800384463e-10
3.089687079416974	2.1697491208410624e-9
3.0988807903064406	4.538782935462443e-9
3.108046119463915	7.084194426762496e-9
3.117183310289327	9.239292211692806e-9
3.126292602573811	1.054223587199066e-8
3.135374232573707	1.0729327134012781e-8
3.144428433082644	9.78162601268159e-9
3.1534554335017413	7.918366325036522e-9
3.162455459908003	5.542058974022933e-9
3.1714287351209247	3.1492581142029154e-9
3.180375478767423	1.2264884410782089e-9
3.1892959073450977	1.5244109437565903e-10
3.1981902342838997	1.2536934559438785e-10
3.2070586700062225	1.12909044188488e-9
3.215901421985555	2.942998286329975e-9
3.2247186948035584	5.192467151695121e-9
3.2335106902058675	7.4278813673275915e-9
3.2422776071564106	9.215125614515033e-9
3.251019641890447	1.0218923417848762e-8
3.2597369879663116	1.0263041208748063e-8
3.268429836315893	9.357119624351961e-9
3.277098375293889	7.687123843079619e-9
3.2857427907259233	5.573431016289089e-9
3.2943632659554467	3.406122297450144e-9
3.3029599818896	1.5704257315926342e-9
3.311533117043934	3.762387039715218e-10
3.3200828475861166	4.3038377098955765e-12
3.3286093473786047	4.781856847684971e-10
3.337112788020324	1.6662192576144186e-9
3.345593338887405	3.311914394859883e-9
3.354051167172947	5.0859913304823e-9
3.362486437925904	6.649395669986336e-9
3.3708993140890784	7.71508975262063e-9
3.3792899565362298	8.097372579559685e-9