0.03125345018679817 0.9476788727660047
0.11095057542078501 1.0
0.15376372607445912 0.6657627675123657
0.18702015121680365 0.31939398927020285
0.2151970950153631 0.30800670965557925
0.2400896513477208 0.2997074036328899
0.26263337355921945 0.3178254604294564
0.283389367079667 0.40200412601966634
0.3027255738894678 0.3637295890120971
0.3208987489038579 0.18115875867108722
0.33809648661315655 0.0658132694772352
0.3544607929310245 0.032050214098508424
0.3701022351266452 0.014854995194581132
0.3851089007330152 0.008361120573251427
0.39955231905438504 0.010239329378717346
0.4134915164327616 0.015288753691401785
0.42697587745265475 0.017911990851534998
0.4400472156005845 0.0163578903299668
0.4527413050056795 0.013220077109000314
0.46508903537926294 0.008692032749177866
0.4771172976066003 0.004816175609100691
0.48884967300467524 0.001895061400536148
0.5003069769615146 0.0015584779945164336
0.5115076928810551 0.003618739838222583
0.5224683223310962 0.007125283732890863
0.533203670362071 0.010599931720037488
0.5437270800899532 0.011800120974705331
0.5540506271528485 0.008489342965800986
0.5641852821244526 0.00477282068117625
0.5741410471109066 0.0018396156301974337
0.5839270713762625 0.002183656126227293
0.593551749802421 0.0013972114031108175
0.6030228071991123 0.0009992585867570768
0.6123473708727144 0.0008065635505076556
0.6215320333925866 0.0017759291432299484
0.6305829071262691 0.0027756065820881046
0.6395056718256187 0.0034240531650462924
0.6483056163164191 0.0035795693963268024
0.6569876751606385 0.0032528625224492913
0.665556461013023 0.0025638710591068406
0.674016293274391 0.001702526775440542
0.6823712235468582 0.0008955215272923987
0.6906250583167297 0.0003403764616205075
0.6987813792253994 0.00015015476649096228
0.7068435612345109 0.0003247959420276093
0.7148147889467229 0.0007642322470943817
0.7226980713059222 0.0013142339188546737
0.7304962548693228 0.0018203320632538668
0.7382120358174462 0.0021676596716219067
0.7458479708456465 0.002297528383677145
0.7534064870619139 0.0022045716797043265
0.7608898909995694 0.001924080133583067
0.7683003768397112 0.0015176360204936705
0.7756400339264863 0.0010607115675413488
0.782910853648132 0.0006320776523022316
0.7901147357480044 0.0003033402251308305
0.7972534941222651 0.0001281248479732627
