0.15757871211067143 0.7864010626738873
0.23783176892672556 1.0
0.29714779900193533 0.35628481004723994
0.34645294072862265 0.3344818933076625
0.3895669705977164 0.1250213366299706
0.4283633562545135 0.025198947090967642
0.4639265659010968 0.030242458641406088
0.49695120735196147 0.044096472764840335
0.5279139077609423 0.04743753722603265
0.5571585324768826 0.04520983935051219
0.5849428250761869 0.03513803833290374
0.6114658830244163 0.027091447660832386
0.636885295796978 0.02463144031886568
0.6613283356346494 0.02310176990140719
0.6848995443435257 0.01768538031661531
0.7076860406952348 0.008965239395040089
0.729761333436185 0.006656943408221758
0.7511881241070297 0.006508596546373971
0.7720204087095286 0.008361505202461358
0.7923050813789004 0.007025405737544265
