0.14809773959594294 0.992696498697991
0.23650039697054803 1.0
0.29988646828644233 0.047471364752043915
0.3520387844578642 0.014896400396638297
0.3974049200473911 0.014020085557875157
0.43809814541277065 0.018701784278950185
0.47532015145390916 0.029781446698643972
0.5098317875308895 0.024876803903153957
0.5421508993051039 0.013232175578703946
0.5726488291319943 0.004571669034323354
0.6016026099100513 0.005356996589273753
0.6292254372299906 0.005623640706195842
0.6556855422633839 0.003124174138717522
0.681118444681524 0.001201167956550835
0.7056352201532026 0.0006734366485005145
0.7293282608304782 0.0026611272244505702
0.7522753997495737 0.0036884592074352346
0.7745429336032488 0.005250997303361022
0.796187883499875 0.004779835269073144
