0.057211365566209045 0.204552069192117
0.08835382526707389 0.31341880351966134
0.11108403219994056 0.8148702029533202
0.12989584774843846 0.844580661994841
0.14630859577518013 1.0
0.16105739230774832 0.5966871857868846
0.17456450418398778 0.5444494507757436
0.18709904412024347 0.28819321781316076
0.19884501951773545 0.09483509716290031
0.2099348331049786 0.07114293548762243
0.22046752369236366 0.18473169112715515
0.23051946977339177 0.34374983854574587
0.24015104533692372 0.42094318860649665
0.24941095505087807 0.42379806532508374
0.2583391672093896 0.30298075581057027
0.26696896190845887 0.18793496849050942
0.2753284003229999 0.07465233126570744
0.2834414033291187 0.03629614013336948
0.29132855938556335 0.027834451186444797
0.2990077403727172 0.033345760274623576
0.3064945784014545 0.04822030844792425
0.31380284013157483 0.0599044707461954
0.3209447243049559 0.05523470791552736
0.32793110090996824 0.03954220036651904
0.3347717053905182 0.02178370168740776
0.3414752978156035 0.012088275916408375
0.34804979443964074 0.006360553681091912
0.3545023772905543 0.004497148039671829
0.36083958611092765 0.002508343818976013
0.3670673960058908 0.00261364440536637
0.3731912834232474 0.0028522233420927566
0.3792162825397374 0.005111331249810908
0.38514703370526554 0.007706868207850567
0.3909878252709792 0.01020532752204633
0.3967426298731595 0.01221342194856982
0.40241513604548657 0.013492005120010378
0.4080087758744407 0.013387631543482067
0.4135267492868481 0.01110107957216728
0.41897204545768113 0.00717218329229869
0.42434746174475724 0.0038577883226496314
0.4296556204908131 0.0026261029885803716
0.43489898397938226 0.0020077974994902326
0.4400798677865223 0.003177509146304209
0.44520045273380304 0.0027446177600968565
0.45026279561758814 0.004237939320290847
0.45526883886433384 0.003799114210770312
0.4602204192404438 0.004170820585294098
0.46511927572742995 0.003160900832132701
0.46996705665810923 0.0021862821294840957
0.4747653261968633 0.0014327761343546003
0.4795155702361754 0.0011280002923620136
0.4842192017724534 0.0011739463046693272
0.4888775658162599 0.00153718379020022
0.4934919438853077 0.00198505810064389
0.4980635581227502 0.0025665381307184874
0.5025935750782675 0.003271326731520506
0.5070831091850924 0.004067728838951625
0.5115332259623356 0.004910559304603529
0.5159449449686845 0.005747525408757151
0.5203192425306599 0.0065266085496179516
0.5246570542661199 0.007203204163247587
0.5289592774214804 0.007744584972945816
0.5332267730391889 0.008131220756979423
0.5374603679702803 0.0083560632212062
0.5416608567453384 0.008422921725514764
0.545829003315852 0.00834419959046938
0.5499655426767677 0.008138240398771356
0.5540711823800063 0.007826819454447772
0.5581466039477576 0.007433100937552205
0.5621924641935567 0.006980038479596793
0.5662093964583839 0.0064891358833748854
0.5701980117683779 0.005979596455177861
0.5741588999201547 0.00546785791187558
0.5780926304991872 0.004967387678314028
0.5819997538362226 0.004488601808863062
0.5858808019062908 0.004038886326260376
0.5897362891744482 0.0036227842092835002
0.5935667133920757 0.0032423683591535192
0.5973725563472128 0.0028977358534410936
0.6011542845721315 0.0025875273679199654
0.6049123500110868 0.0023093997623186693
0.6086471906509568 0.002060422241633674
0.6123592311172584 0.0018373956815412593
0.6160488832378314 0.0016371023947852146
0.6197165465763143 0.0014564929968028668
0.6233626089373635 0.0012928188831903523
0.6269874468454271 0.001143720643490176
0.6305914259987406 0.0010072793854938931
0.634174901700101 0.00088203176473885
0.6377382192658487 0.0007669470907204317
0.6412817144143917 0.0006613686859149204
0.6448057136355105 0.0005649285218700275
0.648310534541592 0.000477449318752302
0.6517964862018595 0.00039884893746730196
0.6552638694605989 0.0003290584475574607
0.6587129772403022 0.0002679602758244796
0.6621440948305991 0.00021534833574300544
0.6655575001637763 0.00017090864681811057
0.668953464077642 0.00013421688843822389
0.6723322505664378 0.00010474853072671523
0.6756941170204562 8.189715892534552e-05
0.6790393144549749 6.499704936890114e-05
0.6823680877290912 5.334699457094006e-05
0.6856806757549919 4.623357657948027e-05
0.6889773116981629 4.295299119234536e-05
0.6922582231690131 4.283085426914331e-05
0.6955236324063714 4.523939722126512e-05
0.6987737564532494 4.9611438564624114e-05
0.7020088073252898 5.545067028932276e-05
0.7052289921722498 6.233808082680902e-05
0.7084345134328828 6.993462666487747e-05
0.7116255689835349 7.798047809798981e-05
0.714802352280771 8.629129913440926e-05
0.7179650524983183 9.475211273818248e-05
0.7211138546586012 0.00010330936834369223
0.7242489397591327 0.00011196185527936539
0.7273704848939947 0.00012075106715130361
0.7304786633706453 0.00012975151446864536
0.7335736448222793 0.0001390613462939336
0.736655595315923 0.00014879353504845114
0.7397246774564886 0.00015906782585371589
0.7427810504869486 0.00017000363150811116
0.7458248703848185 0.0001817140405384948
0.7488562899551072 0.0001943010972595359
0.7518754589198929 0.00020785251165157616
0.7548825240046728 0.00022243994152783058
0.7578776290216314 0.00023811892765582705
0.7608609149499513 0.0002549304449968534
0.763832520013308 0.00027290388188601
0.7667925797546519 0.00029206110648939226
0.7697412271084065 0.0003124211534082436
0.7726785924701872 0.0003340049843203266
0.7756048037641342 0.00035683976008089933
0.7785199865079778 0.00038096210449758896
0.7814242638759095 0.0004064199167071572
0.7843177567593602 0.00043327237156927677
0.7872005838257671 0.0004615878302121994
0.7900728615754097 0.0004914394856095421
0.7929347043963884 0.000522898716170249
0.7957862246178316 0.0005560263233816251
0.79862753256138 0.0005908620742639362
