0.04129146553364862 0.8541839578195289
0.13255767235291577 1.0
0.1828608323605137 0.9100775259535044
0.2220464506921575 0.23948277485728772
0.2552864310202081 0.1597200828628114
0.28467119525679185 0.10227215742336469
0.3112944064802149 0.08100221445697323
0.33581351187385483 0.019662127218650242
0.3586602985635276 0.010093833162838418
0.3801364112196471 0.007375193079459081
0.4004624295337537 0.004568447907188771
0.41980543989835983 0.004468026431987862
0.438295607368697 0.004503084260286643
0.45603667865929715 0.0037424696039165804
0.4731129299682992 0.0032246924206337
0.48959392837704124 0.0024236468439049626
0.5055378932258591 0.0016087799526325495
0.5209941299641809 0.0013328755354216025
0.5360048313369592 0.001613158126142915
0.5506064360037435 0.002277276700892194
0.5648306706588294 0.002785968877712955
0.5787053613578004 0.002975343638328156
0.5922550736076896 0.0036144042271480893
0.605501623424327 0.004252193512488733
0.6184644897921241 0.003956876567975195
0.6311611508246499 0.0026825672593709313
0.643607360198846 0.0019068444657104706
0.6558173763423526 0.001451816721995978
0.6678041538841021 0.0011724741782194194
0.6795795046955586 0.00031116515204926914
0.6911542342256303 0.00011623709653300905
0.7025382576097821 0.00015773941300028347
0.7137406991041181 0.00037615497447045807
0.7247699776812101 0.0006408615192730933
0.7356338810711602 0.0008260316329276415
0.7463396300989894 0.000868777850683272
0.7568939348288733 0.000767392915840142
0.7673030437554745 0.0005697184414007784
0.777572787066668 0.0003482138429833361
0.7877086148282605 0.00017800160749996825
0.7977156308007289 0.00011378186403394671
