0.09535925793706114 0.3353507160388555
0.165004785448954 0.9356843236797479
0.21297831523815922 1.0
0.2519780488452328 0.7249698655925029
0.2857028187456488 0.26514965630139714
0.31584688028128044 0.20520491920749537
0.34335461105995685 0.20349481479580062
0.36881636419906677 0.07189571097983298
0.3926303794686955 0.02845135005855003
0.4150803542471459 0.013419684510557233
0.4363768620187093 0.004741305900669862
0.4566812991085536 0.0035296927631747414
0.4761206030368205 0.013987175192829144
0.4947967493334751 0.03598078481800357
0.5127931268100547 0.06270742616810977
0.5301789606329141 0.08470618967162877
0.5470124676249561 0.09151955454443306
0.5633431615146777 0.08262539996078226
0.5792135723255325 0.06396977082072883
0.59466055221705 0.04753764512419173
0.6097162832170278 0.03865567874638798
0.6244090660300314 0.028106130760881066
0.6387639453885212 0.015692161457987495
0.6528032115324847 0.004312338842261814
0.6665468065489825 0.0007743242012095321
0.6800126567444005 0.0007538715444521952
0.6932169468691809 0.0003849692900817434
0.7061743481651777 0.00022578961774118167
0.718898209398208 0.0001704502914125072
0.731400717964277 0.0005122284193665963
0.7436930366074233 0.0012018162986074078
0.755785420115268 0.0020547899819391606
0.7676873154636084 0.0032241961749363045
0.7794074481917914 0.004889776121922249
0.7909538972543929 0.007236437164627581
