0.07334993587209143 0.8396409362292624
0.11036370466276305 1.0
0.1377682323781487 0.7622996537292325
0.16056160229314204 0.37599941399396375
0.1804992341903013 0.22593476712211466
0.19844374893405564 0.07443705662986236
0.21489502408260508 0.05967649963317617
0.23017346197604574 0.07421041840190781
0.24449902772832652 0.06992775324898141
0.2580304762290878 0.07758184285032657
0.2708868367199612 0.07813784570542152
0.2831600764530167 0.09535884180942855
0.2949230032238484 0.09559763390812695
0.30623442737648676 0.10129966616806022
0.3171426624381223 0.08313400309383882
0.3276879746270115 0.0638847515258838
0.337904343035736 0.04403089411498592
0.3478207537245162 0.033825283126458584
0.35746217024149474 0.020792593952902106
0.36685027428174427 0.009696325466794673
0.37600403971680735 0.0026388559905861043
0.38494018364342664 0.0017099576466911657
0.39367352519847565 0.003539200357002568
0.4022172741951949 0.005442816432290725
0.4105832656615021 0.00709804482632998
0.4187821521797749 0.008285442154243868
0.4268235629526226 0.009179801277096394
0.4347162363707881 0.009252009940064743
0.4424681312864667 0.008797409789547713
0.45008652102925284 0.008038645906578242
0.45757807332738126 0.006900414057847269
0.4649489186339361 0.005483375164965457
0.4722047088500961 0.003966716276533651
0.4793506680452162 0.0023769328176876494
0.4863916364678006 0.0011392167454031953
0.49333210890117535 0.0005047337139271802
0.5001762682274634 0.00200347869393276
0.5069280149118074 0.004163888571926477
0.5135909929970489 0.006395490128474705
0.520168613100744 0.00731459356584001
0.5266640728264935 0.007948266580010101
0.5330803749362814 0.008376494548799282
0.5394203435768785 0.008422874035565473
0.5456866388090911 0.008099945409508171
0.5518817696518925 0.007446720347370326
0.5580081058228669 0.006525333225526378
0.5640678883307629 0.005394240562813983
0.570063239054421 0.004155604959470108
0.575996169424162 0.00293079993514797
0.5818685883063348 0.001838101065224887
0.5876823091786306 0.000973394846503466
0.5934390566726165 0.000395311876077368
0.5991404725503828 0.00011911263768840826
0.6047881211740026 0.00011963782719271953
0.6103834945194367 0.000341309114001656
0.6159280167804166 0.0007117105014928528
0.6214230486025609 0.0011550079302611975
0.6268698909833829 0.0016024913021054834
0.6322697888698634 0.001998952308853827
0.6376239344817639 0.002304993664154503
0.6429334703858125 0.0024964941491889482
0.6481994923432134 0.002562809083571315
0.6534230519505818 0.0025048298120639925
0.658605159092326 0.002333348408436634
0.6637467842206801 0.0020676758457632803
0.6688488604779562 0.0017341715640132103
0.6739122856741683 0.0013642726869357443
0.6789379241318848 0.0009918121108407427
0.6839266084090564 0.0006497820177440968
0.6888791409095284 0.0003669957341070517
0.6937962953900683 0.00016518620899704184
0.6986788183719208 5.699197028961665e-05
0.7035274304641748 4.5116111832613814e-05
0.7083428276055886 0.00012274348659572048
0.7131256822309309 0.0002750845104075812
0.7178766443673713 0.000481724413429892
0.7225963426659774 0.0007193448337069542
0.7272853853729544 0.0009643741935264601
0.7319443612448777 0.0011952048901513752
0.7365738404118071 0.0013937612229369572
0.7411743751918741 0.0015463741972006157
0.7457465008606319 0.0016440680065641445
0.7502907363781997 0.0016824426440214487
0.7548075850769981 0.001661334689892758
0.7592975353126583 0.0015843793164309803
0.7637610610804827 0.0014585222744477385
0.7681986225996593 0.0012934730676057555
0.7726106668672729 0.0011010645378356253
0.7769976281839935 0.0008944910412379127
0.7813599286531961 0.0006874292496977556
0.785697978655132 0.0004930881912970471
0.7900121772976625 0.000323271887335112
0.7943029128449512 0.00018755515244823267
0.7985705631254252 9.266525613297066e-05
