0.11224682009177193 0.5461848117760377
0.16186182969121765 0.9801254227030788
0.199497250829307 1.0
0.23108234669884042 0.47801340653497293
0.2588415428711249 0.6168150008657451
0.28389933422143915 0.606042548463834
0.30691808797299774 0.616103652984915
0.32832694890843134 0.07178410609731073
0.3484228016902396 0.07136382592689695
0.36742115018356464 0.060431320247349624
0.3854842964063217 0.04252283586486095
0.40273809238934893 0.029998716516089586
0.4192824647675657 0.020977450798447546
0.435198327408418 0.012148429582084706
0.45055229065749963 0.004502873486143357
0.4653999692492707 0.006865007548165638
0.4797883671613383 0.019239821283871344
0.4937576359691438 0.04337853259751237
0.5073423968322189 0.07281158254506089
0.5205727515947898 0.09882099361927936
0.5334750679451918 0.11256939227792906
0.5460725974398382 0.10777019615068535
0.5583859679222142 0.09281513848433157
0.5704335801958919 0.09028119661609253
0.5822319307677011 0.10209713898205276
0.5937958768350831 0.09273905031037344
0.6051388556690582 0.06725487320229687
0.616273067633657 0.030418235886539247
0.6272096299480312 0.021882964686238626
0.6379587067123423 0.015547425995145117
0.6485296195278965 0.012467488727896358
0.658930942138154 0.005770606980614035
0.6691705818243265 0.002242212994192507
0.6792558497531622 0.0008389141709869791
0.6891935220561942 0.0004872020787436937
0.6989898930906684 0.0004974834111477654
0.7086508220715917 0.0005342503582898388
0.7181817740562254 0.0005899606294733413
0.727587856095146 0.0007162552126278997
0.7368738492288288 0.0009451326632791241
0.7460442368987975 0.0013279011717986038
0.7551032302524935 0.001933667434484996
0.7640547907471458 0.0028393548687754826
0.7729026503968575 0.004111958262806363
0.7816503299564679 0.005788893911729658
0.7903011552934827 0.007861140716266136
0.7988582721639735 0.01026148139479559
