0.062258412755092335 0.8540133361313458
0.17628333922370112 0.9463345400820734
0.24140318563595042 1.0
0.29236134253053175 0.3193600966922446
0.335670646626364 0.23783899937724012
0.3739978353434691 0.11745086011260497
0.40874679902951105 0.026017198401276552
0.44076464835314955 0.021263312315668883
0.4706091446307836 0.0331008240135463
0.4986706514715965 0.03853929757061637
0.5252350214240792 0.05268903738393095
0.5505190204610307 0.05587033866218127
0.5746916640440206 0.04642038589619567
0.5978877619025283 0.032369096226290084
0.6202168901507661 0.02084514881506756
0.64176954688863 0.015602635541764347
0.6626215019861651 0.013147525828401892
0.6828369491878143 0.0098208641600238
0.7024708405082349 0.005488326408102937
0.7215706481451606 0.0029503857550339063
0.7401777166887178 0.002345526260286044
0.7583283163799176 0.0034266770590591603
0.776054474436832 0.004579248431036623
0.7933846390607658 0.006757973947526197
