0.02765507519635727 0.9075787613558057
0.14548070204437508 1.0
0.2038736270285119 0.8308086486553683
0.2489262235674239 0.14011744841115015
0.28699139327996165 0.050687060161587486
0.32056799452468726 0.0306410692931761
0.350946720848158 0.010381196394080583
0.37889753668027093 0.009610085805030267
0.40492352932696696 0.006167222483652095
0.42937485135821185 0.004793754359409931
0.4525068360095123 0.005586173224648298
0.47451246956860127 0.007505083439355811
0.49554182730146445 0.007167004717761177
0.5157143505149104 0.004597809041012395
0.5351269458226251 0.0022773317909847443
0.5538595230423646 0.0010296145191223288
0.5719788972409299 0.001216682755567563
0.5895416094070858 0.0018268069106958942
0.6065960109239935 0.002308980381946899
0.6231838338988858 0.0029983118966986255
0.6393413943414638 0.0030387204434339627
0.6551005279571811 0.0022440672200641316
0.6704893277830346 0.0009594644501270171
0.685532732658446 0.00031929100466844627
0.7002530018211839 0.00036218175149756464
0.7146701014561798 0.000570367443705357
0.7288020223749085 0.0006471259895510206
0.7426650432536006 0.0007721045377871545
0.7562739504167264 0.0007067331129577526
0.7696422226243148 0.0005398447982950695
0.7827821874420703 0.00039549256149599754
0.7957051543597138 0.0003705236692723304
