0.03628442915366834 0.329734874903213
0.05985897560751962 0.5022366986903524
0.07648294420541622 0.5208035337442909
0.09008990498449412 0.5556738427432399
0.101895767520572 0.6999128881218236
0.11246915101603404 0.5427973756291026
0.12213057870804855 0.40859758978681937
0.1310818531107809 0.39041279633588377
0.139459784916339 0.8047288080680094
0.1473621940590305 1.0
0.15486189299617345 0.8336367703970079
0.16201481538049023 0.4497911317882667
0.16886503350191018 0.20345642715189025
0.1754480068661376 0.07504463161682723
0.1817927691750473 0.021152896478507332
0.18792344923706897 0.004892919037197616
0.19386035814533054 0.0012412576904056512
0.19962078495494337 0.0013845550708905792
0.205219591050641 0.0046120269487501895
0.21066966216232638 0.01138376833447449
0.21598225760528536 0.017423875342815198
0.22116728394026147 0.03558821975406884
0.22623351213239004 0.04372159805722194
0.23118875184460436 0.05110084065076286
0.2360399927747404 0.047434192699444384
0.2407935203470273 0.050290365928064344
0.2454550112260247 0.049969953760074626
0.25002961279440045 0.03950776161751591
0.2545220097673699 0.022885435181018248
0.2589364804003773 0.009386391887694662
0.2632769442106854 0.004236756633009114
0.2675470027281601 0.00866068145703162
0.2717499744807883 0.013797404475590979
0.27588892518155567 0.017744557630670055
0.27996669389742346 0.019620513832594652
0.2839859158353184 0.021565380303778043
0.2879490422647792 0.022215103219851137
0.29185835800512444 0.022993384047076324
0.2957159968314407 0.02435706212873983
0.29952395509434 0.02730067058637548
0.30328410380027315 0.02697643336603633
0.30699819935987505 0.02552934377541674
0.31066789317955823 0.02277673242566481
0.3142947402449673 0.022490339509273257
0.317880206822855 0.022160218999759163
0.32142567738958194 0.021718132966107553
0.3249324608790891 0.019240422540322346
0.32840179633029765 0.0178882294340007
0.3318348580030227 0.01679294414917437
0.33523276002228486 0.017168354985316298
0.33859656060309073 0.016744771938697507
0.3419272659010919 0.016512414883068902
0.3452258335288343 0.01612059857657451
0.34849317577242306 0.015607266334714234
0.3517301625392216 0.01482762422121915
0.35493762406357166 0.01373897124059049
0.35811635339437853 0.012359261841719066
0.36126710868567885 0.01068810093603169
0.36439061530893274 0.008798995834269503
0.3674875678037099 0.00674373227978584
0.3705586316816314 0.004599031781771558
0.3736044450968362 0.00281935485754769
0.3766256203948492 0.0018243440656408939
0.3796227455504957 0.001141354551272677
0.382596385504428 0.0006671325935726994
0.3855470834068628 0.00014104787549281856
0.3884753617762881 0.00014148434346474708
0.39138172358013423 0.0004010154866543473
0.39426665324374105 0.0008503703278657435
0.39713061759335 0.001428220139925414
0.39997406673831915 0.0020892000855858113
0.4027974348972808 0.002790753325347479
0.4056011411725356 0.003496800109005108
0.40838559027659194 0.004167281039039438
0.41115117321441563 0.0047770777512205756
0.41389826792464784 0.005310994527144622
0.4166272398827643 0.005762212161643306
0.4193384426689054 0.006130335077616495
0.42203221850286887 0.006419459915078871
0.42470889874855994 0.006636310219286421
0.42736880439000324 0.006788399110620723
0.43001224648084957 0.006882522848650165
0.4326395265691612 0.006923926087707783
0.4352509370991183 0.006916062328214315
0.43784676179115656 0.006860663223542523
0.4404272760019404 0.006758001850863702
0.44299274706545994 0.006607393282202858
0.4455434346164478 0.006407891761808934
0.4480795908972259 0.006159013245148759
0.45060146104900406 0.00586133497988041
0.45310928338858736 0.005516931529877164
0.4556032896713702 0.005129657931635494
0.45808370534144577 0.004705267449785585
0.4605507497695832 0.004251336414590896
0.4630046364798009 0.0037770030002152273
0.46544557336517617 0.0032925715700205227
0.46787376289352767 0.00280904477833214
0.4702894023035342 0.00233762539497078
0.4726926837918365 0.0018892120793065075
0.4750837946916117 0.001473913772101637
0.47746291764310306 0.0011006147333349017
0.4798302307565392 0.0007766224760890029
0.4821859077678477 0.0005074219825125376
0.48453011818755914 0.00029654758015308554
0.486863027443255 0.00014557248887068767
0.4891847970159 5.4204931732433724e-05
0.4914955845703765 2.046945313892794e-05
0.4937955440805232 4.094582936730116e-05
0.4960848259489513 0.00011103788031809849
0.49836357712190854 0.00022524952455597183
0.5006319411994338 0.0003774523434992671
0.5028900585410452 0.0005611349811220117
0.5051380663671655 0.0007696289596890255
0.5073760988565107 0.000996308257558476
0.5096042872396237 0.0012347616448622268
0.5118227598887434 0.0014789371925826944
0.5140316424041821 0.0017232576961812305
0.5162310576973765 0.0019627051150512913
0.518421126070764 0.0021928728106690243
0.5206019652946403 0.002409986533059216
0.5227736906811163 0.0026108978310138546
0.5249364151553426 0.0027930556962667305
0.5270902493240849 0.002954463073191924
0.5292353015417888 0.0030936243945883647
0.5313716779742532 0.003209489171547562
0.5334994826600028 0.003301395527267568
0.5356188175694604 0.003369016683656976
0.5377297826620281 0.003412312748062457
0.5398324759411557 0.003431489594943565
0.5419269935074811 0.0034269660866017224
0.5440134296101382 0.0033993502633814306
0.5460918766962906 0.0033494244767234174
0.5481624254589795 0.003278138797670698
0.5502251648833485 0.003186611409782849
0.5522801822913153 0.003076134022183228
0.5543275633847525 0.002948179620111095
0.5563673922872342 0.0028044093121236927
0.5583997515844148 0.0026466749534479568
0.5604247223630867 0.0024770147861970576
0.5624423842489716 0.0022976403893515056
0.5644528154432953 0.002110914431329372
0.5664560927581943 0.0019193197590223934
0.5684522916510041 0.0017254210879011648
0.5704414862574549 0.001531820966454769
0.5724237494238403 0.0013411118516276346
0.5743991527381804 0.0011558261650019862
0.5763677665604257 0.0009783861952875708
0.5783296600517351 0.0008110557015693406
0.580284901202859 0.0006558950309730327
0.5822335568616709 0.0005147214539613977
0.5841756927598662 0.0003890762081379853
0.586111373538865 0.0002801994131646462
0.5880406627749528 0.00018901358768115336
0.5899636230036719 0.00011611600732688434
0.5918803157435055 6.17796557789393e-05
0.5937908015188755 2.596210460262374e-05
0.5956951398824684 8.321363790196068e-06
0.5975933894369224 8.237596810816756e-06
0.5994856078559062 2.4839579977060803e-05
0.6013718519045892 5.703485977085528e-05
0.6032521774595306 0.00010354265914915704
0.6051266395280358 0.00016292864852466662
0.6069952922669462 0.00023364070330821925
0.6088581890009294 0.0003140447298468542
0.6107153822402559 0.0004024595965670057
0.6125669236980973 0.0004971902072639336
0.6144128643073496 0.000596557835186868
0.6162532542370095 0.0006989270069006448
0.6180881429081045 0.0008027284595729566
0.6199175790092005 0.0009064779499731022
0.6217416105115015 0.0010087909225737078
0.6235602846835523 0.0011083932179888412
0.6253736481055422 0.0012041281161378026
0.6271817466832609 0.001294960076535103
0.6289846256616685 0.0013799755852675795
0.6307823296381363 0.0014583815630759306
0.6325749025753304 0.0015295018351951634
0.6343623878137834 0.001592772200143591
0.6361448280841386 0.0016477346437239221
0.6379222655190862 0.001694031212147003
0.639694741665008 0.0017313979820651531
0.6414622974933237 0.0017596594558626807
0.643224973411563 0.001778723586537331
0.6449828092741575 0.001788577517408509
0.6467358443929792 0.0017892840219340487
0.6484841175476104 0.0017809785545051312
0.6502276669953755 0.0017638667736866343
0.6519665304811246 0.001738222370266254
0.6537007452467867 0.001704385017918486
0.6554303480406877 0.0016627582601210953
0.6571553751266584 0.0016138071518145725
0.6588758622929215 0.0015580554888920844
0.6605918448607683 0.001496082483534537
0.6623033576930335 0.0014285187771415084
0.6640104352023845 0.001356041721283983
0.6657131113594001 0.0012793698960273442
0.6674114197004793 0.0011992568706873697
0.6691053933355574 0.0011164842432743387
0.6707950649556593 0.001031854022105769
0.6724804668402711 0.000946180437572258
0.6741616308645507 0.0008602812948882261
0.6758385885063721 0.0007749690000864773
0.6775113708532263 0.0006910414107927186
0.6791800086089465 0.0006092726788563511
0.6808445321003029 0.0005304042618451356
0.6825049712834483 0.00045513628336065463
0.6841613557502255 0.00038411941781080894
0.6858137147343214 0.0003179474645615451
0.6874620771173071 0.00025715076082071805
0.6891064714345484 0.00020219056365781827
0.6907469258809643 0.00015345451015082
0.6923834683166948 0.0001112532409123177
0.6940161262726234 7.58182458287336e-05
0.6956449269558063 4.730096133523216e-05
0.6972698972547576 2.5773116067786227e-05
0.6988910637446542 1.1228287338064327e-05
0.7005084526924068 3.584596647736409e-06
0.7021220900616455 2.688441196444252e-06
0.7037320015175907 8.3191328978797e-06
0.7053382124318249 2.019429898369719e-05
0.7069407478869737 3.797588975608646e-05
0.7085396326812817 6.127663889384668e-05
0.7101348913331031 8.966682813060456e-05
0.7117265480853039 0.00012268121866375532
0.7133146269095556 0.00015982602392209272
0.714899151510573 0.00020058581058955216
0.7164801453302531 0.00024443022626136394
0.7180576315517178 0.0002908204629389118
0.7196316331032991 0.00033921537643965996
0.7212021726624438 0.0003890771935463218
0.7227692726595151 0.00043987675184742347
0.7243329552815653 0.0004910982317124153
0.72589324247599 0.0005422433550946736
0.7274501559541439 0.000592835040913143
0.7290037171948603 0.0006424205206103418
0.7305539474479372 0.0006905739293513143
0.7321008677375249 0.0007368983978777758
0.7336444988654663 0.0007810276773523939
0.7351848614145582 0.0008226273350129262
0.7367219757517801 0.0008613955625386333
0.738255862031434 0.0008970636420140837
0.7397865401982352 0.0009293961162283676
0.7413140299903515 0.000958190710476976
0.7428383509423739 0.0009832780515908746
0.7443595223882565 0.0010045212262745637
0.745877563464164 0.001021815215020978
0.747392493111293 0.0010350862303681906
0.7489043300786566 0.0010442909799532078
0.7504130929257735 0.0010494158667522782
0.751918800025355 0.0010504761319976748
0.7534214695659043 0.0010475149411175813
0.7549211195543037 0.0010406024098109944
0.7564177678183308 0.001029834565843998
0.7579114320091404 0.0010153322418932661
0.7594021296037009 0.000997239895269196
0.76088987790719 0.000975724351150679
0.7623746940553424 0.0009509734667254132
0.7638565950167564 0.000923194714143381
0.7653355975951739 0.000892613680428316
0.7668117184317013 0.0008594724825416586
0.7682849740069967 0.0008240280958763432
0.7697553806434466 0.0007865505947925669
0.7712229545072495 0.0007473213046513937
0.7726877116105224 0.0007066308662395162
0.7741496678133358 0.0006647772155682354
0.7756088388257243 0.0006220634846284117
0.7770652402096554 0.0005787958316325077
0.7785188873809928 0.0005352812123748917
0.7799697956113798 0.0004918251074238718
0.7814179800301391 0.0004487292228653829
0.7828634556261089 0.00040628918518147324
0.7843062372494705 0.0003647922535650396
0.7857463396135043 0.00032451507544504766
0.7871837772963829 0.00028572151305590273
0.7886185647428852 0.0002486605702807523
0.7900507162660867 0.00021356444944542203
0.7914802460490403 0.0001806467670193651
0.7929071681464165 0.00015010095519751244
0.7943314964861338 0.00012209887313524527
0.7957532448709249 9.678964741468588e-05
0.7971724269799331 7.429875643226664e-05
0.7985890563702268 5.4727368194593175e-05
