0.12349998179214933 0.8573658206123972
0.1947272449526758 1.0
0.2461404860178836 0.4459860726771098
0.28853346478011155 0.34338843891668586
0.32545039906892326 0.21303023802335927
0.358586590281919 0.15083875186775655
0.3889096292588655 0.022524996967870782
0.4170336092684469 0.010934567698483067
0.4433771930559728 0.0063936641219393435
0.4682409742034865 0.013533253825594123
0.49184942113065994 0.02941127341220857
0.514375410335087 0.04467018116730327
0.5359554431108006 0.057523337098856604
0.5566995363742256 0.057123972114693
0.5766979028568929 0.046823529761726476
0.5960256094208362 0.03263330003030964
0.6147459146523112 0.02106719277342009
0.6329127164568836 0.014276748141350179
0.6505723836003711 0.00993300509566245
0.667765150736571 0.005920046565277223
0.6845261977176297 0.003035240219666423
0.7008864963591869 0.0014959791400892754
0.7168734831150964 0.0009177875346610364
0.7325115995062017 0.0007447723277505707
0.7478227307564207 0.0010951766955373224
0.7628265651331142 0.0025327592792111836
0.7775408908386573 0.004210072009078097
0.7919818432267313 0.005826532918143288
