0.1669690762872045 0.9978612367845894
0.23946809193473192 1.0
0.2946374571489396 0.06001653519547744
0.34099481248715857 0.011679392298226341
0.381763876531942 0.013481399253025128
0.4185807143261424 0.014460031442800789
0.4524112404575945 0.025995643695236468
0.4838822202669266 0.032070439668788704
0.5134277257861786 0.026117831560144602
0.5413631012960762 0.012056367371066946
0.5679259934298168 0.0036301336727551452
0.5933007725571975 0.003888608259321692
0.6176338907168738 0.005063297354846496
0.6410439767711148 0.003972821497061679
0.6636287182607105 0.00186131148507678
0.6854696980943434 0.0010500188528316495
0.7066358832355789 0.001079594762011341
0.7271861979700233 0.003286017421185958
0.7471714592631907 0.003522833325317995
0.7666358574579712 0.004044604153017343
0.7856181064185267 0.002983258733780875
