0.09741358263183797 0.9491454554574974
0.18553298602797447 1.0
0.243629949902392 0.5595502886403304
0.2903249810835405 0.06811453670235006
0.33048693342496727 0.017500017264988413
0.3662712189961418 0.008991901629583838
0.39885783250055273 0.0020836767643140747
0.42897611240724964 0.0067409239942963625
0.4571142166646731 0.01155886036884449
0.48361790137963917 0.015143050911618591
0.508742670900282 0.011793068432206039
0.5326836742962268 0.0065449109593304685
0.5555939590571789 0.0019251499064139646
0.5775961863076285 0.0012069336325744645
0.5987904608088306 0.0021114241828436814
0.6192597433238349 0.002458589524700729
0.6390736995681635 0.002177998143353883
0.6582915046508193 0.001315386922502471
0.6769639298763882 0.0007930787686192113
0.6951349243560963 0.0006253434123050139
0.7128428333217265 0.001388189432709638
0.7301213502114233 0.0014160841283158698
0.7470002703572952 0.0012747436692903398
0.7635060945802684 0.000701867146656812
0.7796625176842147 0.0008477827123231375
0.7954908275903717 0.0010076639139321732
