0.08738988585045196 0.8890402236199115
0.12924236694125527 1.0
0.16053096043606646 0.9951775551642088
0.18664616494486463 0.17642039027246703
0.20953136639821737 0.09821120032571612
0.2301521155857314 0.09514863007007193
0.24907147267823337 0.15251559450200405
0.2666518315839572 0.13994533470480808
0.2831427164264343 0.10758378843586468
0.29872461137093204 0.04267517981843573
0.31353306876473025 0.024467741312038337
0.3276729655893387 0.010541125059260349
0.34122742291291774 0.00256185341667412
0.35426364436658675 0.002283948385588997
0.3668368824099532 0.0033209429453218225
0.3789932177212358 0.004035526061985188
0.39077155893060156 0.0034984523971601463
0.4022051144244125 0.0027395206165175584
0.4133224971869237 0.0021260557221632658
0.42414856867131456 0.0013937759846709263
0.4347050933060936 0.0011096579476166225
0.4450112531202707 0.0007275026850169612
0.45508405737841795 0.0007767103368579437
0.4649386722752639 0.0016201714388122165
0.4745886889684146 0.0031212658850024583
0.48404634348465314 0.005035337235314666
0.49332269865802764 0.0068894928883493824
0.5024277958172001 0.007761738527420456
0.5113707821514445 0.0067531259206402095
0.5201600183582307 0.0058755081778563535
0.5288031701799277 0.006218222921457686
0.5373072866821644 0.006212987147394219
0.5456788675480388 0.006818977670705064
0.5539239212152474 0.005132548436374528
0.5620480153345452 0.00530555838304198
0.5700563207538738 0.004513250733640001
0.577953650015433 0.005175018826051615
0.5857444911798289 0.005340687194502094
0.5934330376524143 0.004956224930692155
0.6010232145746058 0.004149254546265484
0.6085187022516626 0.003224724244586846
0.6159229570137865 0.002409143057483205
0.6232392298460864 0.0017942848473104691
0.6304705830723049 0.0012963475072863926
0.6376199053351864 0.0009065041274433507
0.6446899250813404 0.0006133678172376563
0.6516832227291199 0.00040183165279903836
0.6586022416733953 0.000255405275239841
0.6654492982602828 0.00015837101118102033
0.672226590847274 9.717049298171322e-05
0.6789362080492201 6.116024338910088e-05
0.6855801362578394 4.264751048267205e-05
0.6921602665114794 3.638482744848715e-05
0.6986784007824575 3.88982175737724e-05
0.7051362577412233 4.793029523111523e-05
0.7115354780495823 6.206549771627643e-05
0.7178776292291748 8.049155426033302e-05
0.7241642101461341 0.00010287004611185405
0.7303966551482773 0.00012928461186292346
0.7365763378871729 0.00016020357456657142
0.7427045748539366 0.0001963995356717198
0.7487826286545306 0.00023881775934077648
0.7548117110476515 0.0002884352707492466
0.7607929857658993 0.0003461632678634769
0.7667275711388373 0.00041281460583029696
0.7726165425346786 0.0004891134342864058
0.7784609346356984 0.0005756945708421845
0.7842617435610083 0.0006730397189758799
0.7900199288490176 0.0007813232942238255
0.795736415310758 0.0009001799604223625
