0.0829 54.1
0.082728 60.6
0.08255600000000002 59.0
0.08238400000000001 67.0
0.08221200000000001 60.5
0.08204 67.4
0.081868 73.3
0.08169600000000002 71.7
0.08152400000000001 74.0
0.08135200000000001 86.0
0.08118 81.3
0.081008 87.9
0.08083600000000002 90.8
0.08066400000000001 87.9
0.08049200000000001 85.8
0.08032 89.4
0.080148 91.2
0.07997600000000002 93.6
0.07980400000000001 99.1
0.07963200000000001 89.3
0.07946 92.3
0.079288 90.8
0.07911600000000002 90.8
0.07894400000000001 89.7
0.07877200000000001 82.5
0.0786 80.7
0.078428 96.3
0.07825600000000002 88.2
0.07808400000000001 96.6
0.07791200000000001 98.0
0.07774 87.8
0.077568 91.5
0.07739600000000002 86.8
0.07722400000000001 91.1
0.07705200000000001 84.6
0.07688 79.5
0.076708 80.1
0.07653600000000002 80.8
0.07636400000000002 80.3
0.07619200000000001 81.2
0.07602 70.5
0.075848 65.0
0.07567600000000002 66.5
0.07550400000000002 59.1
0.07533200000000001 56.0
0.07516 54.2
0.074988 46.9
0.07481600000000002 48.4
0.07464400000000002 43.6
0.07447200000000001 43.0
0.0743 39.4
0.074128 36.2
0.07395600000000002 30.2
0.07378400000000002 31.6
0.07361200000000001 29.1
0.07344 24.4
0.073268 29.6
0.073096 27.1
0.07292400000000002 23.8
0.07275200000000001 21.6
0.07258 23.3
0.072408 21.4
0.072236 18.6
0.07206400000000002 21.8
0.07189200000000001 20.9
0.07172 22.9
0.071548 25.4
0.071376 25.4
0.07120400000000002 27.8
0.07103200000000001 28.9
0.07086 31.6
0.070688 34.4
0.070516 36.6
0.07034400000000002 44.1
0.07017200000000001 42.3
0.07 42.1
0.069828 47.0
0.069656 53.0
0.06948400000000002 55.5
0.06931200000000001 60.3
0.06914000000000001 67.6
0.068968 70.3
0.068796 77.5
0.06862400000000002 83.0
0.06845200000000001 89.5
0.06828000000000001 86.6
0.068108 93.7
0.067936 94.8
0.06776400000000002 109.0
0.06759200000000001 110.5
0.06742000000000001 114.5
0.067248 118.9
0.067076 122.7
0.06690400000000002 137.6
0.06673200000000001 148.7
0.06656000000000001 147.3
0.066388 158.9
0.066216 149.9
0.06604400000000002 159.0
0.06587200000000001 158.0
0.06570000000000001 148.9
0.065528 148.2
0.06535600000000001 149.3
0.065184 148.8
0.06501200000000001 159.9
0.06484000000000001 164.9
0.064668 173.6
0.06449600000000001 171.8
0.064324 173.7
0.06415200000000001 170.6
0.06398000000000001 180.8
0.063808 184.1
0.06363600000000001 184.2
0.063464 173.3
0.063292 171.2
0.06312000000000001 152.6
0.062948 152.3
0.06277600000000001 145.1
0.062604 144.2
0.062432 138.5
0.06226000000000001 128.1
0.062088000000000004 122.5
0.06191600000000001 116.1
0.06174400000000001 107.9
0.061572 109.1
0.06140000000000001 106.7
0.061228000000000005 101.6
0.06105600000000001 89.1
0.06088400000000001 91.1
0.060712 84.6
0.06054000000000001 75.0
0.060368000000000005 74.4
0.06019600000000001 68.9
0.06002400000000001 65.9
0.059852 61.5
0.05968000000000001 57.3
0.059508000000000005 55.2
0.059336000000000014 54.3
0.05916400000000001 49.5
0.058992 49.3
0.05882000000000001 41.8
0.058648000000000006 40.7
0.058476000000000014 37.7
0.05830400000000001 40.7
0.058132 34.3
0.05796000000000001 32.4
0.057788000000000006 31.9
0.057616000000000014 34.1
0.05744400000000001 33.1
0.057272 32.8
0.05710000000000001 33.1
0.056928000000000006 34.2
0.056756 37.0
0.05658400000000001 36.4
0.056412000000000004 39.8
0.05624000000000001 42.1
0.05606800000000001 45.1
0.055896 52.3
0.05572400000000001 53.6
0.055552000000000004 60.1
0.05538000000000001 52.8
0.05520800000000001 62.6
0.055036 68.5
0.05486400000000001 73.2
0.054692000000000005 77.0
0.05452000000000001 80.7
0.05434800000000001 104.6
0.054176 108.9
0.05400400000000001 120.9
0.053832000000000005 152.0
0.05366000000000001 181.0
0.05348800000000001 205.0
0.053316 226.0
0.05314400000000001 231.3
0.052972000000000005 238.7
0.052800000000000014 261.6
0.05262800000000001 272.6
0.052456 273.6
0.05228400000000001 283.4
0.052112000000000006 288.1
0.051940000000000014 289.3
0.05176800000000001 287.4
0.051596 252.8
0.05142400000000001 242.9
0.051252000000000006 230.6
0.051080000000000014 218.9
0.05090800000000001 225.4
0.050736 230.7
0.05056400000000001 231.7
0.04746800000000001 193.9
0.047296000000000005 194.8
0.04712400000000001 191.6
0.04695200000000001 190.4
0.04678 183.9
0.04660800000000001 185.8
0.046436000000000005 164.5
0.04626400000000001 164.2
0.04609200000000001 152.9
0.04592 139.2
0.04574800000000001 128.2
0.045576000000000005 128.8
0.045404000000000014 124.5
0.04523200000000001 121.0
0.04506 115.1
0.04488800000000001 119.2
0.044716000000000006 110.9
0.044544 107.2
0.04437200000000001 98.2
0.0442 106.4
0.04402800000000001 112.5
0.043856000000000006 102.0
0.043684 86.4
0.04351200000000001 90.6
0.043340000000000004 88.6
0.04316800000000001 90.9
0.042996000000000006 79.7
0.042824 88.5
0.04265200000000001 82.1
0.042480000000000004 80.3
0.04230800000000001 79.5
0.04213600000000001 73.4
0.041964 72.5
0.04179200000000001 74.3
0.041620000000000004 73.7
0.04144800000000001 72.6
0.04127600000000001 67.5
0.041104 76.7
0.04093200000000001 77.7
0.040760000000000005 79.9
0.04058800000000001 75.0
0.04041600000000001 88.3
0.040244 84.8
0.04007200000000001 93.3
0.039900000000000005 94.4
0.03972800000000001 96.2
0.03955600000000001 104.2
0.039384 108.6
0.03921200000000001 109.7
0.039040000000000005 116.1
0.038868000000000014 123.2
0.03869600000000001 131.7
0.038524 148.5
0.03835200000000001 165.8
0.038180000000000006 175.1
0.038008 183.2
0.03783600000000001 196.0
0.037664 229.1
0.03749200000000001 233.6
0.037320000000000006 247.9
0.037148 280.8
0.03697600000000001 305.2
0.036804 327.4
0.03663200000000001 341.8
0.036460000000000006 353.9
0.036288 364.2
0.03611600000000001 386.6
0.035944000000000004 396.4
0.03577200000000001 402.8
0.03560000000000001 412.4
0.035428 440.5
0.03525600000000001 433.2
0.035084000000000004 486.3
0.03491200000000001 518.5
0.03474000000000001 564.9
0.034568 610.4
0.03439600000000001 632.0
0.034224000000000004 676.6
0.03405200000000001 721.0
0.03388000000000001 730.7
0.033708 780.3
0.03353600000000001 804.8
0.033364000000000005 826.9
0.03319200000000001 849.8
0.03302000000000001 862.4
0.032848 880.9
0.03267600000000001 892.5
0.032504000000000005 907.3
0.032332000000000014 901.6
0.03216000000000001 918.7
0.031988 935.8
0.03181600000000001 931.9
0.031644000000000005 1008.1
0.031472 1059.5
0.03130000000000001 1128.6
0.031128000000000003 1203.8
0.03095600000000001 1189.7
0.030784000000000006 1228.6
0.030612 1265.2
0.03044000000000001 1401.9
0.030268000000000003 1460.8
0.03009600000000001 1530.7
0.029924000000000006 1524.7
0.029752 1543.0
0.02958000000000001 1559.9
0.029408000000000004 1578.7
0.029236000000000012 1619.4
0.029064000000000006 1557.5
0.028892 1433.8
0.02872000000000001 1325.4
0.028548000000000004 1209.6
0.028376000000000012 1112.2
0.028204000000000007 1055.9
0.028032 966.9
0.02786000000000001 874.5
0.027688000000000004 807.4
0.027516000000000013 779.9
0.027344000000000007 756.5
0.027172 709.1
0.02700000000000001 701.9
0.026828000000000005 646.3
0.026656000000000013 602.8
0.026484000000000008 526.4
0.026312000000000002 523.5
0.02614000000000001 530.1
0.025968000000000005 524.3
0.025796 515.2
0.025624000000000008 510.7
0.025452000000000002 534.1
0.02528000000000001 571.1
0.025108000000000005 599.1
0.024936 614.5
0.024764000000000008 601.8
0.024592000000000003 603.8
0.02442000000000001 639.4
0.024248000000000006 628.0
0.024076 617.9
0.02390400000000001 555.8
0.023732000000000003 511.6
0.02356000000000001 448.0
0.023388000000000006 419.7
0.023216 386.0
0.02304400000000001 369.2
0.022872000000000003 355.6
0.022700000000000012 370.9
0.022528000000000006 394.7
0.022356 416.1
0.02218400000000001 504.3
0.022012000000000004 594.8
0.021840000000000012 660.4
0.021668000000000007 721.7
0.021496 778.5
0.02132400000000001 848.6
0.021152000000000004 885.2
0.020980000000000013 913.1
0.020808000000000007 935.7
0.020636 954.4
0.02046400000000001 958.9
0.020292000000000004 966.7
0.020120000000000013 995.1
0.019948000000000007 1004.3
0.019776000000000002 989.2
0.01960400000000001 1027.2
0.019432000000000005 1010.8
0.01926 1047.7
0.019088000000000008 996.6
0.018916000000000002 1005.0
0.01874400000000001 1060.4
0.018572000000000005 1136.3
0.0184 1247.7
0.018228000000000008 1370.6
0.018056000000000003 1470.5
0.01788400000000001 1582.9
0.017712000000000006 1688.3
0.01754 1782.1
0.01736800000000001 1785.4
0.017196000000000003 1728.8
0.01702400000000001 1560.7
0.016852000000000006 1366.3
0.01668 1223.9
0.01650800000000001 1101.5
0.016336000000000003 984.5
0.01616400000000001 805.9
0.015992000000000006 610.7
0.01582 441.8
0.01564800000000001 347.0
0.015476000000000004 294.4
0.015304000000000012 306.7
0.015132000000000007 345.9
0.014960000000000001 465.0
0.01478800000000001 708.3
0.014616000000000004 1111.4
0.014444000000000012 1637.0
0.014272000000000007 2213.2
0.014100000000000001 2605.8
0.011004 3109.6
0.010832000000000008 3434.8
0.010660000000000003 3833.0
0.010488000000000011 4441.2
0.010316000000000006 4729.3
0.010144 4933.3
0.009972000000000009 5135.0
0.009800000000000003 5218.8
0.009628000000000012 5148.9
0.009456000000000006 4963.5
0.009284 4764.0
0.009112000000000009 4660.1
0.008940000000000003 4480.6
0.008768000000000012 4378.9
0.008596000000000006 4275.3
0.008424000000000001 4082.6
0.00825200000000001 3785.2
0.008080000000000004 3611.2
0.007908000000000012 3150.1
0.007736000000000007 2788.1
0.007564000000000001 2653.0
0.00739200000000001 2631.7
0.007220000000000004 2672.7
0.007047999999999999 2749.5
0.006876000000000007 2868.6
0.006704000000000002 2957.8
0.00653200000000001 3026.0
0.0063600000000000045 3151.9
0.006187999999999999 3252.4
0.0060160000000000075 3410.0
0.005844000000000002 3538.4
0.00567200000000001 3669.3
0.005500000000000005 3785.8
0.005327999999999999 4000.3
0.005156000000000008 4285.3
0.004984000000000002 4636.4
0.004812000000000011 4902.9
0.004640000000000005 5121.3
0.004468 5154.1
0.004296000000000008 4968.8
0.004124000000000003 4524.5
0.003952000000000011 4088.2
0.0037800000000000056 3650.2
0.003608 3175.7
0.0034360000000000085 2774.9
0.003264000000000003 2489.7
0.0030920000000000045 2210.0
0.002920000000000006 2033.9
0.0027480000000000074 1964.1
0.002576000000000009 2030.0
0.0024040000000000034 2179.4
0.002232000000000005 2487.3
0.0020600000000000063 2924.8
0.0018880000000000077 3422.9
0.0017160000000000022 4018.2
0.0015440000000000037 4571.7
0.0013720000000000052 4914.0
0.0012000000000000066 5125.9
0.001028000000000008 5232.3
0.0008560000000000026 5125.1
0.000684000000000004 4858.9
0.0005120000000000055 4578.7
0.00034000000000000696 4283.9
0.00016800000000000842 4074.8
