0.8393200000000001 -2.4933245428788524
0.8376 -2.463566708241063
0.83588 -2.4484920675388113
0.8341600000000002 -2.441146531213781
0.8324400000000001 -2.3707020489977335
0.8307200000000001 -2.2942387924860714
0.829 -2.242869934053194
0.82728 -2.234869546304914
0.8255600000000002 -2.1456140074610173
0.8238400000000001 -2.151649196260253
0.8221200000000001 -2.0700592976589216
0.8204 -1.9928843332418857
0.81868 -2.0094119929004917
0.8169600000000001 -1.974468504139713
0.8152400000000002 -1.9122998727848228
0.81352 -1.8690009907906513
0.8118000000000001 -1.7882376137331517
0.8100799999999999 -1.7705817414743046
0.8083600000000002 -1.762301879638752
0.8066400000000001 -1.7369276444925643
0.8049200000000001 -1.6720418124936085
0.8032 -1.6280231167763086
0.80148 -1.6187426710635942
0.7997600000000002 -1.6237045153721896
0.7980400000000001 -1.6202527845816193
0.7963200000000001 -1.568947486784612
0.7946 -1.524830554670577
0.79288 -1.5306093792015507
0.7911600000000002 -1.532852640810519
0.7894400000000001 -1.5402243131140976
0.7877200000000001 -1.505717433473545
0.786 -1.495073451127047
0.78428 -1.4976582372470901
0.7825600000000001 -1.4970364841245698
0.7808400000000002 -1.4670318421707846
0.77912 -1.4333862321866935
0.7774000000000001 -1.4149140059632237
0.7756799999999999 -1.3825518159479335
0.7739600000000002 -1.3968665133829894
0.7722400000000001 -1.4080263720215458
0.7705200000000001 -1.423395913508362
0.7688 -1.4168898323528507
0.76708 -1.4300896944939565
0.7653600000000003 -1.4251474564427384
0.7636400000000001 -1.4140577468492896
0.7619200000000002 -1.436617872015045
0.7602 -1.4487699567336847
0.75848 -1.4775962829123908
0.7567600000000002 -1.4920942460733517
0.7550400000000002 -1.4971400478503265
0.7533200000000001 -1.4740461720111997
0.7516 -1.475916224794369
0.74988 -1.4763109482770318
0.7481600000000002 -1.536579543906207
0.7464400000000002 -1.5622780281943875
0.74472 -1.548305517500055
0.7430000000000001 -1.5754727994888622
0.7412799999999999 -1.5931963977844172
0.7395600000000002 -1.5987885285655528
0.7378400000000002 -1.6520568046702615
0.7361200000000001 -1.7015294118286626
0.7344 -1.742905514849015
0.73268 -1.7619205850735191
0.7309599999999999 -1.7982736319422057
0.7292400000000001 -1.8482880383598201
0.7275200000000002 -1.893580794278071
0.7258 -1.9476461008293382
0.7240800000000001 -1.9664600101696104
0.7223599999999999 -1.9810464763544022
0.7206400000000002 -2.0419337306015026
0.7189200000000001 -2.0642865788788947
0.7172000000000001 -2.127995902873946
0.71548 -2.199019908847107
0.71376 -2.3014390166399394
0.7120400000000002 -2.3134849362700076
0.7103200000000001 -2.342963726265484
0.7086000000000001 -2.330789794478478
0.70688 -2.383268407977252
0.70516 -2.3921236532253385
0.7034400000000002 -2.348077429372639
0.7017200000000001 -2.3929377012273223
0.7000000000000001 -2.306751553611039
0.69828 -2.2605266129593637
0.69656 -2.235436140621291
0.6948400000000001 -2.1144843977501147
0.6931200000000002 -2.078667217830404
0.6914 -2.0890651882879436
0.6896800000000001 -1.9890095612318641
0.6879599999999999 -1.9424170739982713
0.6862400000000002 -1.8925498276647696
0.6845200000000001 -1.814743748353003
0.6828000000000001 -1.774879787621234
0.68108 -1.7659409726649455
0.67936 -1.7203373780952158
0.6776400000000002 -1.6894285568423844
0.6759200000000001 -1.6632988771248518
0.6742000000000001 -1.5961785779106668
0.67248 -1.5897215085952254
0.67076 -1.5838646194289971
0.6690400000000002 -1.5437845945732487
0.6673200000000001 -1.533640527866919
0.6656000000000001 -1.466548917088328
0.66388 -1.4337441180593593
0.66216 -1.413886697425297
0.6604400000000001 -1.4242708019627848
0.6587200000000002 -1.384385462193438
0.657 -1.37898648502644
0.6552800000000001 -1.351841412246378
0.6535600000000001 -1.3281847942338938
0.6518400000000001 -1.32959096182759
0.6501200000000001 -1.3389156791503425
0.6484000000000001 -1.3212214499037072
0.64668 -1.3111163590134893
0.6449600000000001 -1.3174386725628249
0.64324 -1.2972352864745378
0.6415200000000001 -1.3358327668694536
0.6398000000000001 -1.326223777276231
0.63808 -1.3062173659890737
0.6363600000000001 -1.2927482630689744
0.6346400000000001 -1.294888447778349
0.63292 -1.2932013611610935
0.6312000000000001 -1.2874115400568868
0.62948 -1.2954739696013116
0.6277600000000001 -1.2797471345752136
0.62604 -1.2876032956631678
0.62432 -1.309163562487365
0.6226 -1.3025625059969717
0.6208800000000001 -1.3160029870176704
0.6191600000000002 -1.3554140348151216
0.6174400000000001 -1.3686168754337067
0.61572 -1.3708569052952926
0.6140000000000001 -1.3758416886501443
0.61228 -1.4029939346937592
0.6105600000000001 -1.4353582641822633
0.60884 -1.4703300515417528
0.60712 -1.5293805065357329
0.6054000000000002 -1.5590410357039648
0.60368 -1.4914804021804822
0.6019600000000002 -1.5056118042666755
0.6002400000000001 -1.5106043603238077
0.59852 -1.5321784448429308
0.5968000000000001 -1.6092539622437179
0.59508 -1.6522048007466308
0.5933600000000001 -1.6632988771248518
0.59164 -1.6669586837428658
0.58992 -1.7280242067615068
0.5882000000000001 -1.7672894152533747
0.5864800000000001 -1.776059402149723
0.5847600000000002 -1.814743748353003
0.5830400000000001 -1.881367842378501
0.5813200000000001 -1.8557922333886712
0.5796000000000001 -1.916088135275922
0.5778800000000001 -1.969215500793014
0.5761600000000001 -1.9779016799781068
0.5744400000000001 -2.006055759180867
0.57272 -2.069285153992437
0.5710000000000002 -2.0943590449891247
0.56928 -2.081840159665553
0.5675600000000001 -2.1026315709551144
0.5658400000000001 -2.0696720533337523
0.5641200000000001 -2.0635226481948425
0.5624000000000001 -2.0563315513021454
0.5606800000000001 -2.0151777989414996
0.55896 -2.0057215579470578
0.5572400000000001 -1.9954868547792197
0.55552 -1.9488167066105855
0.5538000000000001 -1.8956500988810308
0.5520800000000001 -1.8697331536197
0.55036 -1.8811170225725669
0.5486400000000001 -1.857688718856082
0.5469200000000001 -1.815174382480407
0.5452000000000001 -1.826523426802964
0.5434800000000001 -1.7676754548182625
0.54176 -1.6706495939061083
0.5400400000000001 -1.6695698343822925
0.53832 -1.6970750704024125
0.5366000000000002 -1.6737494963027713
0.53488 -1.6085840647147764
0.5331600000000001 -1.5964388682881936
0.5314400000000001 -1.5343169991593038
0.5297200000000001 -1.4686778158704497
0.5280000000000001 -1.450255042966112
0.5262800000000001 -1.4344607757828802
0.52456 -1.4125207219114495
0.5228400000000001 -1.3639424653504366
0.52112 -1.3505831231356757
0.5194000000000001 -1.3290279483221914
0.5176800000000001 -1.2942387924860717
0.51596 -1.259806389772902
0.5142400000000001 -1.2589077871723526
0.5125200000000001 -1.2657234643734048
0.5108000000000001 -1.2617296455344658
0.5090800000000001 -1.2409708098577865
0.50736 -1.2606467663650005
0.5056400000000001 -1.238508589178331
0.4746800000000001 -1.0501078056711999
0.47296000000000005 -1.0456534642449498
0.4712400000000001 -1.0573838402812508
0.46952000000000005 -1.0912563451384247
0.4678 -1.1291040802598749
0.4660800000000001 -1.1543691144422386
0.46436000000000005 -1.18612700828219
0.46264000000000016 -1.1929624160712498
0.4609200000000001 -1.1931681209806744
0.45920000000000005 -1.2086671939432518
0.4574800000000001 -1.214624982177683
0.45576000000000005 -1.225459651111811
0.4540400000000001 -1.2462280470318579
0.45232000000000006 -1.2646305935780107
0.4506 -1.2724008084831302
0.4488800000000001 -1.263177697385264
0.44716000000000006 -1.258190241396726
0.44544 -1.254916574624236
0.4437200000000001 -1.2895897438241446
0.44200000000000006 -1.2771180737588799
0.4402800000000001 -1.2904898363368071
0.43856000000000006 -1.2898467228150172
0.43684 -1.3209452250688885
0.43512000000000006 -1.3270631290889283
0.4334 -1.3173017359443473
0.4316800000000001 -1.343181654420213
0.42996000000000006 -1.3710118168296275
0.42824 -1.3965377514582031
0.4265200000000001 -1.4017448844169011
0.42480000000000007 -1.440600592132582
0.4230800000000001 -1.4795811788807742
0.42136000000000007 -1.5236179027084555
0.41964 -1.5501739559051115
0.41792000000000007 -1.6131598778490226
0.4162 -1.6377924999432312
0.4144800000000001 -1.6586168185832368
0.41276000000000007 -1.6640587976720278
0.41104 -1.64297816730825
0.40932000000000013 -1.6263463020217932
0.4076000000000001 -1.5862742022363434
0.40588000000000013 -1.5495892049322906
0.4041600000000001 -1.594101851983828
0.40244 -1.5983960346555095
0.4007200000000001 -1.5639660155349933
0.399 -1.4676120620057898
0.39728000000000013 -1.3628006861933457
0.3955600000000001 -1.2517851267955151
0.39384 -1.2087738216093666
0.39212000000000014 -1.1459368515658672
0.3904000000000001 -1.079656274240353
0.38868000000000014 -1.046790313442906
0.3869600000000001 -1.007227492932051
0.38524 -0.9716178166545594
0.3835200000000001 -0.9135679655473282
0.38180000000000003 -0.8752888162333229
0.38008 -0.8866434032662012
0.3783600000000001 -0.8775709263700116
0.37664000000000003 -0.8876349726337615
0.37492000000000014 -0.8768751007752181
0.3732000000000001 -0.8916240456142626
0.37148000000000003 -0.9368224516952023
0.3697600000000001 -0.9564140607412641
0.36804000000000003 -0.994053538356431
0.3663200000000001 -1.0036884807990771
0.36460000000000004 -1.0251239087970556
0.36288 -1.0801714751279612
0.3611600000000001 -1.0955899229464685
0.35944000000000004 -1.1269347062997521
0.35772000000000015 -1.1600511991828508
0.3560000000000001 -1.1662435105728597
0.35428000000000004 -1.1928082013042023
0.3525600000000001 -1.2081876931477924
0.35084000000000004 -1.2301391135827036
0.3491200000000001 -1.236628400226215
0.34740000000000004 -1.2348129275078967
0.34568 -1.2666972192250763
0.3439600000000001 -1.2566991512761323
0.34224000000000004 -1.3040207611219294
0.34052000000000016 -1.3253860445324948
0.3388000000000001 -1.3370489782222912
0.33708000000000005 -1.3581129216897128
0.3353600000000001 -1.3681548599838536
0.33364000000000005 -1.3819952828972528
0.3319200000000001 -1.3808051081816946
0.33020000000000005 -1.3384123160054384
0.32848 -1.343181654420213
0.3267600000000001 -1.3274133383506306
0.32504000000000005 -1.3196355510097604
0.32332000000000016 -1.3124682495429474
0.3216000000000001 -1.286135328495251
0.31988000000000005 -1.2739468922872361
0.3181600000000001 -1.2257367837112878
0.31644000000000005 -1.1869375429523654
0.31472 -1.1378915916261476
0.31300000000000006 -1.0796166687064326
0.31128 -1.0396159426750429
0.3095600000000001 -1.0040543985795949
0.30784000000000006 -0.9776197620961505
0.30612 -0.9530868003342426
0.3044000000000001 -0.8991122903875487
0.30268000000000006 -0.8749178674177546
0.3009600000000001 -0.8768006141131879
0.29924000000000006 -0.8106312427497542
0.29752 -0.7770054061147759
0.29580000000000006 -0.7351681291160264
0.29408 -0.6818509514065489
0.2923600000000001 -0.6358209633325477
0.29064000000000006 -0.6119034606656003
0.28892 -0.5789601269431325
0.2872000000000001 -0.5472929178499917
0.28548000000000007 -0.5246208545392795
0.2837600000000001 -0.5035045974063117
0.28204000000000007 -0.484020343410519
0.28032 -0.46544985172636766
0.27860000000000007 -0.4423591484604505
0.27688 -0.4271969526720648
0.2751600000000001 -0.4028021803145217
0.27344000000000007 -0.3640263140777757
0.27172 -0.3553393046279108
0.27000000000000013 -0.3287186017248386
0.2682800000000001 -0.305563880333577
0.26656000000000013 -0.29228271196139943
0.2648400000000001 -0.2935317734062125
0.26312 -0.28788469046013226
0.2614000000000001 -0.3139126554532217
0.25968 -0.33883654058089213
0.25795999999999997 -0.34713051001457396
0.2562400000000001 -0.3750043018578067
0.25452 -0.38789891817961064
0.25280000000000014 -0.3822496095171575
0.2510800000000001 -0.390305703868225
0.24936 -0.3894480696852008
0.24764000000000008 -0.35011774030009485
0.24592000000000003 -0.3352116678637179
0.2442000000000001 -0.333808545505471
0.24248000000000006 -0.3388581223969744
0.24076 -0.3531777040142006
0.23904000000000009 -0.38487307879545263
0.23732000000000003 -0.4028605313808063
0.23560000000000011 -0.4201827405474055
0.23388000000000006 -0.4324749558622572
0.23216 -0.43772755034604116
0.2304400000000001 -0.4508598128420785
0.22872000000000003 -0.4646802352182039
0.22700000000000012 -0.48811968241958537
0.22528000000000006 -0.4966017859581105
0.22356 -0.5177895333140782
0.2218400000000001 -0.5469907595148304
0.22012000000000004 -0.5779359354036058
0.21840000000000012 -0.6318056669743175
0.21668000000000007 -0.6944568591152385
0.21496 -0.7091576136311779
0.2132400000000001 -0.708887676876685
0.21152000000000004 -0.6926659514973575
0.20980000000000013 -0.6756201143358185
0.20808000000000007 -0.6596997727599953
0.20636000000000002 -0.6674030061599608
0.2046400000000001 -0.6806955965159082
0.20292000000000004 -0.7044410800218394
0.20120000000000013 -0.7311729484180944
0.19948000000000007 -0.8003089691869927
0.19776000000000002 -0.8641270840292914
0.1960400000000001 -0.8994521855474129
0.19432000000000005 -0.9454015292587727
0.1926 -0.9750907026442784
0.19088000000000008 -0.9338961768202818
0.18916000000000002 -0.8457843587426835
0.1874400000000001 -0.7881363913852041
0.18572000000000005 -0.747305327729571
0.184 -0.6806797910575529
0.18228000000000008 -0.6285975156006018
0.18056000000000003 -0.594179550254346
0.1788400000000001 -0.5919834641351034
0.17712000000000006 -0.5789601269431325
0.1754 -0.5674226818971927
0.17368000000000008 -0.5934549064122305
0.17196000000000003 -0.6600161437433718
0.1702400000000001 -0.7054773435168041
0.16852000000000006 -0.7220550908759346
0.1668 -0.7545702147717034
0.1650800000000001 -0.7606456819612211
0.16336000000000003 -0.715293090788614
0.16164000000000012 -0.653049342761523
0.15992000000000006 -0.605781724642802
0.1582 -0.5838140347825124
0.1564800000000001 -0.5616166811709066
0.15476000000000004 -0.58928589442221
0.15304000000000012 -0.6738739538138403
0.15132000000000007 -0.7843073201047194
0.1496 -0.8894204108525198
0.1478800000000001 -0.9346897195556337
0.14616000000000004 -0.9733817970943077
0.14444000000000012 -0.9120843954884634
0.14272000000000007 -0.7392184893865305
0.14100000000000001 -0.5254492078833156
0.11004 -0.03132678867189205
0.10832000000000008 0.0
0.10660000000000003 -0.0014894999055823752
0.10488000000000011 -0.009705215371697318
0.10316000000000006 -0.026709290938558082
0.10144 -0.051219291899543114
0.09972000000000009 -0.06608712312861212
0.09800000000000003 -0.09227044808847122
0.09628000000000012 -0.1505753072989732
0.09456000000000006 -0.20961710176691709
0.09284 -0.2767126136938988
0.09112000000000009 -0.3298938834474016
0.08940000000000003 -0.35959694372182605
0.08768000000000012 -0.3880358598779519
0.08596000000000006 -0.44376747460957094
0.08424000000000001 -0.5270662813477635
0.0825200000000001 -0.6567879550613946
0.08080000000000004 -0.8715689791597648
0.07908000000000012 -1.026979347316404
0.07736000000000007 -1.0604802926225236
0.07564000000000001 -1.0908497404070077
0.0739200000000001 -1.1231970199921775
0.07220000000000004 -1.1433149312506212
0.07047999999999999 -1.1024645667300597
0.06876000000000007 -0.9973507122850884
0.06704000000000002 -0.8654311276037484
0.0653200000000001 -0.7337370561285581
0.06360000000000005 -0.6152892087750952
0.06187999999999999 -0.5083452907938141
0.060160000000000075 -0.42644816130285024
0.05844000000000002 -0.3599290943560091
0.056720000000000104 -0.30216564838613647
0.05500000000000005 -0.25030996227582986
0.053279999999999994 -0.2030583274384184
0.05156000000000008 -0.15557035275869505
