0.8393200000000001 -1.450967334774887
0.8376 -1.4911377955690805
0.83588 -1.521273452114466
0.8341600000000002 -1.5286110592402384
0.8324400000000001 -1.518533414748437
0.8307200000000001 -1.5043085247461574
0.829 -1.5309193876610923
0.82728 -1.5467442706566146
0.8255600000000002 -1.5800514526676521
0.8238400000000001 -1.6109280191407218
0.8221200000000001 -1.6177390500597
0.8204 -1.6829730416942583
0.81868 -1.718655077118646
0.8169600000000001 -1.7279231237679158
0.8152400000000002 -1.7476187730539627
0.81352 -1.8036314468165227
0.8118000000000001 -1.831123571169226
0.8100799999999999 -1.892333230051881
0.8083600000000002 -1.943058507524418
0.8066400000000001 -2.0179056957700094
0.8049200000000001 -2.0133633529823483
0.8032 -2.056617698389219
0.80148 -2.096681248670988
0.7997600000000002 -2.1348017121228953
0.7980400000000001 -2.151038910993581
0.7963200000000001 -2.2436616781104037
0.7946 -2.2914146177827277
0.79288 -2.2479489240016375
0.7911600000000002 -2.3108929711785766
0.7894400000000001 -2.335482244414028
0.7877200000000001 -2.2991014464490185
0.786 -2.343998095336558
0.78428 -2.2933236075900587
0.7825600000000001 -2.2261035908463733
0.7808400000000002 -2.203745261509584
0.77912 -2.180264165660061
0.7774000000000001 -2.0876519321291878
0.7756799999999999 -2.0408234312059874
0.7739600000000002 -1.9763285576542853
0.7722400000000001 -1.9495117389159358
0.7705200000000001 -1.9426316824464227
0.7688 -1.8601214075158463
0.76708 -1.841814436714328
0.7653600000000003 -1.7645541008342005
0.7636400000000001 -1.6989846104070583
0.7619200000000002 -1.684618543729552
0.7602 -1.6695735320534957
0.75848 -1.6003253668681323
0.7567600000000002 -1.590923440326176
0.7550400000000002 -1.5822786087378111
0.7533200000000001 -1.5258244838404493
0.7516 -1.4638073099288063
0.74988 -1.460702168783464
0.7481600000000002 -1.4413114154300009
0.7464400000000002 -1.4181348168205803
0.74472 -1.4045777032878866
0.7430000000000001 -1.3751916155195014
0.7412799999999999 -1.3538923267106184
0.7395600000000002 -1.3487539808932179
0.7378400000000002 -1.3663876612488461
0.7361200000000001 -1.374383840243895
0.7344 -1.3540023164495634
0.73268 -1.3071242354223909
0.7309599999999999 -1.3080138796021894
0.7292400000000001 -1.279762574046837
0.7275200000000002 -1.2715880260809185
0.7258 -1.2539356973081635
0.7240800000000001 -1.2702253187127894
0.7223599999999999 -1.2591211023140514
0.7206400000000002 -1.229889391997111
0.7189200000000001 -1.2499353594194111
0.7172000000000001 -1.2430648268584545
0.71548 -1.232542592960237
0.71376 -1.1994855400650373
0.7120400000000002 -1.2480351020913938
0.7103200000000001 -1.2807836794228493
0.7086000000000001 -1.2959141269270167
0.70688 -1.2741432436838511
0.70516 -1.2936106811811459
0.7034400000000002 -1.3042699384683145
0.7017200000000001 -1.2807836794228493
0.7000000000000001 -1.285549519304072
0.69828 -1.3666140921621628
0.69656 -1.4126862660797719
0.6948400000000001 -1.4431984831869216
0.6931200000000002 -1.4431984831869216
0.6914 -1.4537265211962447
0.6896800000000001 -1.4152119753322183
0.6879599999999999 -1.3966177620571583
0.6862400000000002 -1.40544369456566
0.6845200000000001 -1.4955346004386523
0.6828000000000001 -1.5421394951353131
0.68108 -1.533073877202637
0.67936 -1.5867674805550183
0.6776400000000002 -1.6396861481038019
0.6759200000000001 -1.6630256877324159
0.6742000000000001 -1.6848541252280886
0.67248 -1.7245534689852693
0.67076 -1.76853587250239
0.6690400000000002 -1.8174796905026795
0.6673200000000001 -1.8489761098918318
0.6656000000000001 -1.9157510038218422
0.66388 -1.9495117389159358
0.66216 -2.003436189749337
0.6604400000000001 -2.020449900362575
0.6587200000000002 -2.1090199899923077
0.657 -2.1629189859287474
0.6552800000000001 -2.1551948707647384
0.6535600000000001 -2.207654329142464
0.6518400000000001 -2.2402620953353463
0.6501200000000001 -2.237729758819951
0.6484000000000001 -2.1773247670829
0.64668 -2.1565890757563437
0.6449600000000001 -2.1334756210715025
0.64324 -2.0978994668103064
0.6415200000000001 -2.0179056957700094
0.6398000000000001 -1.9946917101336568
0.63808 -1.9325117414836568
0.6363600000000001 -1.8973010169637428
0.6346400000000001 -1.8344362835081074
0.63292 -1.7533747324241167
0.6312000000000001 -1.7230070181575263
0.62948 -1.6888786872488823
0.6277600000000001 -1.6732288464833658
0.62604 -1.6350389838198742
0.62432 -1.5890294360948962
0.6226 -1.5817207480549358
0.6208800000000001 -1.540277383804302
0.6191600000000002 -1.450967334774887
0.6174400000000001 -1.4189005434049073
0.61572 -1.4445514265923263
0.6140000000000001 -1.4517932516296448
0.61228 -1.4037134353769782
0.6105600000000001 -1.3739229280415424
0.60884 -1.3518077969650215
0.60712 -1.3317039215620228
0.6054000000000002 -1.2889454100532425
0.60368 -1.2235707779221985
0.6019600000000002 -1.2515832086567313
0.6002400000000001 -1.2398390125138656
0.59852 -1.2223505060266442
0.5968000000000001 -1.1782044996225485
0.59508 -1.1664758811744276
0.5933600000000001 -1.1744051293177935
0.59164 -1.1720834693583286
0.58992 -1.1250831960162027
0.5882000000000001 -1.1156409415433215
0.5864800000000001 -1.1221063483950928
0.5847600000000002 -1.134403459475177
0.5830400000000001 -1.1474689710281227
0.5813200000000001 -1.140214175904013
0.5796000000000001 -1.1515907464959132
0.5778800000000001 -1.1994855400650373
0.5761600000000001 -1.211440429243683
0.5744400000000001 -1.1827783923968271
0.57272 -1.165762167814287
0.5710000000000002 -1.18485991734921
0.56928 -1.213584705522802
0.5675600000000001 -1.2160597795881556
0.5658400000000001 -1.2151000123867057
0.5641200000000001 -1.237056955460135
0.5624000000000001 -1.2462289436073635
0.5606800000000001 -1.2384879105665836
0.55896 -1.2245494701265824
0.5572400000000001 -1.2158996710215852
0.55552 -1.2347939085539663
0.5538000000000001 -1.2920818101389728
0.5520800000000001 -1.3125896310849334
0.55036 -1.3290992928967478
0.5486400000000001 -1.3661613483297577
0.5469200000000001 -1.402974000779673
0.5452000000000001 -1.4209491060801767
0.5434800000000001 -1.4611242920779022
0.54176 -1.4660796211003766
0.5400400000000001 -1.5058662541131196
0.53832 -1.5258244838404493
0.5366000000000002 -1.5727090211128396
0.53488 -1.5756311144370587
0.5331600000000001 -1.6211850453587116
0.5314400000000001 -1.6948657476276292
0.5297200000000001 -1.792016968351913
0.5280000000000001 -1.872285310040752
0.5262800000000001 -1.9604848967283894
0.52456 -1.9937308812419592
0.5228400000000001 -2.04892113905105
0.52112 -2.057728426569862
0.5194000000000001 -2.1040423483173574
0.5176800000000001 -2.0701376845516823
0.51596 -2.070710254815109
0.5142400000000001 -2.068424489107562
0.5125200000000001 -2.0500123317906924
0.5108000000000001 -2.000501756410288
0.5090800000000001 -1.9512489191597915
0.50736 -1.8517357346301055
0.5056400000000001 -1.7869199086771725
0.4746800000000001 -1.1299809377431809
0.47296000000000005 -1.1109014130729642
0.4712400000000001 -1.1260583355963913
0.46952000000000005 -1.1603055120208579
0.4678 -1.184636419026118
0.4660800000000001 -1.1669046728649162
0.46436000000000005 -1.1433182205299235
0.46264000000000016 -1.1312963847034598
0.4609200000000001 -1.1234628132622422
0.45920000000000005 -1.0624809723502904
0.4574800000000001 -0.9957510829398916
0.45576000000000005 -0.9242140516079104
0.4540400000000001 -0.898455544401056
0.45232000000000006 -0.900928842315613
0.4506 -0.8765145375441632
0.4488800000000001 -0.8604037377594336
0.44716000000000006 -0.8140394639141187
0.44544 -0.7796484911093035
0.4437200000000001 -0.7781561190194095
0.44200000000000006 -0.774259249391077
0.4402800000000001 -0.8029814210995079
0.43856000000000006 -0.8183119791431559
0.43684 -0.808021284683317
0.43512000000000006 -0.8115716952294482
0.4334 -0.8288524439917837
0.4316800000000001 -0.8148969691114509
0.42996000000000006 -0.803507557361424
0.42824 -0.7737384431544957
0.4265200000000001 -0.7344776472431309
0.42480000000000007 -0.7401679888053285
0.4230800000000001 -0.7644125676793212
0.42136000000000007 -0.766824926828301
0.41964 -0.7925903741651138
0.41792000000000007 -0.8010063699557775
0.4162 -0.81658515984265
0.4144800000000001 -0.8706556853072437
0.41276000000000007 -0.9292728920150408
0.41104 -0.9829719038496897
0.40932000000000013 -1.0356661734735386
0.4076000000000001 -1.0844467922539767
0.40588000000000013 -1.1517288150018936
0.4041600000000001 -1.246572395172834
0.40244 -1.3418534268699684
0.4007200000000001 -1.4160994552420811
0.399 -1.517730800434056
0.39728000000000013 -1.6057907178684487
0.3955600000000001 -1.6898310878101832
0.39384 -1.7777765292373027
0.39212000000000014 -1.8531221507537425
0.3904000000000001 -1.901161437776981
0.38868000000000014 -2.0376261567758394
0.3869600000000001 -2.031824929896889
0.38524 -2.046746944362925
0.3835200000000001 -2.089442839747069
0.38180000000000003 -2.0701376845516823
0.38008 -2.0098629755145954
0.3783600000000001 -1.9246640765458218
0.37664000000000003 -1.8755630198019877
0.37492000000000014 -1.7824716504456826
0.3732000000000001 -1.6684375270063379
0.37148000000000003 -1.6087471246691083
0.3697600000000001 -1.5416308542629185
0.36804000000000003 -1.4815891983475515
0.3663200000000001 -1.401744400632411
0.36460000000000004 -1.337595603727427
0.36288 -1.2419585603124499
0.3611600000000001 -1.1900323819172562
0.35944000000000004 -1.1373324952870547
0.35772000000000015 -1.074566071607405
0.3560000000000001 -1.0224447787059832
0.35428000000000004 -0.9797072177574432
0.3525600000000001 -0.9411410894786961
0.35084000000000004 -0.9391897728371712
0.3491200000000001 -0.922948302680259
0.34740000000000004 -0.9035722468934223
0.34568 -0.8724667574977064
0.3439600000000001 -0.8426608499268997
0.34224000000000004 -0.8039413251613879
0.34052000000000016 -0.7516948873700193
0.3388000000000001 -0.7260536241276774
0.33708000000000005 -0.7082854765632793
0.3353600000000001 -0.6563102329762719
0.33364000000000005 -0.6313358940480494
0.3319200000000001 -0.6310443373694744
0.33020000000000005 -0.6391979740141447
0.32848 -0.6291125208723738
0.3267600000000001 -0.6527502420830146
0.32504000000000005 -0.6646646638642528
0.32332000000000016 -0.650676087081972
0.3216000000000001 -0.6394738310710212
0.31988000000000005 -0.6287603201998877
0.3181600000000001 -0.5983900050115304
0.31644000000000005 -0.5703311097102373
0.31472 -0.552439451775125
0.31300000000000006 -0.5490306244673824
0.31128 -0.5290388221467189
0.3095600000000001 -0.5550006406250083
0.30784000000000006 -0.5439244441436701
0.30612 -0.5335060606703651
0.3044000000000001 -0.4967553868557116
0.30268000000000006 -0.48542814318563293
0.3009600000000001 -0.4934822729978145
0.29924000000000006 -0.47680491041081824
0.29752 -0.4767903154657829
0.29580000000000006 -0.4540865064411198
0.29408 -0.43601768407658864
0.2923600000000001 -0.4107765030865524
0.29064000000000006 -0.3836238771447478
0.28892 -0.37347400912392237
0.2872000000000001 -0.36841843028028537
0.28548000000000007 -0.34241002262464143
0.2837600000000001 -0.3227473728195327
0.28204000000000007 -0.3164264814087251
0.28032 -0.32212339373615645
0.27860000000000007 -0.31729496967498644
0.27688 -0.3414471344571577
0.2751600000000001 -0.37301406099450796
0.27344000000000007 -0.41262331116454914
0.27172 -0.4383758499532333
0.27000000000000013 -0.4703725174900119
0.2682800000000001 -0.5087785761502314
0.26656000000000013 -0.5286110592402385
0.2648400000000001 -0.5425977818138151
0.26312 -0.5604341181782756
0.2614000000000001 -0.5852285589535595
0.25968 -0.6016269011899466
0.25795999999999997 -0.582185582180338
0.2562400000000001 -0.5676062148604603
0.25452 -0.5654886639166083
0.25280000000000014 -0.5383223137570065
0.2510800000000001 -0.5284466471686541
0.24936 -0.5405984513139607
0.24764000000000008 -0.5471044746354762
0.24592000000000003 -0.5554902032797439
0.2442000000000001 -0.5707476644277901
0.24248000000000006 -0.5865419316110221
0.24076 -0.6308153943549982
0.23904000000000009 -0.6648671583809186
0.23732000000000003 -0.6991794049749812
0.23560000000000011 -0.7290434809133343
0.23388000000000006 -0.7786822531983266
0.23216 -0.8457216694383661
0.2304400000000001 -0.906742150854592
0.22872000000000003 -0.9775751381105849
0.22700000000000012 -1.020245814606045
0.22528000000000006 -1.055841875451416
0.22356 -1.1082696970065524
0.2218400000000001 -1.1548470177370083
0.22012000000000004 -1.2042904173909623
0.21840000000000012 -1.258855938279008
0.21668000000000007 -1.348428056313641
0.21496 -1.452068906657562
0.2132400000000001 -1.4383624909510357
0.21152000000000004 -1.5519186108389393
0.20980000000000013 -1.5297636898213975
0.20808000000000007 -1.3709388633073654
0.20636000000000002 -1.2167809994858234
0.2046400000000001 -1.083855834914319
0.20292000000000004 -1.0053049719684326
0.20120000000000013 -0.9527310055509564
0.19948000000000007 -0.9768359919146729
0.19776000000000002 -1.0029947587624217
0.1960400000000001 -1.014519662409282
0.19432000000000005 -1.031510717066178
0.1926 -1.0996107335182823
0.19088000000000008 -1.138268619244063
0.18916000000000002 -1.1489757504298075
0.1874400000000001 -1.1584783804375913
0.18572000000000005 -1.1664044570344914
0.184 -1.1646226604845196
0.18228000000000008 -1.1319556053550839
0.18056000000000003 -1.0664342654128827
0.1788400000000001 -1.0362479478162687
0.17712000000000006 -1.026358759973095
0.1754 -0.9931554026039956
0.17368000000000008 -0.9046263128530214
0.17196000000000003 -0.8170641435483142
0.1702400000000001 -0.7545904704112892
0.16852000000000006 -0.7272730795185752
0.1668 -0.7149520240021933
0.1650800000000001 -0.7124337838379274
0.16336000000000003 -0.7155585806397614
0.16164000000000012 -0.7357475150540239
0.15992000000000006 -0.7941029644441463
0.1582 -0.9323450577426342
0.1564800000000001 -1.0727202163355538
0.15476000000000004 -1.1350674169228034
0.15304000000000012 -1.1906360928494375
0.15132000000000007 -1.207261835232421
0.1496 -1.247002091934813
0.1478800000000001 -1.2383193179860879
0.14616000000000004 -1.147879392682769
0.14444000000000012 -1.00279871114284
0.14272000000000007 -0.8240856697538965
0.14100000000000001 -0.6143402150761189
0.11004 -0.10682902210197597
0.10832000000000008 -0.08549476210594364
0.10660000000000003 -0.05337952520020535
0.10488000000000011 -0.021093398072175272
0.10316000000000006 -0.008863058796770932
0.10144 0.0
0.09972000000000009 -0.014097001141332726
0.09800000000000003 -0.015174593020581276
0.09628000000000012 -0.010550820839807164
0.09456000000000006 -0.025893416713247606
0.09284 -0.03125951037919534
0.09112000000000009 -0.04246851847523586
0.08940000000000003 -0.06971446801423532
0.08768000000000012 -0.08492013778519786
0.08596000000000006 -0.11517734857995318
0.08424000000000001 -0.14220901455986773
0.0825200000000001 -0.17863768914007938
0.08080000000000004 -0.2120112018633871
0.07908000000000012 -0.24914833531990332
0.07736000000000007 -0.29357239373671457
0.07564000000000001 -0.31747696629428335
0.0739200000000001 -0.3085188214360678
0.07220000000000004 -0.28828301502923914
0.07047999999999999 -0.26382362353659516
0.06876000000000007 -0.2426900826164284
0.06704000000000002 -0.23638519278651862
0.0653200000000001 -0.21821899549555862
0.06360000000000005 -0.1951756126054575
0.06187999999999999 -0.1836320974778265
0.060160000000000075 -0.1611231802475389
0.05844000000000002 -0.14214147159920293
0.056720000000000104 -0.11850329012418825
0.05500000000000005 -0.10353534882189802
0.053279999999999994 -0.0836078724242026
0.05156000000000008 -0.06524449438372863
