0.8393200000000001 -1.7524942331681974
0.8376 -1.7184751458787664
0.83588 -1.7408559257561231
0.8341600000000002 -1.7204627671142798
0.8324400000000001 -1.7408559257561231
0.8307200000000001 -1.7688846493563666
0.829 -1.7836079061770729
0.82728 -1.7801656597660558
0.8255600000000002 -1.7622540704573535
0.8238400000000001 -1.8084992584099906
0.8221200000000001 -1.7894063165009684
0.8204 -1.8221301613095917
0.81868 -1.79884787273381
0.8169600000000001 -1.8208731575900892
0.8152400000000002 -1.8121745509950433
0.81352 -1.865794662364423
0.8118000000000001 -1.8770756727741122
0.8100799999999999 -1.8644049188364173
0.8083600000000002 -1.850746734051763
0.8066400000000001 -1.936703382446058
0.8049200000000001 -1.9334379950182907
0.8032 -1.9097001480635047
0.80148 -1.9285854922238785
0.7997600000000002 -1.9433087490445848
0.7980400000000001 -1.9416479650631204
0.7963200000000001 -1.9761338904024346
0.7946 -1.9551155397629278
0.79288 -1.9690141492794868
0.7911600000000002 -1.9585487156013217
0.7894400000000001 -2.003923399189743
0.7877200000000001 -1.9637499092871296
0.786 -1.9797380146712598
0.78428 -1.9779322138079976
0.7825600000000001 -2.0234895225343363
0.7808400000000002 -2.0195051415427474
0.77912 -2.043978910925948
0.7774000000000001 -2.0398029702718117
0.7756799999999999 -2.025495505231935
0.7739600000000002 -2.050319088956967
0.7722400000000001 -2.052453218469653
0.7705200000000001 -2.0460820360137126
0.7688 -2.029535483033675
0.76708 -2.002014409382412
0.7653600000000003 -1.9654975755566495
0.7636400000000001 -1.9517092910710163
0.7619200000000002 -1.9551155397629278
0.7602 -1.8857329923066106
0.75848 -1.9383453295130348
0.7567600000000002 -1.922198693562478
0.7550400000000002 -1.9285854922238785
0.7533200000000001 -1.9350676197517989
0.7516 -1.865794662364423
0.74988 -1.8336099789930218
0.7481600000000002 -1.8146421399170418
0.7464400000000002 -1.8467316563149268
0.74472 -1.8588899941651145
0.7430000000000001 -1.8196197815919921
0.7412799999999999 -1.8246551363400954
0.7395600000000002 -1.7929228902238055
0.7378400000000002 -1.8012406858497
0.7361200000000001 -1.7964681709884551
0.7344 -1.7929228902238055
0.73268 -1.753567891272261
0.7309599999999999 -1.7398132014091083
0.7292400000000001 -1.7356671605471976
0.7275200000000002 -1.797656391926391
0.7258 -1.760066184309178
0.7240800000000001 -1.7568048837626835
0.7223599999999999 -1.728505487369694
0.7206400000000002 -1.7546442102417565
0.7189200000000001 -1.6583812713269386
0.7172000000000001 -1.6733129871205725
0.71548 -1.689703403308742
0.71376 -1.6887764136677825
0.7120400000000002 -1.7077029153795427
0.7103200000000001 -1.722459526870355
0.7086000000000001 -1.719467819412444
0.70688 -1.7077029153795427
0.70516 -1.6715294343801552
0.7034400000000002 -1.6915633396928658
0.7017200000000001 -1.6679841536155056
0.7000000000000001 -1.6592455392378465
0.69828 -1.650679295407035
0.69656 -1.6823423036623728
0.6948400000000001 -1.6489861373875903
0.6931200000000002 -1.6787080190072787
0.6914 -1.6549412970495299
0.6896800000000001 -1.6549412970495299
0.6879599999999999 -1.6733129871205725
0.6862400000000002 -1.6823423036623728
0.6845200000000001 -1.6751038947384533
0.6828000000000001 -1.7377352334165705
0.68108 -1.7274919641981417
0.67936 -1.6962483309932177
0.6776400000000002 -1.7115892454019344
0.6759200000000001 -1.729521381357842
0.6742000000000001 -1.7429489152619668
0.67248 -1.7366999659849653
0.67076 -1.7408559257561231
0.6690400000000002 -1.7722382913639545
0.6673200000000001 -1.7711175307886586
0.6656000000000001 -1.7471653996631302
0.66388 -1.7633521607564056
0.66216 -1.7164965798966785
0.6604400000000001 -1.7387729746078306
0.6587200000000002 -1.719467819412444
0.657 -1.7589763606961177
0.6552800000000001 -1.7611587496197507
0.6535600000000001 -1.7778858934711572
0.6518400000000001 -1.7824574565456406
0.6501200000000001 -1.7524942331681974
0.6484000000000001 -1.7778858934711572
0.64668 -1.7514232228056719
0.6449600000000001 -1.8134065929047347
0.64324 -1.728505487369694
0.6415200000000001 -1.79884787273381
0.6398000000000001 -1.8196197815919921
0.63808 -1.8454015037225797
0.6363600000000001 -1.8945664049344475
0.6346400000000001 -1.8547992780629599
0.63292 -1.8785066278805609
0.6312000000000001 -1.8134065929047347
0.62948 -1.9066309163358282
0.6277600000000001 -1.860262173764462
0.62604 -1.8785066278805609
0.62432 -1.863019608309651
0.6226 -1.8146421399170418
0.6208800000000001 -1.7941014377093483
0.6191600000000002 -1.7836079061770729
0.6174400000000001 -1.7315603263325543
0.61572 -1.692496303492912
0.6140000000000001 -1.6532314740461072
0.61228 -1.6025532275898415
0.6105600000000001 -1.6071328251945944
0.60884 -1.5753319637499905
0.60712 -1.5430454170072057
0.6054000000000002 -1.549716738387782
0.60368 -1.519216021771059
0.6019600000000002 -1.5160938337597047
0.6002400000000001 -1.473458531210384
0.59852 -1.4568592693909224
0.5968000000000001 -1.437223798389606
0.59508 -1.3896023801527726
0.5933600000000001 -1.4071568133387737
0.59164 -1.3985281623164176
0.58992 -1.405706746943541
0.5882000000000001 -1.432065846052159
0.5864800000000001 -1.4557748880987023
0.5847600000000002 -1.5074692627460096
0.5830400000000001 -1.5167164782848563
0.5813200000000001 -1.5248931546627496
0.5796000000000001 -1.542383886823085
0.5778800000000001 -1.5724887818644508
0.5761600000000001 -1.5839749252534967
0.5744400000000001 -1.6227566136781286
0.57272 -1.613315057445287
0.5710000000000002 -1.6211686978984967
0.56928 -1.6688677642598972
0.5675600000000001 -1.6356733867820767
0.5658400000000001 -1.6540855440989466
0.5641200000000001 -1.6549412970495299
0.5624000000000001 -1.6464587132889232
0.5606800000000001 -1.6532314740461072
0.55896 -1.6439459127480667
0.5572400000000001 -1.6724202951682314
0.55552 -1.6523790802849294
0.5538000000000001 -1.6439459127480667
0.5520800000000001 -1.6523790802849294
0.55036 -1.6523790802849294
0.5486400000000001 -1.6742075177806022
0.5469200000000001 -1.6688677642598972
0.5452000000000001 -1.6906323758167536
0.5434800000000001 -1.6715294343801552
0.54176 -1.6706403972592456
0.5400400000000001 -1.6431115330833415
0.53832 -1.6688677642598972
0.5366000000000002 -1.6549412970495299
0.53488 -1.6609792520468472
0.5331600000000001 -1.667102337105636
0.5314400000000001 -1.648142027341675
0.5297200000000001 -1.6414475675155917
0.5280000000000001 -1.6575187199373407
0.5262800000000001 -1.6259499698444788
0.52456 -1.6109863951267045
0.5228400000000001 -1.6102129408138048
0.52112 -1.621961930049435
0.5194000000000001 -1.6971914247012918
0.5176800000000001 -1.644781898534408
0.51596 -1.6498318912710497
0.5142400000000001 -1.677804180009034
0.5125200000000001 -1.700984413718431
0.5108000000000001 -1.710614397670724
0.5090800000000001 -1.7057727145049053
0.50736 -1.710614397670724
0.5056400000000001 -1.7077029153795427
0.4746800000000001 -1.722459526870355
0.47296000000000005 -1.728505487369694
0.4712400000000001 -1.7164965798966785
0.46952000000000005 -1.7096417332509293
0.4678 -1.700984413718431
0.4660800000000001 -1.6953072808267404
0.46436000000000005 -1.692496303492912
0.46264000000000016 -1.6981365708456047
0.4609200000000001 -1.7234613600295006
0.45920000000000005 -1.708671242384722
0.4574800000000001 -1.702893403525762
0.45576000000000005 -1.667102337105636
0.4540400000000001 -1.6860072577487781
0.45232000000000006 -1.6592455392378465
0.4506 -1.6760021256313538
0.4488800000000001 -1.6172241250781676
0.44716000000000006 -1.6048369899877948
0.44544 -1.605600920671847
0.4437200000000001 -1.624350356684686
0.44200000000000006 -1.5905719303067274
0.4402800000000001 -1.6125374484964425
0.43856000000000006 -1.5661588716920471
0.43684 -1.5261648817263869
0.43512000000000006 -1.5068597265310002
0.4334 -1.49662639626241
0.4316800000000001 -1.4843093193786976
0.42996000000000006 -1.4723319560471297
0.42824 -1.466742503323018
0.4265200000000001 -1.4346371648832164
0.42480000000000007 -1.4413947258325923
0.4230800000000001 -1.415960381309094
0.42136000000000007 -1.4541533760149974
0.41964 -1.4341216817581235
0.41792000000000007 -1.4351532605849537
0.4162 -1.4450774388428154
0.4144800000000001 -1.4295096616161658
0.41276000000000007 -1.4164547404767633
0.41104 -1.444549421170596
0.40932000000000013 -1.414973347970818
0.4076000000000001 -1.414480671251046
0.40588000000000013 -1.4037808259075024
0.4041600000000001 -1.3799458847991195
0.40244 -1.3621261756371403
0.4007200000000001 -1.3504983605841718
0.399 -1.3146262775962085
0.39728000000000013 -1.3301597855510103
0.3955600000000001 -1.3197426288081548
0.39384 -1.294743128328554
0.39212000000000014 -1.3038069943238135
0.3904000000000001 -1.275730569643627
0.38868000000000014 -1.2899113897751109
0.3869600000000001 -1.275730569643627
0.38524 -1.2840374949000883
0.3835200000000001 -1.2862309060367432
0.38180000000000003 -1.2743019680860093
0.38008 -1.283308812712524
0.3783600000000001 -1.3068708128994462
0.37664000000000003 -1.3245195181983176
0.37492000000000014 -1.3346433911180955
0.3732000000000001 -1.335463588683699
0.37148000000000003 -1.3504983605841718
0.3697600000000001 -1.3500736226707057
0.36804000000000003 -1.3651923117952378
0.3663200000000001 -1.3603837681568836
0.36460000000000004 -1.3517750723764395
0.36288 -1.3808563557445395
0.3611600000000001 -1.3831409190447996
0.35944000000000004 -1.3845174478736029
0.35772000000000015 -1.3621261756371403
0.3560000000000001 -1.3496492997430538
0.35428000000000004 -1.3321920516923125
0.3525600000000001 -1.3049533948537244
0.35084000000000004 -1.3181619374111142
0.3491200000000001 -1.3161941294141863
0.34740000000000004 -1.309569500121408
0.34568 -1.3273304955321459
0.3439600000000001 -1.309569500121408
0.34224000000000004 -1.2928784003374958
0.34052000000000016 -1.3103436437878928
0.3388000000000001 -1.3281369850524956
0.33708000000000005 -1.359081534851639
0.3353600000000001 -1.3616899179591673
0.33364000000000005 -1.3651923117952378
0.3319200000000001 -1.3509235142959557
0.33020000000000005 -1.3573512756629573
0.32848 -1.364314061785316
0.3267600000000001 -1.3736254793321006
0.32504000000000005 -1.3914663078289309
0.32332000000000016 -1.3900676126363658
0.3216000000000001 -1.3678377685959162
0.31988000000000005 -1.373177522116621
0.3181600000000001 -1.3813123079983916
0.31644000000000005 -1.3900676126363658
0.31472 -1.3638756018975906
0.31300000000000006 -1.3517750723764395
0.31128 -1.372730026474861
0.3095600000000001 -1.3763229692583314
0.30784000000000006 -1.3849772620847969
0.30612 -1.3909995754015232
0.3044000000000001 -1.4052244654038029
0.30268000000000006 -1.4330925474331735
0.3009600000000001 -1.4052244654038029
0.29924000000000006 -1.4120256365511394
0.29752 -1.406189564649637
0.29580000000000006 -1.3905333440288845
0.29408 -1.4134969913697928
0.2923600000000001 -1.4018634078617807
0.29064000000000006 -1.3942772851627592
0.28892 -1.3891376455103481
0.2872000000000001 -1.3346433911180955
0.28548000000000007 -1.2822180767304738
0.2837600000000001 -1.2410235035570891
0.28204000000000007 -1.2354450315485836
0.28032 -1.2110382632735095
0.27860000000000007 -1.1994807252638284
0.27688 -1.169337458569261
0.2751600000000001 -1.1398411683428107
0.27344000000000007 -1.103231510405379
0.27172 -1.0600063563600988
0.27000000000000013 -1.0530955076898572
0.2682800000000001 -1.0393875761876292
0.26656000000000013 -1.0503190889569671
0.2648400000000001 -1.0643821564203868
0.26312 -1.064602108049248
0.2614000000000001 -1.0688024946509802
0.25968 -1.1109956408871582
0.25795999999999997 -1.1234119948941719
0.2562400000000001 -1.1354161937767802
0.25452 -1.157188568989666
0.25280000000000014 -1.1612921694284433
0.2510800000000001 -1.154474219641975
0.24936 -1.150434241840235
0.24764000000000008 -1.1356752420886083
0.24592000000000003 -1.1440474431788343
0.2442000000000001 -1.134381542943395
0.24248000000000006 -1.1095292540739718
0.24076 -1.0930123452236928
0.23904000000000009 -1.07823428635557
0.23732000000000003 -1.0628456062336094
0.23560000000000011 -1.065483030221273
0.23388000000000006 -1.0604419576823783
0.23216 -1.0446087797555776
0.2304400000000001 -1.0220908273417715
0.22872000000000003 -1.014967842455608
0.22700000000000012 -1.013400697834392
0.22528000000000006 -1.0238899785165165
0.22356 -1.0206966223501661
0.2218400000000001 -1.0195051415427474
0.22012000000000004 -1.0317735949445432
0.21840000000000012 -1.0541681051278835
0.21668000000000007 -1.066807772931935
0.21496 -1.0676931850263898
0.2132400000000001 -1.0595711915121633
0.21152000000000004 -1.0832577275378261
0.20980000000000013 -1.064602108049248
0.20808000000000007 -1.0456605954353682
0.20636000000000002 -1.0064176973051038
0.2046400000000001 -0.9779322138079974
0.20292000000000004 -0.9388391265894316
0.20120000000000013 -0.9143450531092683
0.19948000000000007 -0.9016136303909184
0.19776000000000002 -0.8706940880136054
0.1960400000000001 -0.8265585483653145
0.19432000000000005 -0.7663309482533299
0.1926 -0.7085743124698226
0.19088000000000008 -0.6478891139217912
0.18916000000000002 -0.6229953025997198
0.1874400000000001 -0.5801363932122855
0.18572000000000005 -0.5634443048295696
0.184 -0.5464349848409827
0.18228000000000008 -0.5362142679841347
0.18056000000000003 -0.5239417972573344
0.1788400000000001 -0.5287836224734234
0.17712000000000006 -0.5235618370564549
0.1754 -0.5191533575357721
0.17368000000000008 -0.5144791234011923
0.17196000000000003 -0.5261012068517178
0.1702400000000001 -0.5243220901729682
0.16852000000000006 -0.5430454170072055
0.1668 -0.5471695493739019
0.1650800000000001 -0.5447036644663027
0.16336000000000003 -0.5522789551523821
0.16164000000000012 -0.5543124900769308
0.15992000000000006 -0.5595759014915164
0.1582 -0.5802806291757179
0.1564800000000001 -0.6656073460186847
0.15476000000000004 -0.8218784693396939
0.15304000000000012 -1.0248927369437744
0.15132000000000007 -1.1531233803510161
0.1496 -1.2847674017641741
0.1478800000000001 -1.3193469162687927
0.14616000000000004 -1.3868214027831671
0.14444000000000012 -1.4403482325987549
0.14272000000000007 -1.473458531210384
0.14100000000000001 -1.5160938337597047
0.11004 -0.34744947884455685
0.10832000000000008 -0.2703973734964118
0.10660000000000003 -0.2855351265417301
0.10488000000000011 -0.33447953732181
0.10316000000000006 -0.3926821648230802
0.10144 -0.45108908336558934
0.09972000000000009 -0.5035224839126214
0.09800000000000003 -0.5252742819201218
0.09628000000000012 -0.5327739080841731
0.09456000000000006 -0.5154099542538579
0.09284 -0.48843469767448394
0.09112000000000009 -0.5093642800308344
0.08940000000000003 -0.569875307956561
0.08768000000000012 -0.7362865490266612
0.08596000000000006 -0.9632269778790924
0.08424000000000001 -1.1422021831200722
0.0825200000000001 -1.2058297308670192
0.08080000000000004 -1.1985812541478909
0.07908000000000012 -1.154474219641975
0.07736000000000007 -1.1198994842702181
0.07564000000000001 -1.041677176171239
0.0739200000000001 -0.9527283634554694
0.07220000000000004 -0.9098541805112635
0.07047999999999999 -0.8451359613835805
0.06876000000000007 -0.784992480618359
0.06704000000000002 -0.7102250704533435
0.0653200000000001 -0.6521236880506344
0.06360000000000005 -0.5941317410729476
0.06187999999999999 -0.5460348363342624
0.060160000000000075 -0.48240514866692186
0.05844000000000002 -0.43221969661121135
0.056720000000000104 -0.37940051702309524
0.05500000000000005 -0.3180830536615732
0.053279999999999994 -0.26859890406928705
0.05156000000000008 -0.21871903748628535
