1.043000000000000000e+03 0.000000000000000000e+00
1.042000000000000000e+03 0.000000000000000000e+00
1.041000000000000000e+03 0.000000000000000000e+00
1.040000000000000000e+03 0.000000000000000000e+00
1.039000000000000000e+03 0.000000000000000000e+00
1.038000000000000000e+03 0.000000000000000000e+00
1.037000000000000000e+03 0.000000000000000000e+00
1.036000000000000000e+03 0.000000000000000000e+00
1.035000000000000000e+03 0.000000000000000000e+00
1.034000000000000000e+03 0.000000000000000000e+00
1.033000000000000000e+03 0.000000000000000000e+00
1.032000000000000000e+03 0.000000000000000000e+00
1.031000000000000000e+03 0.000000000000000000e+00
1.030000000000000000e+03 0.000000000000000000e+00
1.029000000000000000e+03 0.000000000000000000e+00
1.028000000000000000e+03 0.000000000000000000e+00
1.027000000000000000e+03 0.000000000000000000e+00
1.026000000000000000e+03 0.000000000000000000e+00
1.025000000000000000e+03 0.000000000000000000e+00
1.024000000000000000e+03 0.000000000000000000e+00
1.023000000000000000e+03 0.000000000000000000e+00
1.022000000000000000e+03 0.000000000000000000e+00
1.021000000000000000e+03 0.000000000000000000e+00
1.020000000000000000e+03 0.000000000000000000e+00
1.019000000000000000e+03 0.000000000000000000e+00
1.018000000000000000e+03 0.000000000000000000e+00
1.017000000000000000e+03 0.000000000000000000e+00
1.016000000000000000e+03 0.000000000000000000e+00
1.015000000000000000e+03 0.000000000000000000e+00
1.014000000000000000e+03 0.000000000000000000e+00
1.013000000000000000e+03 0.000000000000000000e+00
1.012000000000000000e+03 0.000000000000000000e+00
1.011000000000000000e+03 0.000000000000000000e+00
1.010000000000000000e+03 0.000000000000000000e+00
1.009000000000000000e+03 0.000000000000000000e+00
1.008000000000000000e+03 0.000000000000000000e+00
1.007000000000000000e+03 0.000000000000000000e+00
1.006000000000000000e+03 0.000000000000000000e+00
1.005000000000000000e+03 0.000000000000000000e+00
1.004000000000000000e+03 0.000000000000000000e+00
1.003000000000000000e+03 0.000000000000000000e+00
1.002000000000000000e+03 0.000000000000000000e+00
1.001000000000000000e+03 0.000000000000000000e+00
1.000000000000000000e+03 0.000000000000000000e+00
9.990000000000000000e+02 0.000000000000000000e+00
9.980000000000000000e+02 0.000000000000000000e+00
9.970000000000000000e+02 0.000000000000000000e+00
9.960000000000000000e+02 0.000000000000000000e+00
9.950000000000000000e+02 0.000000000000000000e+00
9.940000000000000000e+02 0.000000000000000000e+00
9.930000000000000000e+02 0.000000000000000000e+00
9.920000000000000000e+02 0.000000000000000000e+00
9.910000000000000000e+02 0.000000000000000000e+00
9.900000000000000000e+02 0.000000000000000000e+00
9.890000000000000000e+02 0.000000000000000000e+00
9.880000000000000000e+02 0.000000000000000000e+00
9.870000000000000000e+02 0.000000000000000000e+00
9.860000000000000000e+02 0.000000000000000000e+00
9.850000000000000000e+02 0.000000000000000000e+00
9.840000000000000000e+02 0.000000000000000000e+00
9.830000000000000000e+02 0.000000000000000000e+00
9.820000000000000000e+02 0.000000000000000000e+00
9.810000000000000000e+02 0.000000000000000000e+00
9.800000000000000000e+02 0.000000000000000000e+00
9.790000000000000000e+02 0.000000000000000000e+00
9.780000000000000000e+02 0.000000000000000000e+00
9.770000000000000000e+02 0.000000000000000000e+00
9.760000000000000000e+02 1.000000000000000000e+00
9.750000000000000000e+02 4.000000000000000000e+00
9.740000000000000000e+02 1.500000000000000000e+01
9.730000000000000000e+02 4.000000000000000000e+01
9.720000000000000000e+02 4.040000000000000000e+02
9.710000000000000000e+02 3.226000000000000000e+03
9.700000000000000000e+02 2.367000000000000000e+03
9.690000000000000000e+02 1.496000000000000000e+03
9.680000000000000000e+02 7.260000000000000000e+02
9.670000000000000000e+02 2.580000000000000000e+02
9.660000000000000000e+02 9.500000000000000000e+01
9.650000000000000000e+02 9.500000000000000000e+01
9.640000000000000000e+02 6.900000000000000000e+01
9.630000000000000000e+02 6.300000000000000000e+01
9.620000000000000000e+02 6.200000000000000000e+01
9.610000000000000000e+02 4.900000000000000000e+01
9.600000000000000000e+02 3.900000000000000000e+01
9.590000000000000000e+02 3.400000000000000000e+01
9.580000000000000000e+02 4.100000000000000000e+01
9.570000000000000000e+02 2.700000000000000000e+01
9.560000000000000000e+02 3.500000000000000000e+01
9.550000000000000000e+02 2.400000000000000000e+01
9.540000000000000000e+02 2.100000000000000000e+01
9.530000000000000000e+02 1.100000000000000000e+01
9.520000000000000000e+02 1.500000000000000000e+01
9.510000000000000000e+02 1.600000000000000000e+01
9.500000000000000000e+02 9.000000000000000000e+00
9.490000000000000000e+02 1.100000000000000000e+01
9.480000000000000000e+02 1.300000000000000000e+01
9.470000000000000000e+02 1.100000000000000000e+01
9.460000000000000000e+02 1.000000000000000000e+01
9.450000000000000000e+02 6.000000000000000000e+00
9.440000000000000000e+02 1.000000000000000000e+00
9.430000000000000000e+02 4.000000000000000000e+00
9.420000000000000000e+02 3.000000000000000000e+00
9.410000000000000000e+02 0.000000000000000000e+00
9.400000000000000000e+02 1.000000000000000000e+00
9.390000000000000000e+02 3.000000000000000000e+00
9.380000000000000000e+02 0.000000000000000000e+00
9.370000000000000000e+02 0.000000000000000000e+00
9.360000000000000000e+02 0.000000000000000000e+00
9.350000000000000000e+02 1.000000000000000000e+00
9.340000000000000000e+02 0.000000000000000000e+00
9.330000000000000000e+02 0.000000000000000000e+00
9.320000000000000000e+02 0.000000000000000000e+00
9.310000000000000000e+02 0.000000000000000000e+00
9.300000000000000000e+02 3.000000000000000000e+00
9.290000000000000000e+02 0.000000000000000000e+00
9.280000000000000000e+02 2.000000000000000000e+00
9.270000000000000000e+02 3.000000000000000000e+00
9.260000000000000000e+02 7.000000000000000000e+00
9.250000000000000000e+02 4.000000000000000000e+00
9.240000000000000000e+02 1.000000000000000000e+01
9.230000000000000000e+02 1.400000000000000000e+01
9.220000000000000000e+02 1.400000000000000000e+01
9.210000000000000000e+02 2.400000000000000000e+01
9.200000000000000000e+02 4.300000000000000000e+01
9.190000000000000000e+02 3.100000000000000000e+01
9.180000000000000000e+02 4.100000000000000000e+01
9.170000000000000000e+02 6.100000000000000000e+01
9.160000000000000000e+02 5.900000000000000000e+01
9.150000000000000000e+02 4.200000000000000000e+01
9.140000000000000000e+02 8.500000000000000000e+01
9.130000000000000000e+02 1.250000000000000000e+02
9.120000000000000000e+02 1.040000000000000000e+02
9.110000000000000000e+02 1.300000000000000000e+02
9.100000000000000000e+02 1.280000000000000000e+02
9.090000000000000000e+02 1.600000000000000000e+02
9.080000000000000000e+02 2.160000000000000000e+02
9.070000000000000000e+02 2.200000000000000000e+02
9.060000000000000000e+02 2.090000000000000000e+02
9.050000000000000000e+02 2.290000000000000000e+02
9.040000000000000000e+02 3.060000000000000000e+02
9.030000000000000000e+02 2.980000000000000000e+02
9.020000000000000000e+02 3.540000000000000000e+02
9.010000000000000000e+02 4.480000000000000000e+02
9.000000000000000000e+02 3.930000000000000000e+02
8.990000000000000000e+02 3.580000000000000000e+02
8.980000000000000000e+02 4.160000000000000000e+02
8.970000000000000000e+02 4.930000000000000000e+02
8.960000000000000000e+02 5.180000000000000000e+02
8.950000000000000000e+02 5.770000000000000000e+02
8.940000000000000000e+02 3.950000000000000000e+02
8.930000000000000000e+02 3.650000000000000000e+02
8.920000000000000000e+02 5.380000000000000000e+02
8.910000000000000000e+02 6.570000000000000000e+02
8.900000000000000000e+02 5.000000000000000000e+02
8.890000000000000000e+02 3.570000000000000000e+02
8.880000000000000000e+02 3.550000000000000000e+02
8.870000000000000000e+02 4.380000000000000000e+02
8.860000000000000000e+02 4.770000000000000000e+02
8.850000000000000000e+02 4.960000000000000000e+02
8.840000000000000000e+02 4.070000000000000000e+02
8.830000000000000000e+02 3.240000000000000000e+02
8.820000000000000000e+02 3.560000000000000000e+02
8.810000000000000000e+02 3.800000000000000000e+02
8.800000000000000000e+02 3.860000000000000000e+02
8.790000000000000000e+02 3.140000000000000000e+02
8.780000000000000000e+02 1.900000000000000000e+02
8.770000000000000000e+02 2.080000000000000000e+02
8.760000000000000000e+02 2.330000000000000000e+02
8.750000000000000000e+02 1.980000000000000000e+02
8.740000000000000000e+02 2.240000000000000000e+02
8.730000000000000000e+02 1.690000000000000000e+02
8.720000000000000000e+02 1.390000000000000000e+02
8.710000000000000000e+02 9.000000000000000000e+01
8.700000000000000000e+02 1.160000000000000000e+02
8.690000000000000000e+02 7.800000000000000000e+01
8.680000000000000000e+02 5.100000000000000000e+01
8.670000000000000000e+02 4.300000000000000000e+01
8.660000000000000000e+02 4.500000000000000000e+01
8.650000000000000000e+02 2.200000000000000000e+01
8.640000000000000000e+02 1.900000000000000000e+01
8.630000000000000000e+02 8.000000000000000000e+00
8.620000000000000000e+02 1.700000000000000000e+01
8.610000000000000000e+02 7.000000000000000000e+00
8.600000000000000000e+02 3.000000000000000000e+00
8.590000000000000000e+02 3.000000000000000000e+00
8.580000000000000000e+02 6.000000000000000000e+00
8.570000000000000000e+02 2.000000000000000000e+00
8.560000000000000000e+02 3.000000000000000000e+00
8.550000000000000000e+02 0.000000000000000000e+00
8.540000000000000000e+02 2.000000000000000000e+00
8.530000000000000000e+02 2.000000000000000000e+00
8.520000000000000000e+02 6.000000000000000000e+00
8.510000000000000000e+02 3.000000000000000000e+00
8.500000000000000000e+02 2.000000000000000000e+00
8.490000000000000000e+02 1.400000000000000000e+01
8.480000000000000000e+02 -1.000000000000000000e+00
8.470000000000000000e+02 -1.000000000000000000e+00
8.460000000000000000e+02 -1.000000000000000000e+00
8.450000000000000000e+02 -1.000000000000000000e+00
8.440000000000000000e+02 -1.000000000000000000e+00
8.430000000000000000e+02 -1.000000000000000000e+00
8.420000000000000000e+02 -1.000000000000000000e+00
8.410000000000000000e+02 -1.000000000000000000e+00
8.400000000000000000e+02 -1.000000000000000000e+00
8.390000000000000000e+02 -1.000000000000000000e+00
8.380000000000000000e+02 -1.000000000000000000e+00
8.370000000000000000e+02 -1.000000000000000000e+00
8.360000000000000000e+02 -1.000000000000000000e+00
8.350000000000000000e+02 -1.000000000000000000e+00
8.340000000000000000e+02 -1.000000000000000000e+00
8.330000000000000000e+02 -1.000000000000000000e+00
8.320000000000000000e+02 -1.000000000000000000e+00
8.310000000000000000e+02 1.596800000000000000e+04
8.300000000000000000e+02 1.580400000000000000e+04
8.290000000000000000e+02 1.778400000000000000e+04
8.280000000000000000e+02 2.065200000000000000e+04
8.270000000000000000e+02 1.969500000000000000e+04
8.260000000000000000e+02 1.844400000000000000e+04
8.250000000000000000e+02 2.083000000000000000e+04
8.240000000000000000e+02 2.441700000000000000e+04
8.230000000000000000e+02 2.409400000000000000e+04
8.220000000000000000e+02 2.273800000000000000e+04
8.210000000000000000e+02 2.293100000000000000e+04
8.200000000000000000e+02 2.402300000000000000e+04
8.190000000000000000e+02 2.551400000000000000e+04
8.180000000000000000e+02 2.695400000000000000e+04
8.170000000000000000e+02 2.718800000000000000e+04
8.160000000000000000e+02 2.441700000000000000e+04
8.150000000000000000e+02 2.403800000000000000e+04
8.140000000000000000e+02 2.616800000000000000e+04
8.130000000000000000e+02 2.942600000000000000e+04
8.120000000000000000e+02 2.814100000000000000e+04
8.110000000000000000e+02 2.483000000000000000e+04
8.100000000000000000e+02 2.434500000000000000e+04
8.090000000000000000e+02 2.771300000000000000e+04
8.080000000000000000e+02 2.843100000000000000e+04
8.070000000000000000e+02 2.807400000000000000e+04
8.060000000000000000e+02 2.662300000000000000e+04
8.050000000000000000e+02 2.424100000000000000e+04
8.040000000000000000e+02 2.354200000000000000e+04
8.030000000000000000e+02 2.430700000000000000e+04
8.020000000000000000e+02 2.358400000000000000e+04
8.010000000000000000e+02 2.147100000000000000e+04
8.000000000000000000e+02 2.071800000000000000e+04
7.990000000000000000e+02 2.135000000000000000e+04
7.980000000000000000e+02 2.092800000000000000e+04
7.970000000000000000e+02 1.983000000000000000e+04
7.960000000000000000e+02 1.874200000000000000e+04
7.950000000000000000e+02 1.762200000000000000e+04
7.940000000000000000e+02 1.573900000000000000e+04
7.930000000000000000e+02 1.392300000000000000e+04
7.920000000000000000e+02 1.377800000000000000e+04
7.910000000000000000e+02 1.407400000000000000e+04
7.900000000000000000e+02 1.145400000000000000e+04
7.890000000000000000e+02 8.968000000000000000e+03
7.880000000000000000e+02 8.535000000000000000e+03
7.870000000000000000e+02 8.696000000000000000e+03
7.860000000000000000e+02 7.762000000000000000e+03
7.850000000000000000e+02 6.770000000000000000e+03
7.840000000000000000e+02 5.542000000000000000e+03
7.830000000000000000e+02 4.065000000000000000e+03
7.820000000000000000e+02 3.233000000000000000e+03
7.810000000000000000e+02 2.867000000000000000e+03
7.800000000000000000e+02 2.647000000000000000e+03
7.790000000000000000e+02 2.155000000000000000e+03
7.780000000000000000e+02 1.399000000000000000e+03
7.770000000000000000e+02 1.078000000000000000e+03
7.760000000000000000e+02 9.180000000000000000e+02
7.750000000000000000e+02 8.730000000000000000e+02
7.740000000000000000e+02 9.860000000000000000e+02
7.730000000000000000e+02 1.210000000000000000e+03
7.720000000000000000e+02 1.627000000000000000e+03
7.710000000000000000e+02 2.127000000000000000e+03
7.700000000000000000e+02 2.392000000000000000e+03
7.690000000000000000e+02 3.005000000000000000e+03
7.680000000000000000e+02 4.124000000000000000e+03
7.670000000000000000e+02 5.823000000000000000e+03
7.660000000000000000e+02 6.742000000000000000e+03
7.650000000000000000e+02 7.586000000000000000e+03
7.640000000000000000e+02 8.516000000000000000e+03
7.630000000000000000e+02 1.000400000000000000e+04
7.620000000000000000e+02 1.142100000000000000e+04
7.610000000000000000e+02 1.334800000000000000e+04
7.600000000000000000e+02 1.602200000000000000e+04
7.590000000000000000e+02 1.772200000000000000e+04
7.580000000000000000e+02 1.772600000000000000e+04
7.570000000000000000e+02 1.873100000000000000e+04
7.560000000000000000e+02 2.157300000000000000e+04
7.550000000000000000e+02 2.531800000000000000e+04
7.540000000000000000e+02 2.570900000000000000e+04
7.530000000000000000e+02 2.863500000000000000e+04
7.520000000000000000e+02 3.016400000000000000e+04
7.510000000000000000e+02 3.168900000000000000e+04
7.500000000000000000e+02 3.121600000000000000e+04
7.490000000000000000e+02 3.352200000000000000e+04
7.480000000000000000e+02 3.681600000000000000e+04
7.470000000000000000e+02 3.906900000000000000e+04
7.460000000000000000e+02 3.842000000000000000e+04
7.450000000000000000e+02 3.854500000000000000e+04
7.440000000000000000e+02 4.064600000000000000e+04
7.430000000000000000e+02 4.292500000000000000e+04
7.420000000000000000e+02 4.515600000000000000e+04
7.410000000000000000e+02 4.386600000000000000e+04
7.400000000000000000e+02 4.519300000000000000e+04
7.390000000000000000e+02 4.787400000000000000e+04
7.380000000000000000e+02 4.727700000000000000e+04
7.370000000000000000e+02 4.607700000000000000e+04
7.360000000000000000e+02 4.767900000000000000e+04
7.350000000000000000e+02 4.578600000000000000e+04
7.340000000000000000e+02 4.341100000000000000e+04
7.330000000000000000e+02 4.100000000000000000e+04
7.320000000000000000e+02 4.426700000000000000e+04
7.310000000000000000e+02 4.645200000000000000e+04
7.300000000000000000e+02 5.154700000000000000e+04
7.290000000000000000e+02 4.901500000000000000e+04
7.280000000000000000e+02 4.706000000000000000e+04
7.270000000000000000e+02 4.608000000000000000e+04
7.260000000000000000e+02 4.408500000000000000e+04
7.250000000000000000e+02 4.014600000000000000e+04
7.240000000000000000e+02 4.360800000000000000e+04
7.230000000000000000e+02 4.342900000000000000e+04
7.220000000000000000e+02 4.295900000000000000e+04
7.210000000000000000e+02 4.036600000000000000e+04
7.200000000000000000e+02 3.652900000000000000e+04
7.190000000000000000e+02 3.411200000000000000e+04
7.180000000000000000e+02 3.327300000000000000e+04
7.170000000000000000e+02 3.502000000000000000e+04
7.160000000000000000e+02 3.455000000000000000e+04
7.150000000000000000e+02 3.240200000000000000e+04
7.140000000000000000e+02 2.946100000000000000e+04
7.130000000000000000e+02 2.552100000000000000e+04
7.120000000000000000e+02 2.288600000000000000e+04
7.110000000000000000e+02 2.041300000000000000e+04
7.100000000000000000e+02 2.033200000000000000e+04
7.090000000000000000e+02 2.083700000000000000e+04
7.080000000000000000e+02 1.701000000000000000e+04
7.070000000000000000e+02 1.335500000000000000e+04
7.060000000000000000e+02 1.154100000000000000e+04
7.050000000000000000e+02 1.199200000000000000e+04
7.040000000000000000e+02 9.994000000000000000e+03
7.030000000000000000e+02 8.013000000000000000e+03
7.020000000000000000e+02 5.971000000000000000e+03
7.010000000000000000e+02 4.644000000000000000e+03
7.000000000000000000e+02 3.677000000000000000e+03
6.990000000000000000e+02 2.713000000000000000e+03
6.980000000000000000e+02 1.905000000000000000e+03
6.970000000000000000e+02 1.478000000000000000e+03
6.960000000000000000e+02 1.181000000000000000e+03
6.950000000000000000e+02 1.072000000000000000e+03
6.940000000000000000e+02 1.222000000000000000e+03
6.930000000000000000e+02 1.493000000000000000e+03
6.920000000000000000e+02 2.068000000000000000e+03
6.910000000000000000e+02 3.035000000000000000e+03
6.900000000000000000e+02 4.731000000000000000e+03
6.890000000000000000e+02 6.361000000000000000e+03
6.880000000000000000e+02 7.583000000000000000e+03
6.870000000000000000e+02 8.580000000000000000e+03
6.860000000000000000e+02 1.054500000000000000e+04
6.850000000000000000e+02 1.348800000000000000e+04
6.840000000000000000e+02 1.511700000000000000e+04
6.830000000000000000e+02 1.796900000000000000e+04
6.820000000000000000e+02 2.183100000000000000e+04
6.810000000000000000e+02 2.401700000000000000e+04
6.800000000000000000e+02 2.617900000000000000e+04
6.790000000000000000e+02 2.594800000000000000e+04
6.780000000000000000e+02 2.682300000000000000e+04
6.770000000000000000e+02 3.200800000000000000e+04
6.760000000000000000e+02 3.651400000000000000e+04
6.750000000000000000e+02 3.966600000000000000e+04
6.740000000000000000e+02 3.993100000000000000e+04
6.730000000000000000e+02 4.039600000000000000e+04
6.720000000000000000e+02 4.473500000000000000e+04
6.710000000000000000e+02 4.558100000000000000e+04
6.700000000000000000e+02 4.793700000000000000e+04
6.690000000000000000e+02 5.101800000000000000e+04
6.680000000000000000e+02 5.289300000000000000e+04
6.670000000000000000e+02 5.608100000000000000e+04
6.660000000000000000e+02 5.830000000000000000e+04
6.650000000000000000e+02 5.562800000000000000e+04
6.640000000000000000e+02 5.590300000000000000e+04
6.630000000000000000e+02 5.821100000000000000e+04
6.620000000000000000e+02 5.986900000000000000e+04
6.610000000000000000e+02 6.507100000000000000e+04
6.600000000000000000e+02 6.532500000000000000e+04
6.590000000000000000e+02 6.281200000000000000e+04
6.580000000000000000e+02 6.203100000000000000e+04
6.570000000000000000e+02 6.196600000000000000e+04
6.560000000000000000e+02 6.642900000000000000e+04
6.550000000000000000e+02 6.610000000000000000e+04
6.540000000000000000e+02 6.521700000000000000e+04
6.530000000000000000e+02 6.671800000000000000e+04
6.520000000000000000e+02 6.753900000000000000e+04
6.510000000000000000e+02 6.786500000000000000e+04
6.500000000000000000e+02 6.460900000000000000e+04
6.490000000000000000e+02 6.000800000000000000e+04
6.480000000000000000e+02 6.095000000000000000e+04
6.470000000000000000e+02 6.327400000000000000e+04
6.460000000000000000e+02 6.473000000000000000e+04
6.450000000000000000e+02 6.471900000000000000e+04
6.440000000000000000e+02 5.959900000000000000e+04
6.430000000000000000e+02 5.538200000000000000e+04
6.420000000000000000e+02 5.595700000000000000e+04
6.410000000000000000e+02 5.522700000000000000e+04
6.400000000000000000e+02 5.514000000000000000e+04
6.390000000000000000e+02 5.457100000000000000e+04
6.380000000000000000e+02 4.910800000000000000e+04
6.370000000000000000e+02 4.705600000000000000e+04
6.360000000000000000e+02 -1.000000000000000000e+00
6.350000000000000000e+02 -1.000000000000000000e+00
6.340000000000000000e+02 -1.000000000000000000e+00
6.330000000000000000e+02 -1.000000000000000000e+00
6.320000000000000000e+02 -1.000000000000000000e+00
6.310000000000000000e+02 -1.000000000000000000e+00
6.300000000000000000e+02 -1.000000000000000000e+00
6.290000000000000000e+02 -1.000000000000000000e+00
6.280000000000000000e+02 -1.000000000000000000e+00
6.270000000000000000e+02 -1.000000000000000000e+00
6.260000000000000000e+02 -1.000000000000000000e+00
6.250000000000000000e+02 -1.000000000000000000e+00
6.240000000000000000e+02 -1.000000000000000000e+00
6.230000000000000000e+02 -1.000000000000000000e+00
6.220000000000000000e+02 -1.000000000000000000e+00
6.210000000000000000e+02 -1.000000000000000000e+00
6.200000000000000000e+02 -1.000000000000000000e+00
6.190000000000000000e+02 4.149000000000000000e+03
6.180000000000000000e+02 2.727000000000000000e+03
6.170000000000000000e+02 1.803000000000000000e+03
6.160000000000000000e+02 1.112000000000000000e+03
6.150000000000000000e+02 9.590000000000000000e+02
6.140000000000000000e+02 1.316000000000000000e+03
6.130000000000000000e+02 2.323000000000000000e+03
6.120000000000000000e+02 3.268000000000000000e+03
6.110000000000000000e+02 5.048000000000000000e+03
6.100000000000000000e+02 7.402000000000000000e+03
6.090000000000000000e+02 1.024700000000000000e+04
6.080000000000000000e+02 1.355400000000000000e+04
6.070000000000000000e+02 1.578300000000000000e+04
6.060000000000000000e+02 1.601800000000000000e+04
6.050000000000000000e+02 1.875800000000000000e+04
6.040000000000000000e+02 2.271100000000000000e+04
6.030000000000000000e+02 2.795600000000000000e+04
6.020000000000000000e+02 3.285700000000000000e+04
6.010000000000000000e+02 3.901700000000000000e+04
6.000000000000000000e+02 4.124800000000000000e+04
5.990000000000000000e+02 4.031300000000000000e+04
5.980000000000000000e+02 4.259900000000000000e+04
5.970000000000000000e+02 4.705500000000000000e+04
5.960000000000000000e+02 4.984700000000000000e+04
5.950000000000000000e+02 5.193700000000000000e+04
5.940000000000000000e+02 5.518900000000000000e+04
5.930000000000000000e+02 5.895200000000000000e+04
5.920000000000000000e+02 6.322800000000000000e+04
5.910000000000000000e+02 6.738000000000000000e+04
5.900000000000000000e+02 6.876000000000000000e+04
5.890000000000000000e+02 6.792900000000000000e+04
5.880000000000000000e+02 6.495900000000000000e+04
5.870000000000000000e+02 6.360300000000000000e+04
5.860000000000000000e+02 6.898600000000000000e+04
5.850000000000000000e+02 7.400700000000000000e+04
5.840000000000000000e+02 7.455100000000000000e+04
5.830000000000000000e+02 7.683300000000000000e+04
5.820000000000000000e+02 7.823300000000000000e+04
5.810000000000000000e+02 7.372400000000000000e+04
5.800000000000000000e+02 7.095100000000000000e+04
5.790000000000000000e+02 7.523500000000000000e+04
5.780000000000000000e+02 7.679200000000000000e+04
5.770000000000000000e+02 7.703200000000000000e+04
5.760000000000000000e+02 7.720500000000000000e+04
5.750000000000000000e+02 7.585500000000000000e+04
5.740000000000000000e+02 7.807900000000000000e+04
5.730000000000000000e+02 7.942700000000000000e+04
5.720000000000000000e+02 7.606300000000000000e+04
5.710000000000000000e+02 7.629000000000000000e+04
5.700000000000000000e+02 7.478100000000000000e+04
5.690000000000000000e+02 6.991600000000000000e+04
5.680000000000000000e+02 6.798800000000000000e+04
5.670000000000000000e+02 7.217300000000000000e+04
5.660000000000000000e+02 7.080400000000000000e+04
5.650000000000000000e+02 7.125100000000000000e+04
5.640000000000000000e+02 7.299200000000000000e+04
5.630000000000000000e+02 6.829100000000000000e+04
5.620000000000000000e+02 6.591600000000000000e+04
5.610000000000000000e+02 6.310000000000000000e+04
5.600000000000000000e+02 5.884800000000000000e+04
5.590000000000000000e+02 6.058000000000000000e+04
5.580000000000000000e+02 5.835800000000000000e+04
5.570000000000000000e+02 5.445800000000000000e+04
5.560000000000000000e+02 5.415800000000000000e+04
5.550000000000000000e+02 5.147700000000000000e+04
5.540000000000000000e+02 4.810200000000000000e+04
5.530000000000000000e+02 4.745700000000000000e+04
5.520000000000000000e+02 4.752500000000000000e+04
5.510000000000000000e+02 4.653000000000000000e+04
5.500000000000000000e+02 4.141700000000000000e+04
5.490000000000000000e+02 3.627700000000000000e+04
5.480000000000000000e+02 2.849500000000000000e+04
5.470000000000000000e+02 2.149200000000000000e+04
5.460000000000000000e+02 1.967000000000000000e+04
5.450000000000000000e+02 1.900100000000000000e+04
5.440000000000000000e+02 1.717400000000000000e+04
5.430000000000000000e+02 1.517300000000000000e+04
5.420000000000000000e+02 1.391300000000000000e+04
5.410000000000000000e+02 9.772000000000000000e+03
5.400000000000000000e+02 6.174000000000000000e+03
5.390000000000000000e+02 4.328000000000000000e+03
5.380000000000000000e+02 2.202000000000000000e+03
5.370000000000000000e+02 1.146000000000000000e+03
5.360000000000000000e+02 7.450000000000000000e+02
5.350000000000000000e+02 1.208000000000000000e+03
5.340000000000000000e+02 2.239000000000000000e+03
5.330000000000000000e+02 4.141000000000000000e+03
5.320000000000000000e+02 6.047000000000000000e+03
5.310000000000000000e+02 9.707000000000000000e+03
5.300000000000000000e+02 1.353000000000000000e+04
5.290000000000000000e+02 1.735400000000000000e+04
5.280000000000000000e+02 2.319100000000000000e+04
5.270000000000000000e+02 2.904800000000000000e+04
5.260000000000000000e+02 2.966600000000000000e+04
5.250000000000000000e+02 2.897500000000000000e+04
5.240000000000000000e+02 3.103000000000000000e+04
5.230000000000000000e+02 3.280400000000000000e+04
5.220000000000000000e+02 3.577800000000000000e+04
5.210000000000000000e+02 3.875700000000000000e+04
5.200000000000000000e+02 5.282500000000000000e+04
5.190000000000000000e+02 5.470900000000000000e+04
5.180000000000000000e+02 5.552000000000000000e+04
5.170000000000000000e+02 5.568200000000000000e+04
5.160000000000000000e+02 6.146700000000000000e+04
5.150000000000000000e+02 6.383800000000000000e+04
5.140000000000000000e+02 6.465100000000000000e+04
5.130000000000000000e+02 6.503200000000000000e+04
5.120000000000000000e+02 6.866000000000000000e+04
5.110000000000000000e+02 7.052400000000000000e+04
5.100000000000000000e+02 6.837200000000000000e+04
5.090000000000000000e+02 6.858200000000000000e+04
5.080000000000000000e+02 7.104800000000000000e+04
5.070000000000000000e+02 7.353400000000000000e+04
5.060000000000000000e+02 7.800500000000000000e+04
5.050000000000000000e+02 8.000800000000000000e+04
5.040000000000000000e+02 7.896900000000000000e+04
5.030000000000000000e+02 7.889200000000000000e+04
5.020000000000000000e+02 7.948900000000000000e+04
5.010000000000000000e+02 7.906000000000000000e+04
5.000000000000000000e+02 7.677300000000000000e+04
4.990000000000000000e+02 7.697100000000000000e+04
4.980000000000000000e+02 7.799700000000000000e+04
4.970000000000000000e+02 7.936000000000000000e+04
4.960000000000000000e+02 7.940500000000000000e+04
4.950000000000000000e+02 7.957700000000000000e+04
4.940000000000000000e+02 7.758100000000000000e+04
4.930000000000000000e+02 7.516400000000000000e+04
4.920000000000000000e+02 7.258900000000000000e+04
4.910000000000000000e+02 7.168900000000000000e+04
4.900000000000000000e+02 7.271800000000000000e+04
4.890000000000000000e+02 7.245800000000000000e+04
4.880000000000000000e+02 7.325500000000000000e+04
4.870000000000000000e+02 7.161700000000000000e+04
4.860000000000000000e+02 7.019100000000000000e+04
4.850000000000000000e+02 6.784000000000000000e+04
4.840000000000000000e+02 6.492500000000000000e+04
4.830000000000000000e+02 6.295200000000000000e+04
4.820000000000000000e+02 6.530500000000000000e+04
4.810000000000000000e+02 6.768800000000000000e+04
4.800000000000000000e+02 6.871300000000000000e+04
4.790000000000000000e+02 6.677000000000000000e+04
4.780000000000000000e+02 6.819100000000000000e+04
4.770000000000000000e+02 6.848200000000000000e+04
4.760000000000000000e+02 6.814900000000000000e+04
4.750000000000000000e+02 6.514100000000000000e+04
4.740000000000000000e+02 6.626800000000000000e+04
4.730000000000000000e+02 6.861700000000000000e+04
4.720000000000000000e+02 6.788400000000000000e+04
4.710000000000000000e+02 6.653100000000000000e+04
4.700000000000000000e+02 6.710000000000000000e+04
4.690000000000000000e+02 6.890800000000000000e+04
4.680000000000000000e+02 7.330300000000000000e+04
4.670000000000000000e+02 7.557400000000000000e+04
4.660000000000000000e+02 7.238500000000000000e+04
4.650000000000000000e+02 6.964400000000000000e+04
4.640000000000000000e+02 6.736600000000000000e+04
4.630000000000000000e+02 6.575200000000000000e+04
4.620000000000000000e+02 6.395800000000000000e+04
4.610000000000000000e+02 6.076700000000000000e+04
4.600000000000000000e+02 6.183700000000000000e+04
4.590000000000000000e+02 6.321600000000000000e+04
4.580000000000000000e+02 6.354600000000000000e+04
4.570000000000000000e+02 6.157100000000000000e+04
4.560000000000000000e+02 5.585300000000000000e+04
4.550000000000000000e+02 5.244100000000000000e+04
4.540000000000000000e+02 4.978700000000000000e+04
4.530000000000000000e+02 4.735500000000000000e+04
4.520000000000000000e+02 4.366000000000000000e+04
4.510000000000000000e+02 4.296100000000000000e+04
4.500000000000000000e+02 4.702900000000000000e+04
4.490000000000000000e+02 4.670300000000000000e+04
4.480000000000000000e+02 4.518000000000000000e+04
4.470000000000000000e+02 4.109800000000000000e+04
4.460000000000000000e+02 3.644100000000000000e+04
4.450000000000000000e+02 3.375700000000000000e+04
4.440000000000000000e+02 3.088800000000000000e+04
4.430000000000000000e+02 2.718400000000000000e+04
4.420000000000000000e+02 2.319800000000000000e+04
4.410000000000000000e+02 1.572700000000000000e+04
4.400000000000000000e+02 1.043900000000000000e+04
4.390000000000000000e+02 7.549000000000000000e+03
4.380000000000000000e+02 8.473000000000000000e+03
4.370000000000000000e+02 1.203100000000000000e+04
4.360000000000000000e+02 1.340300000000000000e+04
4.350000000000000000e+02 1.219800000000000000e+04
4.340000000000000000e+02 1.530500000000000000e+04
4.330000000000000000e+02 2.206600000000000000e+04
4.320000000000000000e+02 3.294000000000000000e+04
4.310000000000000000e+02 4.423400000000000000e+04
4.300000000000000000e+02 5.460200000000000000e+04
4.290000000000000000e+02 6.342800000000000000e+04
4.280000000000000000e+02 6.841900000000000000e+04
4.270000000000000000e+02 7.357600000000000000e+04
4.260000000000000000e+02 7.708200000000000000e+04
4.250000000000000000e+02 7.627100000000000000e+04
4.240000000000000000e+02 -1.000000000000000000e+00
4.230000000000000000e+02 -1.000000000000000000e+00
4.220000000000000000e+02 -1.000000000000000000e+00
4.210000000000000000e+02 -1.000000000000000000e+00
4.200000000000000000e+02 -1.000000000000000000e+00
4.190000000000000000e+02 -1.000000000000000000e+00
4.180000000000000000e+02 -1.000000000000000000e+00
4.170000000000000000e+02 -1.000000000000000000e+00
4.160000000000000000e+02 -1.000000000000000000e+00
4.150000000000000000e+02 -1.000000000000000000e+00
4.140000000000000000e+02 -1.000000000000000000e+00
4.130000000000000000e+02 -1.000000000000000000e+00
4.120000000000000000e+02 -1.000000000000000000e+00
4.110000000000000000e+02 -1.000000000000000000e+00
4.100000000000000000e+02 -1.000000000000000000e+00
4.090000000000000000e+02 -1.000000000000000000e+00
4.080000000000000000e+02 -1.000000000000000000e+00
4.070000000000000000e+02 6.844800000000000000e+04
4.060000000000000000e+02 6.830900000000000000e+04
4.050000000000000000e+02 6.501300000000000000e+04
4.040000000000000000e+02 6.247000000000000000e+04
4.030000000000000000e+02 5.702700000000000000e+04
4.020000000000000000e+02 5.249600000000000000e+04
4.010000000000000000e+02 4.774700000000000000e+04
4.000000000000000000e+02 4.136700000000000000e+04
3.990000000000000000e+02 3.671500000000000000e+04
3.980000000000000000e+02 3.335200000000000000e+04
3.970000000000000000e+02 2.694700000000000000e+04
3.960000000000000000e+02 2.131400000000000000e+04
3.950000000000000000e+02 1.808200000000000000e+04
3.940000000000000000e+02 1.610100000000000000e+04
3.930000000000000000e+02 1.591000000000000000e+04
3.920000000000000000e+02 1.796800000000000000e+04
3.910000000000000000e+02 2.225200000000000000e+04
3.900000000000000000e+02 2.608000000000000000e+04
3.890000000000000000e+02 2.908200000000000000e+04
3.880000000000000000e+02 3.078900000000000000e+04
3.870000000000000000e+02 3.462800000000000000e+04
3.860000000000000000e+02 3.754500000000000000e+04
3.850000000000000000e+02 4.014900000000000000e+04
3.840000000000000000e+02 4.258800000000000000e+04
3.830000000000000000e+02 4.620100000000000000e+04
3.820000000000000000e+02 4.987700000000000000e+04
3.810000000000000000e+02 5.272400000000000000e+04
3.800000000000000000e+02 5.386500000000000000e+04
3.790000000000000000e+02 5.668600000000000000e+04
3.780000000000000000e+02 5.863500000000000000e+04
3.770000000000000000e+02 6.228300000000000000e+04
3.760000000000000000e+02 6.553800000000000000e+04
3.750000000000000000e+02 6.933800000000000000e+04
3.740000000000000000e+02 7.627500000000000000e+04
3.730000000000000000e+02 8.282200000000000000e+04
3.720000000000000000e+02 8.648700000000000000e+04
3.710000000000000000e+02 8.992900000000000000e+04
3.700000000000000000e+02 9.647200000000000000e+04
3.690000000000000000e+02 1.023740000000000000e+05
3.680000000000000000e+02 1.099300000000000000e+05
3.670000000000000000e+02 1.110030000000000000e+05
3.660000000000000000e+02 1.134470000000000000e+05
3.650000000000000000e+02 1.149250000000000000e+05
3.640000000000000000e+02 1.165040000000000000e+05
3.630000000000000000e+02 1.174890000000000000e+05
3.620000000000000000e+02 1.174950000000000000e+05
3.610000000000000000e+02 1.185250000000000000e+05
3.600000000000000000e+02 1.177550000000000000e+05
3.590000000000000000e+02 1.164410000000000000e+05
3.580000000000000000e+02 1.178810000000000000e+05
3.570000000000000000e+02 1.177200000000000000e+05
3.560000000000000000e+02 1.175940000000000000e+05
3.550000000000000000e+02 1.122810000000000000e+05
3.540000000000000000e+02 1.079780000000000000e+05
3.530000000000000000e+02 1.051410000000000000e+05
3.520000000000000000e+02 1.009680000000000000e+05
3.510000000000000000e+02 9.841100000000000000e+04
3.500000000000000000e+02 8.754000000000000000e+04
3.490000000000000000e+02 8.371400000000000000e+04
3.480000000000000000e+02 7.646300000000000000e+04
3.470000000000000000e+02 7.356000000000000000e+04
3.460000000000000000e+02 7.432800000000000000e+04
3.450000000000000000e+02 7.714800000000000000e+04
3.440000000000000000e+02 7.830500000000000000e+04
3.430000000000000000e+02 7.793500000000000000e+04
3.420000000000000000e+02 7.796600000000000000e+04
3.410000000000000000e+02 7.788900000000000000e+04
3.400000000000000000e+02 7.927600000000000000e+04
3.390000000000000000e+02 7.685800000000000000e+04
3.380000000000000000e+02 7.641300000000000000e+04
3.370000000000000000e+02 7.523700000000000000e+04
3.360000000000000000e+02 7.444700000000000000e+04
3.350000000000000000e+02 7.444600000000000000e+04
3.340000000000000000e+02 7.500200000000000000e+04
3.330000000000000000e+02 7.373800000000000000e+04
3.320000000000000000e+02 7.334900000000000000e+04
3.310000000000000000e+02 7.276300000000000000e+04
3.300000000000000000e+02 7.489000000000000000e+04
3.290000000000000000e+02 7.350200000000000000e+04
3.280000000000000000e+02 7.234900000000000000e+04
3.270000000000000000e+02 7.106900000000000000e+04
3.260000000000000000e+02 7.057900000000000000e+04
3.250000000000000000e+02 6.925600000000000000e+04
3.240000000000000000e+02 6.771000000000000000e+04
3.230000000000000000e+02 6.626400000000000000e+04
3.220000000000000000e+02 6.498500000000000000e+04
3.210000000000000000e+02 6.324800000000000000e+04
3.200000000000000000e+02 6.129600000000000000e+04
3.190000000000000000e+02 5.925100000000000000e+04
3.180000000000000000e+02 5.705700000000000000e+04
3.170000000000000000e+02 5.567200000000000000e+04
3.160000000000000000e+02 5.419700000000000000e+04
3.150000000000000000e+02 5.235000000000000000e+04
3.140000000000000000e+02 5.221800000000000000e+04
3.130000000000000000e+02 5.111700000000000000e+04
3.120000000000000000e+02 4.997600000000000000e+04
3.110000000000000000e+02 3.736100000000000000e+04
3.100000000000000000e+02 3.641200000000000000e+04
3.090000000000000000e+02 3.550300000000000000e+04
3.080000000000000000e+02 4.437900000000000000e+04
3.070000000000000000e+02 4.312700000000000000e+04
3.060000000000000000e+02 4.154000000000000000e+04
3.050000000000000000e+02 4.037500000000000000e+04
3.040000000000000000e+02 3.895800000000000000e+04
3.030000000000000000e+02 3.810100000000000000e+04
3.020000000000000000e+02 3.650300000000000000e+04
3.010000000000000000e+02 3.556400000000000000e+04
3.000000000000000000e+02 3.439900000000000000e+04
2.990000000000000000e+02 3.335000000000000000e+04
2.980000000000000000e+02 3.218100000000000000e+04
2.970000000000000000e+02 3.117000000000000000e+04
2.960000000000000000e+02 2.978800000000000000e+04
2.950000000000000000e+02 2.823600000000000000e+04
2.940000000000000000e+02 2.637200000000000000e+04
2.930000000000000000e+02 2.475400000000000000e+04
2.920000000000000000e+02 2.345800000000000000e+04
2.910000000000000000e+02 2.087200000000000000e+04
2.900000000000000000e+02 1.935900000000000000e+04
2.890000000000000000e+02 1.730400000000000000e+04
2.880000000000000000e+02 1.504600000000000000e+04
2.870000000000000000e+02 1.296400000000000000e+04
2.860000000000000000e+02 1.101300000000000000e+04
2.850000000000000000e+02 8.995000000000000000e+03
2.840000000000000000e+02 7.304000000000000000e+03
2.830000000000000000e+02 5.651000000000000000e+03
2.820000000000000000e+02 3.668000000000000000e+03
2.810000000000000000e+02 2.179000000000000000e+03
2.800000000000000000e+02 1.341000000000000000e+03
2.790000000000000000e+02 1.021000000000000000e+03
2.780000000000000000e+02 8.630000000000000000e+02
2.770000000000000000e+02 8.680000000000000000e+02
2.760000000000000000e+02 9.100000000000000000e+02
2.750000000000000000e+02 8.470000000000000000e+02
2.740000000000000000e+02 8.900000000000000000e+02
2.730000000000000000e+02 9.670000000000000000e+02
2.720000000000000000e+02 9.520000000000000000e+02
2.710000000000000000e+02 1.046000000000000000e+03
2.700000000000000000e+02 9.680000000000000000e+02
2.690000000000000000e+02 1.038000000000000000e+03
2.680000000000000000e+02 1.105000000000000000e+03
2.670000000000000000e+02 9.900000000000000000e+02
2.660000000000000000e+02 1.029000000000000000e+03
2.650000000000000000e+02 1.057000000000000000e+03
2.640000000000000000e+02 1.110000000000000000e+03
2.630000000000000000e+02 1.117000000000000000e+03
2.620000000000000000e+02 1.142000000000000000e+03
2.610000000000000000e+02 1.112000000000000000e+03
2.600000000000000000e+02 1.042000000000000000e+03
2.590000000000000000e+02 1.075000000000000000e+03
2.580000000000000000e+02 9.980000000000000000e+02
2.570000000000000000e+02 1.091000000000000000e+03
2.560000000000000000e+02 9.990000000000000000e+02
2.550000000000000000e+02 9.380000000000000000e+02
2.540000000000000000e+02 8.460000000000000000e+02
2.530000000000000000e+02 8.520000000000000000e+02
2.520000000000000000e+02 7.930000000000000000e+02
2.510000000000000000e+02 7.390000000000000000e+02
2.500000000000000000e+02 7.330000000000000000e+02
2.490000000000000000e+02 7.500000000000000000e+02
2.480000000000000000e+02 6.570000000000000000e+02
2.470000000000000000e+02 6.420000000000000000e+02
2.460000000000000000e+02 5.890000000000000000e+02
2.450000000000000000e+02 5.730000000000000000e+02
2.440000000000000000e+02 5.380000000000000000e+02
2.430000000000000000e+02 5.520000000000000000e+02
2.420000000000000000e+02 5.680000000000000000e+02
2.410000000000000000e+02 5.520000000000000000e+02
2.400000000000000000e+02 5.420000000000000000e+02
2.390000000000000000e+02 5.730000000000000000e+02
2.380000000000000000e+02 5.850000000000000000e+02
2.370000000000000000e+02 6.220000000000000000e+02
2.360000000000000000e+02 6.570000000000000000e+02
2.350000000000000000e+02 7.550000000000000000e+02
2.340000000000000000e+02 8.380000000000000000e+02
2.330000000000000000e+02 9.590000000000000000e+02
2.320000000000000000e+02 1.141000000000000000e+03
2.310000000000000000e+02 1.238000000000000000e+03
2.300000000000000000e+02 1.347000000000000000e+03
2.290000000000000000e+02 1.468000000000000000e+03
2.280000000000000000e+02 1.624000000000000000e+03
2.270000000000000000e+02 1.756000000000000000e+03
2.260000000000000000e+02 1.937000000000000000e+03
2.250000000000000000e+02 2.146000000000000000e+03
2.240000000000000000e+02 2.600000000000000000e+03
2.230000000000000000e+02 2.917000000000000000e+03
2.220000000000000000e+02 3.334000000000000000e+03
2.210000000000000000e+02 3.669000000000000000e+03
2.200000000000000000e+02 3.877000000000000000e+03
2.190000000000000000e+02 3.955000000000000000e+03
2.180000000000000000e+02 4.482000000000000000e+03
2.170000000000000000e+02 5.046000000000000000e+03
2.160000000000000000e+02 5.869000000000000000e+03
2.150000000000000000e+02 6.385000000000000000e+03
2.140000000000000000e+02 6.401000000000000000e+03
2.130000000000000000e+02 7.484000000000000000e+03
2.120000000000000000e+02 -1.000000000000000000e+00
2.110000000000000000e+02 -1.000000000000000000e+00
2.100000000000000000e+02 -1.000000000000000000e+00
2.090000000000000000e+02 -1.000000000000000000e+00
2.080000000000000000e+02 -1.000000000000000000e+00
2.070000000000000000e+02 -1.000000000000000000e+00
2.060000000000000000e+02 -1.000000000000000000e+00
2.050000000000000000e+02 -1.000000000000000000e+00
2.040000000000000000e+02 -1.000000000000000000e+00
2.030000000000000000e+02 -1.000000000000000000e+00
2.020000000000000000e+02 -1.000000000000000000e+00
2.010000000000000000e+02 -1.000000000000000000e+00
2.000000000000000000e+02 -1.000000000000000000e+00
1.990000000000000000e+02 -1.000000000000000000e+00
1.980000000000000000e+02 -1.000000000000000000e+00
1.970000000000000000e+02 -1.000000000000000000e+00
1.960000000000000000e+02 -1.000000000000000000e+00
1.950000000000000000e+02 1.658800000000000000e+04
1.940000000000000000e+02 1.878400000000000000e+04
1.930000000000000000e+02 2.032100000000000000e+04
1.920000000000000000e+02 2.215400000000000000e+04
1.910000000000000000e+02 2.254100000000000000e+04
1.900000000000000000e+02 2.440900000000000000e+04
1.890000000000000000e+02 2.439500000000000000e+04
1.880000000000000000e+02 2.417700000000000000e+04
1.870000000000000000e+02 2.261400000000000000e+04
1.860000000000000000e+02 2.047900000000000000e+04
1.850000000000000000e+02 1.857200000000000000e+04
1.840000000000000000e+02 1.741800000000000000e+04
1.830000000000000000e+02 1.786300000000000000e+04
1.820000000000000000e+02 1.768600000000000000e+04
1.810000000000000000e+02 1.784900000000000000e+04
1.800000000000000000e+02 1.872900000000000000e+04
1.790000000000000000e+02 2.034600000000000000e+04
1.780000000000000000e+02 2.150400000000000000e+04
1.770000000000000000e+02 2.063800000000000000e+04
1.760000000000000000e+02 2.236100000000000000e+04
1.750000000000000000e+02 2.326900000000000000e+04
1.740000000000000000e+02 2.436100000000000000e+04
1.730000000000000000e+02 2.526900000000000000e+04
1.720000000000000000e+02 2.729600000000000000e+04
1.710000000000000000e+02 2.871300000000000000e+04
1.700000000000000000e+02 2.942900000000000000e+04
1.690000000000000000e+02 2.751800000000000000e+04
1.680000000000000000e+02 2.620900000000000000e+04
1.670000000000000000e+02 2.529700000000000000e+04
1.660000000000000000e+02 2.516400000000000000e+04
1.650000000000000000e+02 2.512800000000000000e+04
1.640000000000000000e+02 2.611400000000000000e+04
1.630000000000000000e+02 2.619700000000000000e+04
1.620000000000000000e+02 2.759700000000000000e+04
1.610000000000000000e+02 2.689600000000000000e+04
1.600000000000000000e+02 2.542200000000000000e+04
1.590000000000000000e+02 2.453700000000000000e+04
1.580000000000000000e+02 2.519900000000000000e+04
1.570000000000000000e+02 2.713200000000000000e+04
1.560000000000000000e+02 2.818200000000000000e+04
1.550000000000000000e+02 2.900600000000000000e+04
1.540000000000000000e+02 3.044200000000000000e+04
1.530000000000000000e+02 3.173100000000000000e+04
1.520000000000000000e+02 3.186000000000000000e+04
1.510000000000000000e+02 3.118400000000000000e+04
1.500000000000000000e+02 3.061000000000000000e+04
1.490000000000000000e+02 3.085900000000000000e+04
1.480000000000000000e+02 3.184700000000000000e+04
1.470000000000000000e+02 3.334700000000000000e+04
1.460000000000000000e+02 3.301800000000000000e+04
1.450000000000000000e+02 3.370400000000000000e+04
1.440000000000000000e+02 3.508700000000000000e+04
1.430000000000000000e+02 3.721900000000000000e+04
1.420000000000000000e+02 4.132200000000000000e+04
1.410000000000000000e+02 4.360500000000000000e+04
1.400000000000000000e+02 4.143000000000000000e+04
1.390000000000000000e+02 3.954100000000000000e+04
1.380000000000000000e+02 3.940200000000000000e+04
1.370000000000000000e+02 4.162800000000000000e+04
1.360000000000000000e+02 4.283100000000000000e+04
1.350000000000000000e+02 4.282500000000000000e+04
1.340000000000000000e+02 4.111800000000000000e+04
1.330000000000000000e+02 4.020400000000000000e+04
1.320000000000000000e+02 4.080000000000000000e+04
1.310000000000000000e+02 4.206800000000000000e+04
1.300000000000000000e+02 4.200000000000000000e+04
1.290000000000000000e+02 4.153200000000000000e+04
1.280000000000000000e+02 4.175000000000000000e+04
1.270000000000000000e+02 4.220700000000000000e+04
1.260000000000000000e+02 4.144900000000000000e+04
1.250000000000000000e+02 4.115700000000000000e+04
1.240000000000000000e+02 4.132400000000000000e+04
1.230000000000000000e+02 4.132600000000000000e+04
1.220000000000000000e+02 4.157800000000000000e+04
1.210000000000000000e+02 4.158800000000000000e+04
1.200000000000000000e+02 4.203800000000000000e+04
1.190000000000000000e+02 4.007600000000000000e+04
1.180000000000000000e+02 4.057900000000000000e+04
1.170000000000000000e+02 4.154500000000000000e+04
1.160000000000000000e+02 4.044800000000000000e+04
1.150000000000000000e+02 3.742000000000000000e+04
1.140000000000000000e+02 3.536200000000000000e+04
1.130000000000000000e+02 3.311700000000000000e+04
1.120000000000000000e+02 3.126600000000000000e+04
1.110000000000000000e+02 2.973000000000000000e+04
1.100000000000000000e+02 2.941100000000000000e+04
1.090000000000000000e+02 2.869800000000000000e+04
1.080000000000000000e+02 2.896500000000000000e+04
1.070000000000000000e+02 2.795400000000000000e+04
1.060000000000000000e+02 2.783000000000000000e+04
1.050000000000000000e+02 2.844600000000000000e+04
1.040000000000000000e+02 2.841800000000000000e+04
1.030000000000000000e+02 2.820600000000000000e+04
1.020000000000000000e+02 2.623500000000000000e+04
1.010000000000000000e+02 2.548900000000000000e+04
1.000000000000000000e+02 2.407000000000000000e+04
9.900000000000000000e+01 1.967300000000000000e+04
9.800000000000000000e+01 1.909900000000000000e+04
9.700000000000000000e+01 1.854800000000000000e+04
9.600000000000000000e+01 2.177900000000000000e+04
9.500000000000000000e+01 2.271700000000000000e+04
9.400000000000000000e+01 2.310000000000000000e+04
9.300000000000000000e+01 2.230500000000000000e+04
9.200000000000000000e+01 2.120200000000000000e+04
9.100000000000000000e+01 1.951100000000000000e+04
9.000000000000000000e+01 1.892900000000000000e+04
8.900000000000000000e+01 1.901700000000000000e+04
8.800000000000000000e+01 1.812000000000000000e+04
8.700000000000000000e+01 1.752200000000000000e+04
8.600000000000000000e+01 1.833500000000000000e+04
8.500000000000000000e+01 1.816300000000000000e+04
8.400000000000000000e+01 1.786100000000000000e+04
8.300000000000000000e+01 1.507500000000000000e+04
8.200000000000000000e+01 1.349200000000000000e+04
8.100000000000000000e+01 1.246600000000000000e+04
8.000000000000000000e+01 1.248500000000000000e+04
7.900000000000000000e+01 1.307200000000000000e+04
7.800000000000000000e+01 1.273400000000000000e+04
7.700000000000000000e+01 1.265200000000000000e+04
7.600000000000000000e+01 1.454000000000000000e+04
7.500000000000000000e+01 1.705400000000000000e+04
7.400000000000000000e+01 1.543600000000000000e+04
7.300000000000000000e+01 1.229300000000000000e+04
7.200000000000000000e+01 6.761000000000000000e+03
7.100000000000000000e+01 5.503000000000000000e+03
7.000000000000000000e+01 4.949000000000000000e+03
6.900000000000000000e+01 5.237000000000000000e+03
6.800000000000000000e+01 6.753000000000000000e+03
6.700000000000000000e+01 6.439000000000000000e+03
6.600000000000000000e+01 4.346000000000000000e+03
6.500000000000000000e+01 4.155000000000000000e+03
6.400000000000000000e+01 5.534000000000000000e+03
6.300000000000000000e+01 4.893000000000000000e+03
6.200000000000000000e+01 3.099000000000000000e+03
6.100000000000000000e+01 1.899000000000000000e+03
6.000000000000000000e+01 1.409000000000000000e+03
5.900000000000000000e+01 1.291000000000000000e+03
5.800000000000000000e+01 1.300000000000000000e+03
5.700000000000000000e+01 1.349000000000000000e+03
5.600000000000000000e+01 9.430000000000000000e+02
5.500000000000000000e+01 5.700000000000000000e+02
5.400000000000000000e+01 3.470000000000000000e+02
5.300000000000000000e+01 1.980000000000000000e+02
5.200000000000000000e+01 1.440000000000000000e+02
5.100000000000000000e+01 1.160000000000000000e+02
5.000000000000000000e+01 1.480000000000000000e+02
4.900000000000000000e+01 2.290000000000000000e+02
4.800000000000000000e+01 4.180000000000000000e+02
4.700000000000000000e+01 4.440000000000000000e+02
4.600000000000000000e+01 3.590000000000000000e+02
4.500000000000000000e+01 3.500000000000000000e+02
4.400000000000000000e+01 5.530000000000000000e+02
4.300000000000000000e+01 5.580000000000000000e+02
4.200000000000000000e+01 7.240000000000000000e+02
4.100000000000000000e+01 9.060000000000000000e+02
4.000000000000000000e+01 1.165000000000000000e+03
3.900000000000000000e+01 1.320000000000000000e+03
3.800000000000000000e+01 1.796000000000000000e+03
3.700000000000000000e+01 1.948000000000000000e+03
3.600000000000000000e+01 1.731000000000000000e+03
3.500000000000000000e+01 2.704000000000000000e+03
3.400000000000000000e+01 3.471000000000000000e+03
3.300000000000000000e+01 4.381000000000000000e+03
3.200000000000000000e+01 5.465000000000000000e+03
3.100000000000000000e+01 4.437000000000000000e+03
3.000000000000000000e+01 2.512000000000000000e+03
2.900000000000000000e+01 2.375000000000000000e+03
2.800000000000000000e+01 2.354000000000000000e+03
2.700000000000000000e+01 2.400000000000000000e+03
2.600000000000000000e+01 3.639000000000000000e+03
2.500000000000000000e+01 7.593000000000000000e+03
2.400000000000000000e+01 9.141000000000000000e+03
2.300000000000000000e+01 6.892000000000000000e+03
2.200000000000000000e+01 4.680000000000000000e+03
2.100000000000000000e+01 3.491000000000000000e+03
2.000000000000000000e+01 3.632000000000000000e+03
1.900000000000000000e+01 3.949000000000000000e+03
1.800000000000000000e+01 4.398000000000000000e+03
1.700000000000000000e+01 6.816000000000000000e+03
1.600000000000000000e+01 4.924000000000000000e+03
1.500000000000000000e+01 2.900000000000000000e+03
1.400000000000000000e+01 2.852000000000000000e+03
1.300000000000000000e+01 3.744000000000000000e+03
1.200000000000000000e+01 5.533000000000000000e+03
1.100000000000000000e+01 4.932000000000000000e+03
1.000000000000000000e+01 5.368000000000000000e+03
9.000000000000000000e+00 8.828000000000000000e+03
8.000000000000000000e+00 8.687000000000000000e+03
7.000000000000000000e+00 3.748000000000000000e+03
6.000000000000000000e+00 1.820000000000000000e+03
5.000000000000000000e+00 2.216000000000000000e+03
4.000000000000000000e+00 2.895000000000000000e+03
3.000000000000000000e+00 3.433000000000000000e+03
2.000000000000000000e+00 4.190000000000000000e+03
1.000000000000000000e+00 5.417000000000000000e+03
