1.043000000000000000e+03 0.000000000000000000e+00
1.042000000000000000e+03 0.000000000000000000e+00
1.041000000000000000e+03 0.000000000000000000e+00
1.040000000000000000e+03 0.000000000000000000e+00
1.039000000000000000e+03 0.000000000000000000e+00
1.038000000000000000e+03 0.000000000000000000e+00
1.037000000000000000e+03 0.000000000000000000e+00
1.036000000000000000e+03 0.000000000000000000e+00
1.035000000000000000e+03 0.000000000000000000e+00
1.034000000000000000e+03 0.000000000000000000e+00
1.033000000000000000e+03 0.000000000000000000e+00
1.032000000000000000e+03 0.000000000000000000e+00
1.031000000000000000e+03 0.000000000000000000e+00
1.030000000000000000e+03 0.000000000000000000e+00
1.029000000000000000e+03 0.000000000000000000e+00
1.028000000000000000e+03 0.000000000000000000e+00
1.027000000000000000e+03 0.000000000000000000e+00
1.026000000000000000e+03 0.000000000000000000e+00
1.025000000000000000e+03 0.000000000000000000e+00
1.024000000000000000e+03 0.000000000000000000e+00
1.023000000000000000e+03 0.000000000000000000e+00
1.022000000000000000e+03 0.000000000000000000e+00
1.021000000000000000e+03 0.000000000000000000e+00
1.020000000000000000e+03 0.000000000000000000e+00
1.019000000000000000e+03 0.000000000000000000e+00
1.018000000000000000e+03 0.000000000000000000e+00
1.017000000000000000e+03 0.000000000000000000e+00
1.016000000000000000e+03 0.000000000000000000e+00
1.015000000000000000e+03 0.000000000000000000e+00
1.014000000000000000e+03 0.000000000000000000e+00
1.013000000000000000e+03 0.000000000000000000e+00
1.012000000000000000e+03 0.000000000000000000e+00
1.011000000000000000e+03 0.000000000000000000e+00
1.010000000000000000e+03 0.000000000000000000e+00
1.009000000000000000e+03 0.000000000000000000e+00
1.008000000000000000e+03 0.000000000000000000e+00
1.007000000000000000e+03 0.000000000000000000e+00
1.006000000000000000e+03 0.000000000000000000e+00
1.005000000000000000e+03 0.000000000000000000e+00
1.004000000000000000e+03 0.000000000000000000e+00
1.003000000000000000e+03 0.000000000000000000e+00
1.002000000000000000e+03 0.000000000000000000e+00
1.001000000000000000e+03 0.000000000000000000e+00
1.000000000000000000e+03 0.000000000000000000e+00
9.990000000000000000e+02 0.000000000000000000e+00
9.980000000000000000e+02 0.000000000000000000e+00
9.970000000000000000e+02 0.000000000000000000e+00
9.960000000000000000e+02 0.000000000000000000e+00
9.950000000000000000e+02 0.000000000000000000e+00
9.940000000000000000e+02 0.000000000000000000e+00
9.930000000000000000e+02 0.000000000000000000e+00
9.920000000000000000e+02 0.000000000000000000e+00
9.910000000000000000e+02 0.000000000000000000e+00
9.900000000000000000e+02 0.000000000000000000e+00
9.890000000000000000e+02 0.000000000000000000e+00
9.880000000000000000e+02 0.000000000000000000e+00
9.870000000000000000e+02 0.000000000000000000e+00
9.860000000000000000e+02 0.000000000000000000e+00
9.850000000000000000e+02 0.000000000000000000e+00
9.840000000000000000e+02 0.000000000000000000e+00
9.830000000000000000e+02 0.000000000000000000e+00
9.820000000000000000e+02 0.000000000000000000e+00
9.810000000000000000e+02 0.000000000000000000e+00
9.800000000000000000e+02 0.000000000000000000e+00
9.790000000000000000e+02 0.000000000000000000e+00
9.780000000000000000e+02 0.000000000000000000e+00
9.770000000000000000e+02 0.000000000000000000e+00
9.760000000000000000e+02 0.000000000000000000e+00
9.750000000000000000e+02 3.000000000000000000e+00
9.740000000000000000e+02 6.000000000000000000e+00
9.730000000000000000e+02 3.100000000000000000e+01
9.720000000000000000e+02 2.090000000000000000e+02
9.710000000000000000e+02 1.827000000000000000e+03
9.700000000000000000e+02 1.700000000000000000e+03
9.690000000000000000e+02 1.138000000000000000e+03
9.680000000000000000e+02 5.440000000000000000e+02
9.670000000000000000e+02 1.990000000000000000e+02
9.660000000000000000e+02 7.200000000000000000e+01
9.650000000000000000e+02 5.600000000000000000e+01
9.640000000000000000e+02 5.000000000000000000e+01
9.630000000000000000e+02 4.400000000000000000e+01
9.620000000000000000e+02 5.000000000000000000e+01
9.610000000000000000e+02 3.600000000000000000e+01
9.600000000000000000e+02 3.400000000000000000e+01
9.590000000000000000e+02 3.400000000000000000e+01
9.580000000000000000e+02 1.900000000000000000e+01
9.570000000000000000e+02 2.400000000000000000e+01
9.560000000000000000e+02 2.400000000000000000e+01
9.550000000000000000e+02 1.900000000000000000e+01
9.540000000000000000e+02 1.100000000000000000e+01
9.530000000000000000e+02 1.000000000000000000e+01
9.520000000000000000e+02 1.500000000000000000e+01
9.510000000000000000e+02 1.100000000000000000e+01
9.500000000000000000e+02 8.000000000000000000e+00
9.490000000000000000e+02 1.500000000000000000e+01
9.480000000000000000e+02 3.000000000000000000e+00
9.470000000000000000e+02 8.000000000000000000e+00
9.460000000000000000e+02 4.000000000000000000e+00
9.450000000000000000e+02 4.000000000000000000e+00
9.440000000000000000e+02 1.000000000000000000e+00
9.430000000000000000e+02 1.000000000000000000e+00
9.420000000000000000e+02 0.000000000000000000e+00
9.410000000000000000e+02 1.000000000000000000e+00
9.400000000000000000e+02 1.000000000000000000e+00
9.390000000000000000e+02 0.000000000000000000e+00
9.380000000000000000e+02 3.000000000000000000e+00
9.370000000000000000e+02 0.000000000000000000e+00
9.360000000000000000e+02 0.000000000000000000e+00
9.350000000000000000e+02 0.000000000000000000e+00
9.340000000000000000e+02 2.000000000000000000e+00
9.330000000000000000e+02 0.000000000000000000e+00
9.320000000000000000e+02 0.000000000000000000e+00
9.310000000000000000e+02 0.000000000000000000e+00
9.300000000000000000e+02 2.000000000000000000e+00
9.290000000000000000e+02 2.000000000000000000e+00
9.280000000000000000e+02 4.000000000000000000e+00
9.270000000000000000e+02 4.000000000000000000e+00
9.260000000000000000e+02 2.000000000000000000e+00
9.250000000000000000e+02 5.000000000000000000e+00
9.240000000000000000e+02 8.000000000000000000e+00
9.230000000000000000e+02 1.100000000000000000e+01
9.220000000000000000e+02 1.300000000000000000e+01
9.210000000000000000e+02 1.800000000000000000e+01
9.200000000000000000e+02 3.200000000000000000e+01
9.190000000000000000e+02 3.200000000000000000e+01
9.180000000000000000e+02 3.700000000000000000e+01
9.170000000000000000e+02 4.600000000000000000e+01
9.160000000000000000e+02 5.600000000000000000e+01
9.150000000000000000e+02 6.300000000000000000e+01
9.140000000000000000e+02 8.200000000000000000e+01
9.130000000000000000e+02 1.160000000000000000e+02
9.120000000000000000e+02 1.120000000000000000e+02
9.110000000000000000e+02 1.020000000000000000e+02
9.100000000000000000e+02 1.310000000000000000e+02
9.090000000000000000e+02 2.170000000000000000e+02
9.080000000000000000e+02 1.800000000000000000e+02
9.070000000000000000e+02 1.730000000000000000e+02
9.060000000000000000e+02 1.700000000000000000e+02
9.050000000000000000e+02 2.620000000000000000e+02
9.040000000000000000e+02 3.270000000000000000e+02
9.030000000000000000e+02 2.650000000000000000e+02
9.020000000000000000e+02 2.470000000000000000e+02
9.010000000000000000e+02 4.050000000000000000e+02
9.000000000000000000e+02 4.470000000000000000e+02
8.990000000000000000e+02 4.380000000000000000e+02
8.980000000000000000e+02 4.100000000000000000e+02
8.970000000000000000e+02 4.470000000000000000e+02
8.960000000000000000e+02 4.450000000000000000e+02
8.950000000000000000e+02 5.370000000000000000e+02
8.940000000000000000e+02 4.760000000000000000e+02
8.930000000000000000e+02 4.280000000000000000e+02
8.920000000000000000e+02 3.860000000000000000e+02
8.910000000000000000e+02 3.910000000000000000e+02
8.900000000000000000e+02 4.040000000000000000e+02
8.890000000000000000e+02 4.040000000000000000e+02
8.880000000000000000e+02 4.950000000000000000e+02
8.870000000000000000e+02 5.000000000000000000e+02
8.860000000000000000e+02 3.420000000000000000e+02
8.850000000000000000e+02 3.300000000000000000e+02
8.840000000000000000e+02 3.800000000000000000e+02
8.830000000000000000e+02 4.480000000000000000e+02
8.820000000000000000e+02 2.680000000000000000e+02
8.810000000000000000e+02 2.630000000000000000e+02
8.800000000000000000e+02 2.320000000000000000e+02
8.790000000000000000e+02 3.160000000000000000e+02
8.780000000000000000e+02 2.930000000000000000e+02
8.770000000000000000e+02 2.180000000000000000e+02
8.760000000000000000e+02 1.230000000000000000e+02
8.750000000000000000e+02 1.930000000000000000e+02
8.740000000000000000e+02 2.100000000000000000e+02
8.730000000000000000e+02 1.400000000000000000e+02
8.720000000000000000e+02 1.020000000000000000e+02
8.710000000000000000e+02 8.400000000000000000e+01
8.700000000000000000e+02 9.300000000000000000e+01
8.690000000000000000e+02 7.000000000000000000e+01
8.680000000000000000e+02 5.200000000000000000e+01
8.670000000000000000e+02 3.200000000000000000e+01
8.660000000000000000e+02 2.400000000000000000e+01
8.650000000000000000e+02 2.500000000000000000e+01
8.640000000000000000e+02 2.200000000000000000e+01
8.630000000000000000e+02 6.000000000000000000e+00
8.620000000000000000e+02 7.000000000000000000e+00
8.610000000000000000e+02 6.000000000000000000e+00
8.600000000000000000e+02 6.000000000000000000e+00
8.590000000000000000e+02 4.000000000000000000e+00
8.580000000000000000e+02 4.000000000000000000e+00
8.570000000000000000e+02 1.000000000000000000e+00
8.560000000000000000e+02 1.000000000000000000e+00
8.550000000000000000e+02 2.000000000000000000e+00
8.540000000000000000e+02 1.000000000000000000e+00
8.530000000000000000e+02 1.000000000000000000e+00
8.520000000000000000e+02 5.000000000000000000e+00
8.510000000000000000e+02 3.000000000000000000e+00
8.500000000000000000e+02 5.000000000000000000e+00
8.490000000000000000e+02 1.700000000000000000e+01
8.480000000000000000e+02 -1.000000000000000000e+00
8.470000000000000000e+02 -1.000000000000000000e+00
8.460000000000000000e+02 -1.000000000000000000e+00
8.450000000000000000e+02 -1.000000000000000000e+00
8.440000000000000000e+02 -1.000000000000000000e+00
8.430000000000000000e+02 -1.000000000000000000e+00
8.420000000000000000e+02 -1.000000000000000000e+00
8.410000000000000000e+02 -1.000000000000000000e+00
8.400000000000000000e+02 -1.000000000000000000e+00
8.390000000000000000e+02 -1.000000000000000000e+00
8.380000000000000000e+02 -1.000000000000000000e+00
8.370000000000000000e+02 -1.000000000000000000e+00
8.360000000000000000e+02 -1.000000000000000000e+00
8.350000000000000000e+02 -1.000000000000000000e+00
8.340000000000000000e+02 -1.000000000000000000e+00
8.330000000000000000e+02 -1.000000000000000000e+00
8.320000000000000000e+02 -1.000000000000000000e+00
8.310000000000000000e+02 1.422600000000000000e+04
8.300000000000000000e+02 1.486700000000000000e+04
8.290000000000000000e+02 1.764800000000000000e+04
8.280000000000000000e+02 2.049200000000000000e+04
8.270000000000000000e+02 2.040500000000000000e+04
8.260000000000000000e+02 1.917600000000000000e+04
8.250000000000000000e+02 1.870000000000000000e+04
8.240000000000000000e+02 2.059800000000000000e+04
8.230000000000000000e+02 2.297400000000000000e+04
8.220000000000000000e+02 2.325700000000000000e+04
8.210000000000000000e+02 2.321300000000000000e+04
8.200000000000000000e+02 2.319800000000000000e+04
8.190000000000000000e+02 2.470300000000000000e+04
8.180000000000000000e+02 2.529400000000000000e+04
8.170000000000000000e+02 2.508200000000000000e+04
8.160000000000000000e+02 2.548200000000000000e+04
8.150000000000000000e+02 2.591600000000000000e+04
8.140000000000000000e+02 2.760300000000000000e+04
8.130000000000000000e+02 2.771600000000000000e+04
8.120000000000000000e+02 2.562400000000000000e+04
8.110000000000000000e+02 2.308700000000000000e+04
8.100000000000000000e+02 2.367600000000000000e+04
8.090000000000000000e+02 2.817900000000000000e+04
8.080000000000000000e+02 2.926500000000000000e+04
8.070000000000000000e+02 2.432100000000000000e+04
8.060000000000000000e+02 2.094100000000000000e+04
8.050000000000000000e+02 2.165900000000000000e+04
8.040000000000000000e+02 2.542700000000000000e+04
8.030000000000000000e+02 2.607500000000000000e+04
8.020000000000000000e+02 2.424300000000000000e+04
8.010000000000000000e+02 2.070900000000000000e+04
8.000000000000000000e+02 1.941300000000000000e+04
7.990000000000000000e+02 1.958000000000000000e+04
7.980000000000000000e+02 2.030300000000000000e+04
7.970000000000000000e+02 1.932900000000000000e+04
7.960000000000000000e+02 1.649200000000000000e+04
7.950000000000000000e+02 1.490800000000000000e+04
7.940000000000000000e+02 1.535600000000000000e+04
7.930000000000000000e+02 1.553700000000000000e+04
7.920000000000000000e+02 1.395900000000000000e+04
7.910000000000000000e+02 1.186700000000000000e+04
7.900000000000000000e+02 1.081100000000000000e+04
7.890000000000000000e+02 9.950000000000000000e+03
7.880000000000000000e+02 8.960000000000000000e+03
7.870000000000000000e+02 8.383000000000000000e+03
7.860000000000000000e+02 6.921000000000000000e+03
7.850000000000000000e+02 5.702000000000000000e+03
7.840000000000000000e+02 4.703000000000000000e+03
7.830000000000000000e+02 4.259000000000000000e+03
7.820000000000000000e+02 3.680000000000000000e+03
7.810000000000000000e+02 2.816000000000000000e+03
7.800000000000000000e+02 2.069000000000000000e+03
7.790000000000000000e+02 1.671000000000000000e+03
7.780000000000000000e+02 1.217000000000000000e+03
7.770000000000000000e+02 1.050000000000000000e+03
7.760000000000000000e+02 8.640000000000000000e+02
7.750000000000000000e+02 9.940000000000000000e+02
7.740000000000000000e+02 9.810000000000000000e+02
7.730000000000000000e+02 1.145000000000000000e+03
7.720000000000000000e+02 1.521000000000000000e+03
7.710000000000000000e+02 2.114000000000000000e+03
7.700000000000000000e+02 2.857000000000000000e+03
7.690000000000000000e+02 3.464000000000000000e+03
7.680000000000000000e+02 4.178000000000000000e+03
7.670000000000000000e+02 5.412000000000000000e+03
7.660000000000000000e+02 6.855000000000000000e+03
7.650000000000000000e+02 8.013000000000000000e+03
7.640000000000000000e+02 9.210000000000000000e+03
7.630000000000000000e+02 1.067800000000000000e+04
7.620000000000000000e+02 1.206200000000000000e+04
7.610000000000000000e+02 1.321000000000000000e+04
7.600000000000000000e+02 1.476100000000000000e+04
7.590000000000000000e+02 1.702600000000000000e+04
7.580000000000000000e+02 1.914000000000000000e+04
7.570000000000000000e+02 2.062500000000000000e+04
7.560000000000000000e+02 2.164900000000000000e+04
7.550000000000000000e+02 2.393300000000000000e+04
7.540000000000000000e+02 2.503900000000000000e+04
7.530000000000000000e+02 2.829700000000000000e+04
7.520000000000000000e+02 2.933200000000000000e+04
7.510000000000000000e+02 3.183100000000000000e+04
7.500000000000000000e+02 3.215400000000000000e+04
7.490000000000000000e+02 3.278300000000000000e+04
7.480000000000000000e+02 3.441500000000000000e+04
7.470000000000000000e+02 3.830900000000000000e+04
7.460000000000000000e+02 4.058300000000000000e+04
7.450000000000000000e+02 4.017400000000000000e+04
7.440000000000000000e+02 4.006000000000000000e+04
7.430000000000000000e+02 3.946400000000000000e+04
7.420000000000000000e+02 4.313300000000000000e+04
7.410000000000000000e+02 4.648400000000000000e+04
7.400000000000000000e+02 4.563400000000000000e+04
7.390000000000000000e+02 4.609300000000000000e+04
7.380000000000000000e+02 4.769900000000000000e+04
7.370000000000000000e+02 4.750700000000000000e+04
7.360000000000000000e+02 4.785800000000000000e+04
7.350000000000000000e+02 4.319300000000000000e+04
7.340000000000000000e+02 4.341200000000000000e+04
7.330000000000000000e+02 4.358600000000000000e+04
7.320000000000000000e+02 4.813900000000000000e+04
7.310000000000000000e+02 4.896700000000000000e+04
7.300000000000000000e+02 4.797300000000000000e+04
7.290000000000000000e+02 4.612000000000000000e+04
7.280000000000000000e+02 4.615400000000000000e+04
7.270000000000000000e+02 4.602400000000000000e+04
7.260000000000000000e+02 4.720800000000000000e+04
7.250000000000000000e+02 4.574000000000000000e+04
7.240000000000000000e+02 4.341900000000000000e+04
7.230000000000000000e+02 3.830400000000000000e+04
7.220000000000000000e+02 3.991000000000000000e+04
7.210000000000000000e+02 4.198300000000000000e+04
7.200000000000000000e+02 3.936800000000000000e+04
7.190000000000000000e+02 3.588700000000000000e+04
7.180000000000000000e+02 3.449800000000000000e+04
7.170000000000000000e+02 3.491700000000000000e+04
7.160000000000000000e+02 3.321900000000000000e+04
7.150000000000000000e+02 3.021500000000000000e+04
7.140000000000000000e+02 2.857600000000000000e+04
7.130000000000000000e+02 2.602200000000000000e+04
7.120000000000000000e+02 2.610000000000000000e+04
7.110000000000000000e+02 2.401800000000000000e+04
7.100000000000000000e+02 2.013000000000000000e+04
7.090000000000000000e+02 1.808700000000000000e+04
7.080000000000000000e+02 1.617200000000000000e+04
7.070000000000000000e+02 1.584700000000000000e+04
7.060000000000000000e+02 1.357100000000000000e+04
7.050000000000000000e+02 1.096500000000000000e+04
7.040000000000000000e+02 9.475000000000000000e+03
7.030000000000000000e+02 7.825000000000000000e+03
7.020000000000000000e+02 5.932000000000000000e+03
7.010000000000000000e+02 4.743000000000000000e+03
7.000000000000000000e+02 4.125000000000000000e+03
6.990000000000000000e+02 3.422000000000000000e+03
6.980000000000000000e+02 2.074000000000000000e+03
6.970000000000000000e+02 1.196000000000000000e+03
6.960000000000000000e+02 8.760000000000000000e+02
6.950000000000000000e+02 9.870000000000000000e+02
6.940000000000000000e+02 1.149000000000000000e+03
6.930000000000000000e+02 1.786000000000000000e+03
6.920000000000000000e+02 2.393000000000000000e+03
6.910000000000000000e+02 3.126000000000000000e+03
6.900000000000000000e+02 4.286000000000000000e+03
6.890000000000000000e+02 5.113000000000000000e+03
6.880000000000000000e+02 6.795000000000000000e+03
6.870000000000000000e+02 9.073000000000000000e+03
6.860000000000000000e+02 1.102300000000000000e+04
6.850000000000000000e+02 1.483300000000000000e+04
6.840000000000000000e+02 1.745600000000000000e+04
6.830000000000000000e+02 1.665300000000000000e+04
6.820000000000000000e+02 1.789200000000000000e+04
6.810000000000000000e+02 2.044200000000000000e+04
6.800000000000000000e+02 2.504300000000000000e+04
6.790000000000000000e+02 3.105700000000000000e+04
6.780000000000000000e+02 3.416800000000000000e+04
6.770000000000000000e+02 3.310500000000000000e+04
6.760000000000000000e+02 3.366900000000000000e+04
6.750000000000000000e+02 3.809400000000000000e+04
6.740000000000000000e+02 4.170000000000000000e+04
6.730000000000000000e+02 4.206900000000000000e+04
6.720000000000000000e+02 4.388600000000000000e+04
6.710000000000000000e+02 4.718200000000000000e+04
6.700000000000000000e+02 5.371200000000000000e+04
6.690000000000000000e+02 5.418100000000000000e+04
6.680000000000000000e+02 5.303300000000000000e+04
6.670000000000000000e+02 5.400600000000000000e+04
6.660000000000000000e+02 5.318400000000000000e+04
6.650000000000000000e+02 5.685400000000000000e+04
6.640000000000000000e+02 6.237800000000000000e+04
6.630000000000000000e+02 6.206100000000000000e+04
6.620000000000000000e+02 6.191900000000000000e+04
6.610000000000000000e+02 6.323400000000000000e+04
6.600000000000000000e+02 6.068700000000000000e+04
6.590000000000000000e+02 6.431700000000000000e+04
6.580000000000000000e+02 6.508100000000000000e+04
6.570000000000000000e+02 6.318100000000000000e+04
6.560000000000000000e+02 6.600000000000000000e+04
6.550000000000000000e+02 6.736900000000000000e+04
6.540000000000000000e+02 6.765900000000000000e+04
6.530000000000000000e+02 6.522500000000000000e+04
6.520000000000000000e+02 6.107300000000000000e+04
6.510000000000000000e+02 6.146600000000000000e+04
6.500000000000000000e+02 6.493800000000000000e+04
6.490000000000000000e+02 6.630700000000000000e+04
6.480000000000000000e+02 6.597500000000000000e+04
6.470000000000000000e+02 6.531300000000000000e+04
6.460000000000000000e+02 6.316000000000000000e+04
6.450000000000000000e+02 6.130400000000000000e+04
6.440000000000000000e+02 5.998900000000000000e+04
6.430000000000000000e+02 5.828300000000000000e+04
6.420000000000000000e+02 5.595800000000000000e+04
6.410000000000000000e+02 5.461000000000000000e+04
6.400000000000000000e+02 5.659100000000000000e+04
6.390000000000000000e+02 5.804100000000000000e+04
6.380000000000000000e+02 5.275400000000000000e+04
6.370000000000000000e+02 4.332800000000000000e+04
6.360000000000000000e+02 -1.000000000000000000e+00
6.350000000000000000e+02 -1.000000000000000000e+00
6.340000000000000000e+02 -1.000000000000000000e+00
6.330000000000000000e+02 -1.000000000000000000e+00
6.320000000000000000e+02 -1.000000000000000000e+00
6.310000000000000000e+02 -1.000000000000000000e+00
6.300000000000000000e+02 -1.000000000000000000e+00
6.290000000000000000e+02 -1.000000000000000000e+00
6.280000000000000000e+02 -1.000000000000000000e+00
6.270000000000000000e+02 -1.000000000000000000e+00
6.260000000000000000e+02 -1.000000000000000000e+00
6.250000000000000000e+02 -1.000000000000000000e+00
6.240000000000000000e+02 -1.000000000000000000e+00
6.230000000000000000e+02 -1.000000000000000000e+00
6.220000000000000000e+02 -1.000000000000000000e+00
6.210000000000000000e+02 -1.000000000000000000e+00
6.200000000000000000e+02 -1.000000000000000000e+00
6.190000000000000000e+02 3.789000000000000000e+03
6.180000000000000000e+02 2.731000000000000000e+03
6.170000000000000000e+02 1.713000000000000000e+03
6.160000000000000000e+02 1.241000000000000000e+03
6.150000000000000000e+02 1.092000000000000000e+03
6.140000000000000000e+02 1.279000000000000000e+03
6.130000000000000000e+02 2.168000000000000000e+03
6.120000000000000000e+02 3.406000000000000000e+03
6.110000000000000000e+02 4.730000000000000000e+03
6.100000000000000000e+02 7.157000000000000000e+03
6.090000000000000000e+02 9.990000000000000000e+03
6.080000000000000000e+02 1.240900000000000000e+04
6.070000000000000000e+02 1.574000000000000000e+04
6.060000000000000000e+02 1.928800000000000000e+04
6.050000000000000000e+02 2.242000000000000000e+04
6.040000000000000000e+02 2.334200000000000000e+04
6.030000000000000000e+02 2.718300000000000000e+04
6.020000000000000000e+02 3.220100000000000000e+04
6.010000000000000000e+02 3.688400000000000000e+04
6.000000000000000000e+02 4.120900000000000000e+04
5.990000000000000000e+02 4.532200000000000000e+04
5.980000000000000000e+02 4.588900000000000000e+04
5.970000000000000000e+02 4.811900000000000000e+04
5.960000000000000000e+02 4.996600000000000000e+04
5.950000000000000000e+02 5.395400000000000000e+04
5.940000000000000000e+02 5.854800000000000000e+04
5.930000000000000000e+02 6.023200000000000000e+04
5.920000000000000000e+02 6.419600000000000000e+04
5.910000000000000000e+02 6.826600000000000000e+04
5.900000000000000000e+02 6.970300000000000000e+04
5.890000000000000000e+02 7.198300000000000000e+04
5.880000000000000000e+02 7.059100000000000000e+04
5.870000000000000000e+02 6.765800000000000000e+04
5.860000000000000000e+02 6.886800000000000000e+04
5.850000000000000000e+02 7.058700000000000000e+04
5.840000000000000000e+02 7.339200000000000000e+04
5.830000000000000000e+02 7.718000000000000000e+04
5.820000000000000000e+02 7.966100000000000000e+04
5.810000000000000000e+02 8.097500000000000000e+04
5.800000000000000000e+02 7.967700000000000000e+04
5.790000000000000000e+02 7.775700000000000000e+04
5.780000000000000000e+02 7.760100000000000000e+04
5.770000000000000000e+02 7.914600000000000000e+04
5.760000000000000000e+02 7.935600000000000000e+04
5.750000000000000000e+02 7.746600000000000000e+04
5.740000000000000000e+02 7.808500000000000000e+04
5.730000000000000000e+02 8.028500000000000000e+04
5.720000000000000000e+02 7.698400000000000000e+04
5.710000000000000000e+02 7.907300000000000000e+04
5.700000000000000000e+02 8.127200000000000000e+04
5.690000000000000000e+02 7.907000000000000000e+04
5.680000000000000000e+02 7.702100000000000000e+04
5.670000000000000000e+02 7.606400000000000000e+04
5.660000000000000000e+02 7.294700000000000000e+04
5.650000000000000000e+02 7.323200000000000000e+04
5.640000000000000000e+02 7.393500000000000000e+04
5.630000000000000000e+02 7.017700000000000000e+04
5.620000000000000000e+02 7.089000000000000000e+04
5.610000000000000000e+02 6.685100000000000000e+04
5.600000000000000000e+02 6.426700000000000000e+04
5.590000000000000000e+02 6.552200000000000000e+04
5.580000000000000000e+02 6.360800000000000000e+04
5.570000000000000000e+02 6.170800000000000000e+04
5.560000000000000000e+02 6.101400000000000000e+04
5.550000000000000000e+02 5.665100000000000000e+04
5.540000000000000000e+02 5.254100000000000000e+04
5.530000000000000000e+02 4.668800000000000000e+04
5.520000000000000000e+02 4.378100000000000000e+04
5.510000000000000000e+02 4.347400000000000000e+04
5.500000000000000000e+02 4.040000000000000000e+04
5.490000000000000000e+02 4.030000000000000000e+04
5.480000000000000000e+02 3.876600000000000000e+04
5.470000000000000000e+02 3.244500000000000000e+04
5.460000000000000000e+02 2.544600000000000000e+04
5.450000000000000000e+02 2.109500000000000000e+04
5.440000000000000000e+02 1.779100000000000000e+04
5.430000000000000000e+02 1.542200000000000000e+04
5.420000000000000000e+02 1.350700000000000000e+04
5.410000000000000000e+02 1.038100000000000000e+04
5.400000000000000000e+02 6.929000000000000000e+03
5.390000000000000000e+02 4.500000000000000000e+03
5.380000000000000000e+02 2.553000000000000000e+03
5.370000000000000000e+02 1.272000000000000000e+03
5.360000000000000000e+02 9.490000000000000000e+02
5.350000000000000000e+02 1.275000000000000000e+03
5.340000000000000000e+02 2.393000000000000000e+03
5.330000000000000000e+02 4.400000000000000000e+03
5.320000000000000000e+02 7.113000000000000000e+03
5.310000000000000000e+02 1.050000000000000000e+04
5.300000000000000000e+02 1.344300000000000000e+04
5.290000000000000000e+02 1.712400000000000000e+04
5.280000000000000000e+02 2.287500000000000000e+04
5.270000000000000000e+02 2.878400000000000000e+04
5.260000000000000000e+02 3.245500000000000000e+04
5.250000000000000000e+02 3.504900000000000000e+04
5.240000000000000000e+02 3.768400000000000000e+04
5.230000000000000000e+02 3.535500000000000000e+04
5.220000000000000000e+02 3.794200000000000000e+04
5.210000000000000000e+02 4.054200000000000000e+04
5.200000000000000000e+02 5.739100000000000000e+04
5.190000000000000000e+02 6.090400000000000000e+04
5.180000000000000000e+02 6.329800000000000000e+04
5.170000000000000000e+02 6.295600000000000000e+04
5.160000000000000000e+02 6.205700000000000000e+04
5.150000000000000000e+02 6.132200000000000000e+04
5.140000000000000000e+02 6.410900000000000000e+04
5.130000000000000000e+02 6.926300000000000000e+04
5.120000000000000000e+02 7.269500000000000000e+04
5.110000000000000000e+02 7.465600000000000000e+04
5.100000000000000000e+02 7.444100000000000000e+04
5.090000000000000000e+02 7.587900000000000000e+04
5.080000000000000000e+02 7.702800000000000000e+04
5.070000000000000000e+02 7.700000000000000000e+04
5.060000000000000000e+02 7.751900000000000000e+04
5.050000000000000000e+02 8.037600000000000000e+04
5.040000000000000000e+02 8.340400000000000000e+04
5.030000000000000000e+02 8.904800000000000000e+04
5.020000000000000000e+02 8.924800000000000000e+04
5.010000000000000000e+02 8.682900000000000000e+04
5.000000000000000000e+02 8.336800000000000000e+04
4.990000000000000000e+02 8.034600000000000000e+04
4.980000000000000000e+02 7.676400000000000000e+04
4.970000000000000000e+02 7.601500000000000000e+04
4.960000000000000000e+02 7.656200000000000000e+04
4.950000000000000000e+02 7.953100000000000000e+04
4.940000000000000000e+02 8.136000000000000000e+04
4.930000000000000000e+02 8.307200000000000000e+04
4.920000000000000000e+02 8.152300000000000000e+04
4.910000000000000000e+02 7.794500000000000000e+04
4.900000000000000000e+02 7.700900000000000000e+04
4.890000000000000000e+02 7.596200000000000000e+04
4.880000000000000000e+02 7.814600000000000000e+04
4.870000000000000000e+02 7.784000000000000000e+04
4.860000000000000000e+02 7.584700000000000000e+04
4.850000000000000000e+02 7.481300000000000000e+04
4.840000000000000000e+02 7.117700000000000000e+04
4.830000000000000000e+02 6.868200000000000000e+04
4.820000000000000000e+02 7.031100000000000000e+04
4.810000000000000000e+02 6.811600000000000000e+04
4.800000000000000000e+02 6.580500000000000000e+04
4.790000000000000000e+02 6.411000000000000000e+04
4.780000000000000000e+02 6.692100000000000000e+04
4.770000000000000000e+02 7.268000000000000000e+04
4.760000000000000000e+02 7.644900000000000000e+04
4.750000000000000000e+02 7.470200000000000000e+04
4.740000000000000000e+02 7.518800000000000000e+04
4.730000000000000000e+02 7.583200000000000000e+04
4.720000000000000000e+02 7.476800000000000000e+04
4.710000000000000000e+02 7.136500000000000000e+04
4.700000000000000000e+02 6.899900000000000000e+04
4.690000000000000000e+02 6.730100000000000000e+04
4.680000000000000000e+02 6.866300000000000000e+04
4.670000000000000000e+02 7.129400000000000000e+04
4.660000000000000000e+02 7.165200000000000000e+04
4.650000000000000000e+02 7.165900000000000000e+04
4.640000000000000000e+02 7.232600000000000000e+04
4.630000000000000000e+02 7.325500000000000000e+04
4.620000000000000000e+02 7.446000000000000000e+04
4.610000000000000000e+02 7.124500000000000000e+04
4.600000000000000000e+02 6.871300000000000000e+04
4.590000000000000000e+02 6.705900000000000000e+04
4.580000000000000000e+02 6.512700000000000000e+04
4.570000000000000000e+02 6.330400000000000000e+04
4.560000000000000000e+02 6.073700000000000000e+04
4.550000000000000000e+02 6.090500000000000000e+04
4.540000000000000000e+02 5.917200000000000000e+04
4.530000000000000000e+02 5.700200000000000000e+04
4.520000000000000000e+02 5.176300000000000000e+04
4.510000000000000000e+02 4.593700000000000000e+04
4.500000000000000000e+02 4.297500000000000000e+04
4.490000000000000000e+02 3.889400000000000000e+04
4.480000000000000000e+02 3.878300000000000000e+04
4.470000000000000000e+02 3.712500000000000000e+04
4.460000000000000000e+02 3.465600000000000000e+04
4.450000000000000000e+02 3.370500000000000000e+04
4.440000000000000000e+02 3.228100000000000000e+04
4.430000000000000000e+02 3.040600000000000000e+04
4.420000000000000000e+02 2.717000000000000000e+04
4.410000000000000000e+02 1.939400000000000000e+04
4.400000000000000000e+02 1.416500000000000000e+04
4.390000000000000000e+02 1.141300000000000000e+04
4.380000000000000000e+02 1.278000000000000000e+04
4.370000000000000000e+02 1.555900000000000000e+04
4.360000000000000000e+02 1.375900000000000000e+04
4.350000000000000000e+02 1.150100000000000000e+04
4.340000000000000000e+02 1.434800000000000000e+04
4.330000000000000000e+02 2.111100000000000000e+04
4.320000000000000000e+02 3.488700000000000000e+04
4.310000000000000000e+02 5.003300000000000000e+04
4.300000000000000000e+02 6.038700000000000000e+04
4.290000000000000000e+02 6.586800000000000000e+04
4.280000000000000000e+02 6.895900000000000000e+04
4.270000000000000000e+02 7.338600000000000000e+04
4.260000000000000000e+02 7.739500000000000000e+04
4.250000000000000000e+02 7.817200000000000000e+04
4.240000000000000000e+02 -1.000000000000000000e+00
4.230000000000000000e+02 -1.000000000000000000e+00
4.220000000000000000e+02 -1.000000000000000000e+00
4.210000000000000000e+02 -1.000000000000000000e+00
4.200000000000000000e+02 -1.000000000000000000e+00
4.190000000000000000e+02 -1.000000000000000000e+00
4.180000000000000000e+02 -1.000000000000000000e+00
4.170000000000000000e+02 -1.000000000000000000e+00
4.160000000000000000e+02 -1.000000000000000000e+00
4.150000000000000000e+02 -1.000000000000000000e+00
4.140000000000000000e+02 -1.000000000000000000e+00
4.130000000000000000e+02 -1.000000000000000000e+00
4.120000000000000000e+02 -1.000000000000000000e+00
4.110000000000000000e+02 -1.000000000000000000e+00
4.100000000000000000e+02 -1.000000000000000000e+00
4.090000000000000000e+02 -1.000000000000000000e+00
4.080000000000000000e+02 -1.000000000000000000e+00
4.070000000000000000e+02 7.001100000000000000e+04
4.060000000000000000e+02 7.164900000000000000e+04
4.050000000000000000e+02 7.018800000000000000e+04
4.040000000000000000e+02 6.760900000000000000e+04
4.030000000000000000e+02 6.205100000000000000e+04
4.020000000000000000e+02 5.865300000000000000e+04
4.010000000000000000e+02 5.561200000000000000e+04
4.000000000000000000e+02 5.085200000000000000e+04
3.990000000000000000e+02 4.691000000000000000e+04
3.980000000000000000e+02 4.202800000000000000e+04
3.970000000000000000e+02 3.454400000000000000e+04
3.960000000000000000e+02 2.770600000000000000e+04
3.950000000000000000e+02 2.274300000000000000e+04
3.940000000000000000e+02 1.799900000000000000e+04
3.930000000000000000e+02 1.524700000000000000e+04
3.920000000000000000e+02 1.527000000000000000e+04
3.910000000000000000e+02 1.780600000000000000e+04
3.900000000000000000e+02 2.136300000000000000e+04
3.890000000000000000e+02 2.708900000000000000e+04
3.880000000000000000e+02 3.301200000000000000e+04
3.870000000000000000e+02 3.887100000000000000e+04
3.860000000000000000e+02 4.157400000000000000e+04
3.850000000000000000e+02 4.390200000000000000e+04
3.840000000000000000e+02 4.495500000000000000e+04
3.830000000000000000e+02 4.725900000000000000e+04
3.820000000000000000e+02 5.081300000000000000e+04
3.810000000000000000e+02 5.536800000000000000e+04
3.800000000000000000e+02 5.830000000000000000e+04
3.790000000000000000e+02 6.154100000000000000e+04
3.780000000000000000e+02 6.294600000000000000e+04
3.770000000000000000e+02 6.544800000000000000e+04
3.760000000000000000e+02 6.720100000000000000e+04
3.750000000000000000e+02 6.991100000000000000e+04
3.740000000000000000e+02 7.548400000000000000e+04
3.730000000000000000e+02 8.272400000000000000e+04
3.720000000000000000e+02 8.918000000000000000e+04
3.710000000000000000e+02 9.327500000000000000e+04
3.700000000000000000e+02 1.009940000000000000e+05
3.690000000000000000e+02 1.066040000000000000e+05
3.680000000000000000e+02 1.148600000000000000e+05
3.670000000000000000e+02 1.149810000000000000e+05
3.660000000000000000e+02 1.176950000000000000e+05
3.650000000000000000e+02 1.194230000000000000e+05
3.640000000000000000e+02 1.203050000000000000e+05
3.630000000000000000e+02 1.205420000000000000e+05
3.620000000000000000e+02 1.202970000000000000e+05
3.610000000000000000e+02 1.212690000000000000e+05
3.600000000000000000e+02 1.209890000000000000e+05
3.590000000000000000e+02 1.185210000000000000e+05
3.580000000000000000e+02 1.193450000000000000e+05
3.570000000000000000e+02 1.188120000000000000e+05
3.560000000000000000e+02 1.186670000000000000e+05
3.550000000000000000e+02 1.128980000000000000e+05
3.540000000000000000e+02 1.084700000000000000e+05
3.530000000000000000e+02 1.045620000000000000e+05
3.520000000000000000e+02 1.003640000000000000e+05
3.510000000000000000e+02 9.779800000000000000e+04
3.500000000000000000e+02 8.777800000000000000e+04
3.490000000000000000e+02 8.526500000000000000e+04
3.480000000000000000e+02 8.002100000000000000e+04
3.470000000000000000e+02 7.818900000000000000e+04
3.460000000000000000e+02 8.033000000000000000e+04
3.450000000000000000e+02 8.266300000000000000e+04
3.440000000000000000e+02 8.354300000000000000e+04
3.430000000000000000e+02 8.268000000000000000e+04
3.420000000000000000e+02 8.222200000000000000e+04
3.410000000000000000e+02 8.242600000000000000e+04
3.400000000000000000e+02 8.416700000000000000e+04
3.390000000000000000e+02 8.092900000000000000e+04
3.380000000000000000e+02 8.066400000000000000e+04
3.370000000000000000e+02 7.937700000000000000e+04
3.360000000000000000e+02 7.845000000000000000e+04
3.350000000000000000e+02 7.756200000000000000e+04
3.340000000000000000e+02 7.640100000000000000e+04
3.330000000000000000e+02 7.420000000000000000e+04
3.320000000000000000e+02 7.314100000000000000e+04
3.310000000000000000e+02 7.146400000000000000e+04
3.300000000000000000e+02 7.275800000000000000e+04
3.290000000000000000e+02 7.003800000000000000e+04
3.280000000000000000e+02 6.787200000000000000e+04
3.270000000000000000e+02 6.659000000000000000e+04
3.260000000000000000e+02 6.550300000000000000e+04
3.250000000000000000e+02 6.490700000000000000e+04
3.240000000000000000e+02 6.383900000000000000e+04
3.230000000000000000e+02 6.319900000000000000e+04
3.220000000000000000e+02 6.224900000000000000e+04
3.210000000000000000e+02 6.099600000000000000e+04
3.200000000000000000e+02 5.966800000000000000e+04
3.190000000000000000e+02 5.828000000000000000e+04
3.180000000000000000e+02 5.710300000000000000e+04
3.170000000000000000e+02 5.605300000000000000e+04
3.160000000000000000e+02 5.453400000000000000e+04
3.150000000000000000e+02 5.330800000000000000e+04
3.140000000000000000e+02 5.271500000000000000e+04
3.130000000000000000e+02 5.176200000000000000e+04
3.120000000000000000e+02 5.011800000000000000e+04
3.110000000000000000e+02 3.769000000000000000e+04
3.100000000000000000e+02 3.687000000000000000e+04
3.090000000000000000e+02 3.608700000000000000e+04
3.080000000000000000e+02 4.495200000000000000e+04
3.070000000000000000e+02 4.357000000000000000e+04
3.060000000000000000e+02 4.200500000000000000e+04
3.050000000000000000e+02 4.078700000000000000e+04
3.040000000000000000e+02 3.946000000000000000e+04
3.030000000000000000e+02 3.847800000000000000e+04
3.020000000000000000e+02 3.723100000000000000e+04
3.010000000000000000e+02 3.601300000000000000e+04
3.000000000000000000e+02 3.437000000000000000e+04
2.990000000000000000e+02 3.368400000000000000e+04
2.980000000000000000e+02 3.200000000000000000e+04
2.970000000000000000e+02 3.148800000000000000e+04
2.960000000000000000e+02 2.993400000000000000e+04
2.950000000000000000e+02 2.840800000000000000e+04
2.940000000000000000e+02 2.666500000000000000e+04
2.930000000000000000e+02 2.504900000000000000e+04
2.920000000000000000e+02 2.363200000000000000e+04
2.910000000000000000e+02 2.160600000000000000e+04
2.900000000000000000e+02 1.967000000000000000e+04
2.890000000000000000e+02 1.754700000000000000e+04
2.880000000000000000e+02 1.527100000000000000e+04
2.870000000000000000e+02 1.313300000000000000e+04
2.860000000000000000e+02 1.138800000000000000e+04
2.850000000000000000e+02 8.978000000000000000e+03
2.840000000000000000e+02 7.499000000000000000e+03
2.830000000000000000e+02 5.735000000000000000e+03
2.820000000000000000e+02 3.801000000000000000e+03
2.810000000000000000e+02 2.321000000000000000e+03
2.800000000000000000e+02 1.399000000000000000e+03
2.790000000000000000e+02 1.110000000000000000e+03
2.780000000000000000e+02 9.250000000000000000e+02
2.770000000000000000e+02 9.320000000000000000e+02
2.760000000000000000e+02 8.860000000000000000e+02
2.750000000000000000e+02 8.960000000000000000e+02
2.740000000000000000e+02 9.370000000000000000e+02
2.730000000000000000e+02 9.170000000000000000e+02
2.720000000000000000e+02 9.310000000000000000e+02
2.710000000000000000e+02 9.700000000000000000e+02
2.700000000000000000e+02 9.280000000000000000e+02
2.690000000000000000e+02 9.970000000000000000e+02
2.680000000000000000e+02 9.990000000000000000e+02
2.670000000000000000e+02 1.013000000000000000e+03
2.660000000000000000e+02 1.011000000000000000e+03
2.650000000000000000e+02 1.049000000000000000e+03
2.640000000000000000e+02 1.017000000000000000e+03
2.630000000000000000e+02 1.037000000000000000e+03
2.620000000000000000e+02 1.047000000000000000e+03
2.610000000000000000e+02 1.108000000000000000e+03
2.600000000000000000e+02 1.028000000000000000e+03
2.590000000000000000e+02 1.074000000000000000e+03
2.580000000000000000e+02 1.094000000000000000e+03
2.570000000000000000e+02 1.076000000000000000e+03
2.560000000000000000e+02 1.063000000000000000e+03
2.550000000000000000e+02 9.720000000000000000e+02
2.540000000000000000e+02 9.650000000000000000e+02
2.530000000000000000e+02 9.200000000000000000e+02
2.520000000000000000e+02 9.440000000000000000e+02
2.510000000000000000e+02 8.700000000000000000e+02
2.500000000000000000e+02 8.340000000000000000e+02
2.490000000000000000e+02 7.700000000000000000e+02
2.480000000000000000e+02 7.760000000000000000e+02
2.470000000000000000e+02 6.840000000000000000e+02
2.460000000000000000e+02 6.720000000000000000e+02
2.450000000000000000e+02 6.590000000000000000e+02
2.440000000000000000e+02 6.560000000000000000e+02
2.430000000000000000e+02 6.420000000000000000e+02
2.420000000000000000e+02 6.410000000000000000e+02
2.410000000000000000e+02 6.720000000000000000e+02
2.400000000000000000e+02 6.910000000000000000e+02
2.390000000000000000e+02 6.660000000000000000e+02
2.380000000000000000e+02 6.770000000000000000e+02
2.370000000000000000e+02 7.010000000000000000e+02
2.360000000000000000e+02 7.670000000000000000e+02
2.350000000000000000e+02 8.080000000000000000e+02
2.340000000000000000e+02 9.050000000000000000e+02
2.330000000000000000e+02 1.074000000000000000e+03
2.320000000000000000e+02 1.156000000000000000e+03
2.310000000000000000e+02 1.322000000000000000e+03
2.300000000000000000e+02 1.527000000000000000e+03
2.290000000000000000e+02 1.781000000000000000e+03
2.280000000000000000e+02 2.336000000000000000e+03
2.270000000000000000e+02 3.140000000000000000e+03
2.260000000000000000e+02 3.671000000000000000e+03
2.250000000000000000e+02 4.051000000000000000e+03
2.240000000000000000e+02 5.020000000000000000e+03
2.230000000000000000e+02 5.578000000000000000e+03
2.220000000000000000e+02 5.422000000000000000e+03
2.210000000000000000e+02 5.167000000000000000e+03
2.200000000000000000e+02 5.155000000000000000e+03
2.190000000000000000e+02 4.855000000000000000e+03
2.180000000000000000e+02 4.714000000000000000e+03
2.170000000000000000e+02 5.098000000000000000e+03
2.160000000000000000e+02 5.275000000000000000e+03
2.150000000000000000e+02 5.078000000000000000e+03
2.140000000000000000e+02 5.114000000000000000e+03
2.130000000000000000e+02 5.296000000000000000e+03
2.120000000000000000e+02 -1.000000000000000000e+00
2.110000000000000000e+02 -1.000000000000000000e+00
2.100000000000000000e+02 -1.000000000000000000e+00
2.090000000000000000e+02 -1.000000000000000000e+00
2.080000000000000000e+02 -1.000000000000000000e+00
2.070000000000000000e+02 -1.000000000000000000e+00
2.060000000000000000e+02 -1.000000000000000000e+00
2.050000000000000000e+02 -1.000000000000000000e+00
2.040000000000000000e+02 -1.000000000000000000e+00
2.030000000000000000e+02 -1.000000000000000000e+00
2.020000000000000000e+02 -1.000000000000000000e+00
2.010000000000000000e+02 -1.000000000000000000e+00
2.000000000000000000e+02 -1.000000000000000000e+00
1.990000000000000000e+02 -1.000000000000000000e+00
1.980000000000000000e+02 -1.000000000000000000e+00
1.970000000000000000e+02 -1.000000000000000000e+00
1.960000000000000000e+02 -1.000000000000000000e+00
1.950000000000000000e+02 2.014400000000000000e+04
1.940000000000000000e+02 2.118500000000000000e+04
1.930000000000000000e+02 2.161700000000000000e+04
1.920000000000000000e+02 2.217300000000000000e+04
1.910000000000000000e+02 2.203400000000000000e+04
1.900000000000000000e+02 2.264000000000000000e+04
1.890000000000000000e+02 2.243500000000000000e+04
1.880000000000000000e+02 2.136700000000000000e+04
1.870000000000000000e+02 1.943200000000000000e+04
1.860000000000000000e+02 1.797000000000000000e+04
1.850000000000000000e+02 1.752000000000000000e+04
1.840000000000000000e+02 1.805800000000000000e+04
1.830000000000000000e+02 1.915200000000000000e+04
1.820000000000000000e+02 1.985300000000000000e+04
1.810000000000000000e+02 2.077200000000000000e+04
1.800000000000000000e+02 2.184700000000000000e+04
1.790000000000000000e+02 2.306200000000000000e+04
1.780000000000000000e+02 2.294500000000000000e+04
1.770000000000000000e+02 2.194400000000000000e+04
1.760000000000000000e+02 2.254500000000000000e+04
1.750000000000000000e+02 2.337800000000000000e+04
1.740000000000000000e+02 2.419200000000000000e+04
1.730000000000000000e+02 2.513600000000000000e+04
1.720000000000000000e+02 2.681000000000000000e+04
1.710000000000000000e+02 2.783700000000000000e+04
1.700000000000000000e+02 2.920400000000000000e+04
1.690000000000000000e+02 2.824500000000000000e+04
1.680000000000000000e+02 2.733100000000000000e+04
1.670000000000000000e+02 2.582500000000000000e+04
1.660000000000000000e+02 2.590200000000000000e+04
1.650000000000000000e+02 2.646000000000000000e+04
1.640000000000000000e+02 2.816800000000000000e+04
1.630000000000000000e+02 2.964100000000000000e+04
1.620000000000000000e+02 3.122700000000000000e+04
1.610000000000000000e+02 3.132600000000000000e+04
1.600000000000000000e+02 3.087400000000000000e+04
1.590000000000000000e+02 3.037200000000000000e+04
1.580000000000000000e+02 2.911800000000000000e+04
1.570000000000000000e+02 2.769200000000000000e+04
1.560000000000000000e+02 2.772300000000000000e+04
1.550000000000000000e+02 2.869400000000000000e+04
1.540000000000000000e+02 3.040300000000000000e+04
1.530000000000000000e+02 3.049100000000000000e+04
1.520000000000000000e+02 3.204500000000000000e+04
1.510000000000000000e+02 3.309500000000000000e+04
1.500000000000000000e+02 3.448500000000000000e+04
1.490000000000000000e+02 3.549500000000000000e+04
1.480000000000000000e+02 3.600000000000000000e+04
1.470000000000000000e+02 3.701500000000000000e+04
1.460000000000000000e+02 3.696900000000000000e+04
1.450000000000000000e+02 3.682400000000000000e+04
1.440000000000000000e+02 3.790400000000000000e+04
1.430000000000000000e+02 3.822600000000000000e+04
1.420000000000000000e+02 4.027600000000000000e+04
1.410000000000000000e+02 4.243500000000000000e+04
1.400000000000000000e+02 4.181100000000000000e+04
1.390000000000000000e+02 3.977600000000000000e+04
1.380000000000000000e+02 3.832800000000000000e+04
1.370000000000000000e+02 3.851400000000000000e+04
1.360000000000000000e+02 3.990200000000000000e+04
1.350000000000000000e+02 4.284500000000000000e+04
1.340000000000000000e+02 4.410900000000000000e+04
1.330000000000000000e+02 4.371100000000000000e+04
1.320000000000000000e+02 4.536700000000000000e+04
1.310000000000000000e+02 4.605200000000000000e+04
1.300000000000000000e+02 4.731300000000000000e+04
1.290000000000000000e+02 4.680100000000000000e+04
1.280000000000000000e+02 4.577000000000000000e+04
1.270000000000000000e+02 4.451000000000000000e+04
1.260000000000000000e+02 4.337600000000000000e+04
1.250000000000000000e+02 4.200200000000000000e+04
1.240000000000000000e+02 4.258100000000000000e+04
1.230000000000000000e+02 4.352400000000000000e+04
1.220000000000000000e+02 4.387500000000000000e+04
1.210000000000000000e+02 4.239800000000000000e+04
1.200000000000000000e+02 4.100600000000000000e+04
1.190000000000000000e+02 3.931600000000000000e+04
1.180000000000000000e+02 3.993800000000000000e+04
1.170000000000000000e+02 3.924300000000000000e+04
1.160000000000000000e+02 3.859300000000000000e+04
1.150000000000000000e+02 3.734400000000000000e+04
1.140000000000000000e+02 3.694700000000000000e+04
1.130000000000000000e+02 3.697000000000000000e+04
1.120000000000000000e+02 3.769000000000000000e+04
1.110000000000000000e+02 3.909300000000000000e+04
1.100000000000000000e+02 3.919700000000000000e+04
1.090000000000000000e+02 3.728900000000000000e+04
1.080000000000000000e+02 3.600000000000000000e+04
1.070000000000000000e+02 3.394000000000000000e+04
1.060000000000000000e+02 3.287600000000000000e+04
1.050000000000000000e+02 3.067800000000000000e+04
1.040000000000000000e+02 2.694300000000000000e+04
1.030000000000000000e+02 2.562900000000000000e+04
1.020000000000000000e+02 2.449300000000000000e+04
1.010000000000000000e+02 2.498300000000000000e+04
1.000000000000000000e+02 2.569100000000000000e+04
9.900000000000000000e+01 2.288000000000000000e+04
9.800000000000000000e+01 2.321700000000000000e+04
9.700000000000000000e+01 2.357600000000000000e+04
9.600000000000000000e+01 2.830100000000000000e+04
9.500000000000000000e+01 2.785100000000000000e+04
9.400000000000000000e+01 2.714000000000000000e+04
9.300000000000000000e+01 2.552900000000000000e+04
9.200000000000000000e+01 2.211200000000000000e+04
9.100000000000000000e+01 2.057500000000000000e+04
9.000000000000000000e+01 2.201100000000000000e+04
8.900000000000000000e+01 2.266900000000000000e+04
8.800000000000000000e+01 2.206900000000000000e+04
8.700000000000000000e+01 1.995200000000000000e+04
8.600000000000000000e+01 1.792700000000000000e+04
8.500000000000000000e+01 1.757800000000000000e+04
8.400000000000000000e+01 1.672400000000000000e+04
8.300000000000000000e+01 1.523000000000000000e+04
8.200000000000000000e+01 1.437100000000000000e+04
8.100000000000000000e+01 1.595700000000000000e+04
8.000000000000000000e+01 2.063600000000000000e+04
7.900000000000000000e+01 2.182000000000000000e+04
7.800000000000000000e+01 2.234600000000000000e+04
7.700000000000000000e+01 1.923100000000000000e+04
7.600000000000000000e+01 1.414100000000000000e+04
7.500000000000000000e+01 1.052200000000000000e+04
7.400000000000000000e+01 8.966000000000000000e+03
7.300000000000000000e+01 8.486000000000000000e+03
7.200000000000000000e+01 7.367000000000000000e+03
7.100000000000000000e+01 7.732000000000000000e+03
7.000000000000000000e+01 7.114000000000000000e+03
6.900000000000000000e+01 6.326000000000000000e+03
6.800000000000000000e+01 7.264000000000000000e+03
6.700000000000000000e+01 8.914000000000000000e+03
6.600000000000000000e+01 7.618000000000000000e+03
6.500000000000000000e+01 4.553000000000000000e+03
6.400000000000000000e+01 3.822000000000000000e+03
6.300000000000000000e+01 3.007000000000000000e+03
6.200000000000000000e+01 2.888000000000000000e+03
6.100000000000000000e+01 3.867000000000000000e+03
6.000000000000000000e+01 5.383000000000000000e+03
5.900000000000000000e+01 4.246000000000000000e+03
5.800000000000000000e+01 2.466000000000000000e+03
5.700000000000000000e+01 1.156000000000000000e+03
5.600000000000000000e+01 6.420000000000000000e+02
5.500000000000000000e+01 3.980000000000000000e+02
5.400000000000000000e+01 3.310000000000000000e+02
5.300000000000000000e+01 2.280000000000000000e+02
5.200000000000000000e+01 1.910000000000000000e+02
5.100000000000000000e+01 1.490000000000000000e+02
5.000000000000000000e+01 1.730000000000000000e+02
4.900000000000000000e+01 2.290000000000000000e+02
4.800000000000000000e+01 2.400000000000000000e+02
4.700000000000000000e+01 3.200000000000000000e+02
4.600000000000000000e+01 3.980000000000000000e+02
4.500000000000000000e+01 4.360000000000000000e+02
4.400000000000000000e+01 8.030000000000000000e+02
4.300000000000000000e+01 1.372000000000000000e+03
4.200000000000000000e+01 1.767000000000000000e+03
4.100000000000000000e+01 1.621000000000000000e+03
4.000000000000000000e+01 1.247000000000000000e+03
3.900000000000000000e+01 1.480000000000000000e+03
3.800000000000000000e+01 2.506000000000000000e+03
3.700000000000000000e+01 4.184000000000000000e+03
3.600000000000000000e+01 3.201000000000000000e+03
3.500000000000000000e+01 2.311000000000000000e+03
3.400000000000000000e+01 3.064000000000000000e+03
3.300000000000000000e+01 5.089000000000000000e+03
3.200000000000000000e+01 5.037000000000000000e+03
3.100000000000000000e+01 4.044000000000000000e+03
3.000000000000000000e+01 2.851000000000000000e+03
2.900000000000000000e+01 3.390000000000000000e+03
2.800000000000000000e+01 6.652000000000000000e+03
2.700000000000000000e+01 8.305000000000000000e+03
2.600000000000000000e+01 7.943000000000000000e+03
2.500000000000000000e+01 6.228000000000000000e+03
2.400000000000000000e+01 3.798000000000000000e+03
2.300000000000000000e+01 2.947000000000000000e+03
2.200000000000000000e+01 3.553000000000000000e+03
2.100000000000000000e+01 5.650000000000000000e+03
2.000000000000000000e+01 6.892000000000000000e+03
1.900000000000000000e+01 8.127000000000000000e+03
1.800000000000000000e+01 8.082000000000000000e+03
1.700000000000000000e+01 8.404000000000000000e+03
1.600000000000000000e+01 6.798000000000000000e+03
1.500000000000000000e+01 4.737000000000000000e+03
1.400000000000000000e+01 3.585000000000000000e+03
1.300000000000000000e+01 4.102000000000000000e+03
1.200000000000000000e+01 5.075000000000000000e+03
1.100000000000000000e+01 6.159000000000000000e+03
1.000000000000000000e+01 7.094000000000000000e+03
9.000000000000000000e+00 6.870000000000000000e+03
8.000000000000000000e+00 4.855000000000000000e+03
7.000000000000000000e+00 4.205000000000000000e+03
6.000000000000000000e+00 4.294000000000000000e+03
5.000000000000000000e+00 5.599000000000000000e+03
4.000000000000000000e+00 4.907000000000000000e+03
3.000000000000000000e+00 4.010000000000000000e+03
2.000000000000000000e+00 4.933000000000000000e+03
1.000000000000000000e+00 4.711000000000000000e+03
