1.043000000000000000e+03 0.000000000000000000e+00
1.042000000000000000e+03 0.000000000000000000e+00
1.041000000000000000e+03 0.000000000000000000e+00
1.040000000000000000e+03 0.000000000000000000e+00
1.039000000000000000e+03 0.000000000000000000e+00
1.038000000000000000e+03 0.000000000000000000e+00
1.037000000000000000e+03 0.000000000000000000e+00
1.036000000000000000e+03 0.000000000000000000e+00
1.035000000000000000e+03 0.000000000000000000e+00
1.034000000000000000e+03 1.000000000000000000e+00
1.033000000000000000e+03 0.000000000000000000e+00
1.032000000000000000e+03 0.000000000000000000e+00
1.031000000000000000e+03 0.000000000000000000e+00
1.030000000000000000e+03 0.000000000000000000e+00
1.029000000000000000e+03 0.000000000000000000e+00
1.028000000000000000e+03 0.000000000000000000e+00
1.027000000000000000e+03 0.000000000000000000e+00
1.026000000000000000e+03 0.000000000000000000e+00
1.025000000000000000e+03 0.000000000000000000e+00
1.024000000000000000e+03 0.000000000000000000e+00
1.023000000000000000e+03 1.000000000000000000e+00
1.022000000000000000e+03 0.000000000000000000e+00
1.021000000000000000e+03 0.000000000000000000e+00
1.020000000000000000e+03 0.000000000000000000e+00
1.019000000000000000e+03 0.000000000000000000e+00
1.018000000000000000e+03 1.000000000000000000e+00
1.017000000000000000e+03 0.000000000000000000e+00
1.016000000000000000e+03 0.000000000000000000e+00
1.015000000000000000e+03 0.000000000000000000e+00
1.014000000000000000e+03 0.000000000000000000e+00
1.013000000000000000e+03 0.000000000000000000e+00
1.012000000000000000e+03 0.000000000000000000e+00
1.011000000000000000e+03 0.000000000000000000e+00
1.010000000000000000e+03 0.000000000000000000e+00
1.009000000000000000e+03 0.000000000000000000e+00
1.008000000000000000e+03 0.000000000000000000e+00
1.007000000000000000e+03 0.000000000000000000e+00
1.006000000000000000e+03 0.000000000000000000e+00
1.005000000000000000e+03 0.000000000000000000e+00
1.004000000000000000e+03 0.000000000000000000e+00
1.003000000000000000e+03 0.000000000000000000e+00
1.002000000000000000e+03 0.000000000000000000e+00
1.001000000000000000e+03 0.000000000000000000e+00
1.000000000000000000e+03 0.000000000000000000e+00
9.990000000000000000e+02 0.000000000000000000e+00
9.980000000000000000e+02 0.000000000000000000e+00
9.970000000000000000e+02 0.000000000000000000e+00
9.960000000000000000e+02 0.000000000000000000e+00
9.950000000000000000e+02 0.000000000000000000e+00
9.940000000000000000e+02 0.000000000000000000e+00
9.930000000000000000e+02 0.000000000000000000e+00
9.920000000000000000e+02 0.000000000000000000e+00
9.910000000000000000e+02 0.000000000000000000e+00
9.900000000000000000e+02 0.000000000000000000e+00
9.890000000000000000e+02 0.000000000000000000e+00
9.880000000000000000e+02 0.000000000000000000e+00
9.870000000000000000e+02 0.000000000000000000e+00
9.860000000000000000e+02 0.000000000000000000e+00
9.850000000000000000e+02 0.000000000000000000e+00
9.840000000000000000e+02 0.000000000000000000e+00
9.830000000000000000e+02 0.000000000000000000e+00
9.820000000000000000e+02 0.000000000000000000e+00
9.810000000000000000e+02 0.000000000000000000e+00
9.800000000000000000e+02 0.000000000000000000e+00
9.790000000000000000e+02 0.000000000000000000e+00
9.780000000000000000e+02 0.000000000000000000e+00
9.770000000000000000e+02 0.000000000000000000e+00
9.760000000000000000e+02 0.000000000000000000e+00
9.750000000000000000e+02 0.000000000000000000e+00
9.740000000000000000e+02 0.000000000000000000e+00
9.730000000000000000e+02 0.000000000000000000e+00
9.720000000000000000e+02 0.000000000000000000e+00
9.710000000000000000e+02 0.000000000000000000e+00
9.700000000000000000e+02 0.000000000000000000e+00
9.690000000000000000e+02 0.000000000000000000e+00
9.680000000000000000e+02 0.000000000000000000e+00
9.670000000000000000e+02 0.000000000000000000e+00
9.660000000000000000e+02 0.000000000000000000e+00
9.650000000000000000e+02 0.000000000000000000e+00
9.640000000000000000e+02 0.000000000000000000e+00
9.630000000000000000e+02 0.000000000000000000e+00
9.620000000000000000e+02 1.000000000000000000e+00
9.610000000000000000e+02 0.000000000000000000e+00
9.600000000000000000e+02 1.000000000000000000e+00
9.590000000000000000e+02 1.000000000000000000e+00
9.580000000000000000e+02 0.000000000000000000e+00
9.570000000000000000e+02 0.000000000000000000e+00
9.560000000000000000e+02 0.000000000000000000e+00
9.550000000000000000e+02 0.000000000000000000e+00
9.540000000000000000e+02 3.000000000000000000e+00
9.530000000000000000e+02 0.000000000000000000e+00
9.520000000000000000e+02 1.000000000000000000e+00
9.510000000000000000e+02 0.000000000000000000e+00
9.500000000000000000e+02 0.000000000000000000e+00
9.490000000000000000e+02 0.000000000000000000e+00
9.480000000000000000e+02 0.000000000000000000e+00
9.470000000000000000e+02 0.000000000000000000e+00
9.460000000000000000e+02 1.000000000000000000e+00
9.450000000000000000e+02 0.000000000000000000e+00
9.440000000000000000e+02 2.000000000000000000e+00
9.430000000000000000e+02 0.000000000000000000e+00
9.420000000000000000e+02 0.000000000000000000e+00
9.410000000000000000e+02 3.000000000000000000e+00
9.400000000000000000e+02 1.000000000000000000e+00
9.390000000000000000e+02 0.000000000000000000e+00
9.380000000000000000e+02 0.000000000000000000e+00
9.370000000000000000e+02 2.000000000000000000e+00
9.360000000000000000e+02 2.000000000000000000e+00
9.350000000000000000e+02 4.000000000000000000e+00
9.340000000000000000e+02 1.000000000000000000e+00
9.330000000000000000e+02 3.000000000000000000e+00
9.320000000000000000e+02 3.000000000000000000e+00
9.310000000000000000e+02 2.000000000000000000e+00
9.300000000000000000e+02 0.000000000000000000e+00
9.290000000000000000e+02 2.000000000000000000e+00
9.280000000000000000e+02 4.000000000000000000e+00
9.270000000000000000e+02 1.000000000000000000e+00
9.260000000000000000e+02 1.000000000000000000e+00
9.250000000000000000e+02 2.000000000000000000e+00
9.240000000000000000e+02 3.000000000000000000e+00
9.230000000000000000e+02 1.000000000000000000e+00
9.220000000000000000e+02 0.000000000000000000e+00
9.210000000000000000e+02 3.000000000000000000e+00
9.200000000000000000e+02 0.000000000000000000e+00
9.190000000000000000e+02 0.000000000000000000e+00
9.180000000000000000e+02 1.000000000000000000e+00
9.170000000000000000e+02 0.000000000000000000e+00
9.160000000000000000e+02 2.000000000000000000e+00
9.150000000000000000e+02 0.000000000000000000e+00
9.140000000000000000e+02 0.000000000000000000e+00
9.130000000000000000e+02 1.000000000000000000e+00
9.120000000000000000e+02 0.000000000000000000e+00
9.110000000000000000e+02 1.000000000000000000e+00
9.100000000000000000e+02 1.000000000000000000e+00
9.090000000000000000e+02 0.000000000000000000e+00
9.080000000000000000e+02 0.000000000000000000e+00
9.070000000000000000e+02 0.000000000000000000e+00
9.060000000000000000e+02 0.000000000000000000e+00
9.050000000000000000e+02 0.000000000000000000e+00
9.040000000000000000e+02 0.000000000000000000e+00
9.030000000000000000e+02 0.000000000000000000e+00
9.020000000000000000e+02 0.000000000000000000e+00
9.010000000000000000e+02 0.000000000000000000e+00
9.000000000000000000e+02 0.000000000000000000e+00
8.990000000000000000e+02 0.000000000000000000e+00
8.980000000000000000e+02 0.000000000000000000e+00
8.970000000000000000e+02 0.000000000000000000e+00
8.960000000000000000e+02 0.000000000000000000e+00
8.950000000000000000e+02 0.000000000000000000e+00
8.940000000000000000e+02 0.000000000000000000e+00
8.930000000000000000e+02 0.000000000000000000e+00
8.920000000000000000e+02 0.000000000000000000e+00
8.910000000000000000e+02 0.000000000000000000e+00
8.900000000000000000e+02 0.000000000000000000e+00
8.890000000000000000e+02 0.000000000000000000e+00
8.880000000000000000e+02 0.000000000000000000e+00
8.870000000000000000e+02 0.000000000000000000e+00
8.860000000000000000e+02 2.000000000000000000e+00
8.850000000000000000e+02 1.000000000000000000e+00
8.840000000000000000e+02 0.000000000000000000e+00
8.830000000000000000e+02 0.000000000000000000e+00
8.820000000000000000e+02 2.000000000000000000e+00
8.810000000000000000e+02 1.000000000000000000e+00
8.800000000000000000e+02 1.000000000000000000e+00
8.790000000000000000e+02 0.000000000000000000e+00
8.780000000000000000e+02 2.000000000000000000e+00
8.770000000000000000e+02 1.000000000000000000e+00
8.760000000000000000e+02 1.000000000000000000e+00
8.750000000000000000e+02 2.000000000000000000e+00
8.740000000000000000e+02 5.000000000000000000e+00
8.730000000000000000e+02 1.000000000000000000e+00
8.720000000000000000e+02 4.000000000000000000e+00
8.710000000000000000e+02 5.000000000000000000e+00
8.700000000000000000e+02 0.000000000000000000e+00
8.690000000000000000e+02 4.000000000000000000e+00
8.680000000000000000e+02 4.000000000000000000e+00
8.670000000000000000e+02 9.000000000000000000e+00
8.660000000000000000e+02 5.000000000000000000e+00
8.650000000000000000e+02 2.000000000000000000e+00
8.640000000000000000e+02 8.000000000000000000e+00
8.630000000000000000e+02 7.000000000000000000e+00
8.620000000000000000e+02 5.000000000000000000e+00
8.610000000000000000e+02 1.100000000000000000e+01
8.600000000000000000e+02 4.000000000000000000e+00
8.590000000000000000e+02 5.000000000000000000e+00
8.580000000000000000e+02 6.000000000000000000e+00
8.570000000000000000e+02 7.000000000000000000e+00
8.560000000000000000e+02 1.000000000000000000e+01
8.550000000000000000e+02 7.000000000000000000e+00
8.540000000000000000e+02 4.000000000000000000e+00
8.530000000000000000e+02 7.000000000000000000e+00
8.520000000000000000e+02 8.000000000000000000e+00
8.510000000000000000e+02 4.000000000000000000e+00
8.500000000000000000e+02 7.000000000000000000e+00
8.490000000000000000e+02 7.000000000000000000e+00
8.480000000000000000e+02 -1.000000000000000000e+00
8.470000000000000000e+02 -1.000000000000000000e+00
8.460000000000000000e+02 -1.000000000000000000e+00
8.450000000000000000e+02 -1.000000000000000000e+00
8.440000000000000000e+02 -1.000000000000000000e+00
8.430000000000000000e+02 -1.000000000000000000e+00
8.420000000000000000e+02 -1.000000000000000000e+00
8.410000000000000000e+02 -1.000000000000000000e+00
8.400000000000000000e+02 -1.000000000000000000e+00
8.390000000000000000e+02 -1.000000000000000000e+00
8.380000000000000000e+02 -1.000000000000000000e+00
8.370000000000000000e+02 -1.000000000000000000e+00
8.360000000000000000e+02 -1.000000000000000000e+00
8.350000000000000000e+02 -1.000000000000000000e+00
8.340000000000000000e+02 -1.000000000000000000e+00
8.330000000000000000e+02 -1.000000000000000000e+00
8.320000000000000000e+02 -1.000000000000000000e+00
8.310000000000000000e+02 5.130000000000000000e+02
8.300000000000000000e+02 4.870000000000000000e+02
8.290000000000000000e+02 4.110000000000000000e+02
8.280000000000000000e+02 4.170000000000000000e+02
8.270000000000000000e+02 3.980000000000000000e+02
8.260000000000000000e+02 4.020000000000000000e+02
8.250000000000000000e+02 3.540000000000000000e+02
8.240000000000000000e+02 3.200000000000000000e+02
8.230000000000000000e+02 2.820000000000000000e+02
8.220000000000000000e+02 3.000000000000000000e+02
8.210000000000000000e+02 2.920000000000000000e+02
8.200000000000000000e+02 2.590000000000000000e+02
8.190000000000000000e+02 2.200000000000000000e+02
8.180000000000000000e+02 2.250000000000000000e+02
8.170000000000000000e+02 2.430000000000000000e+02
8.160000000000000000e+02 2.890000000000000000e+02
8.150000000000000000e+02 3.010000000000000000e+02
8.140000000000000000e+02 2.970000000000000000e+02
8.130000000000000000e+02 3.510000000000000000e+02
8.120000000000000000e+02 3.860000000000000000e+02
8.110000000000000000e+02 3.510000000000000000e+02
8.100000000000000000e+02 3.490000000000000000e+02
8.090000000000000000e+02 3.880000000000000000e+02
8.080000000000000000e+02 4.920000000000000000e+02
8.070000000000000000e+02 4.870000000000000000e+02
8.060000000000000000e+02 6.090000000000000000e+02
8.050000000000000000e+02 6.680000000000000000e+02
8.040000000000000000e+02 6.970000000000000000e+02
8.030000000000000000e+02 7.610000000000000000e+02
8.020000000000000000e+02 8.410000000000000000e+02
8.010000000000000000e+02 9.540000000000000000e+02
8.000000000000000000e+02 8.740000000000000000e+02
7.990000000000000000e+02 8.490000000000000000e+02
7.980000000000000000e+02 9.000000000000000000e+02
7.970000000000000000e+02 1.033000000000000000e+03
7.960000000000000000e+02 1.249000000000000000e+03
7.950000000000000000e+02 1.286000000000000000e+03
7.940000000000000000e+02 1.324000000000000000e+03
7.930000000000000000e+02 1.496000000000000000e+03
7.920000000000000000e+02 1.656000000000000000e+03
7.910000000000000000e+02 1.859000000000000000e+03
7.900000000000000000e+02 1.593000000000000000e+03
7.890000000000000000e+02 1.495000000000000000e+03
7.880000000000000000e+02 1.506000000000000000e+03
7.870000000000000000e+02 1.737000000000000000e+03
7.860000000000000000e+02 1.857000000000000000e+03
7.850000000000000000e+02 2.077000000000000000e+03
7.840000000000000000e+02 2.019000000000000000e+03
7.830000000000000000e+02 2.090000000000000000e+03
7.820000000000000000e+02 2.382000000000000000e+03
7.810000000000000000e+02 2.132000000000000000e+03
7.800000000000000000e+02 2.139000000000000000e+03
7.790000000000000000e+02 2.111000000000000000e+03
7.780000000000000000e+02 2.011000000000000000e+03
7.770000000000000000e+02 2.044000000000000000e+03
7.760000000000000000e+02 2.209000000000000000e+03
7.750000000000000000e+02 2.252000000000000000e+03
7.740000000000000000e+02 2.385000000000000000e+03
7.730000000000000000e+02 2.511000000000000000e+03
7.720000000000000000e+02 2.264000000000000000e+03
7.710000000000000000e+02 2.206000000000000000e+03
7.700000000000000000e+02 2.357000000000000000e+03
7.690000000000000000e+02 2.452000000000000000e+03
7.680000000000000000e+02 2.276000000000000000e+03
7.670000000000000000e+02 1.890000000000000000e+03
7.660000000000000000e+02 1.732000000000000000e+03
7.650000000000000000e+02 1.836000000000000000e+03
7.640000000000000000e+02 2.043000000000000000e+03
7.630000000000000000e+02 2.115000000000000000e+03
7.620000000000000000e+02 1.887000000000000000e+03
7.610000000000000000e+02 1.926000000000000000e+03
7.600000000000000000e+02 2.142000000000000000e+03
7.590000000000000000e+02 2.079000000000000000e+03
7.580000000000000000e+02 1.769000000000000000e+03
7.570000000000000000e+02 1.386000000000000000e+03
7.560000000000000000e+02 1.281000000000000000e+03
7.550000000000000000e+02 1.183000000000000000e+03
7.540000000000000000e+02 1.216000000000000000e+03
7.530000000000000000e+02 1.297000000000000000e+03
7.520000000000000000e+02 1.415000000000000000e+03
7.510000000000000000e+02 1.423000000000000000e+03
7.500000000000000000e+02 1.227000000000000000e+03
7.490000000000000000e+02 1.177000000000000000e+03
7.480000000000000000e+02 1.044000000000000000e+03
7.470000000000000000e+02 8.590000000000000000e+02
7.460000000000000000e+02 8.000000000000000000e+02
7.450000000000000000e+02 6.890000000000000000e+02
7.440000000000000000e+02 6.160000000000000000e+02
7.430000000000000000e+02 6.430000000000000000e+02
7.420000000000000000e+02 6.700000000000000000e+02
7.410000000000000000e+02 6.290000000000000000e+02
7.400000000000000000e+02 5.050000000000000000e+02
7.390000000000000000e+02 5.390000000000000000e+02
7.380000000000000000e+02 5.060000000000000000e+02
7.370000000000000000e+02 5.700000000000000000e+02
7.360000000000000000e+02 5.330000000000000000e+02
7.350000000000000000e+02 4.610000000000000000e+02
7.340000000000000000e+02 4.500000000000000000e+02
7.330000000000000000e+02 4.330000000000000000e+02
7.320000000000000000e+02 4.330000000000000000e+02
7.310000000000000000e+02 5.140000000000000000e+02
7.300000000000000000e+02 6.300000000000000000e+02
7.290000000000000000e+02 7.130000000000000000e+02
7.280000000000000000e+02 8.410000000000000000e+02
7.270000000000000000e+02 8.000000000000000000e+02
7.260000000000000000e+02 8.510000000000000000e+02
7.250000000000000000e+02 9.990000000000000000e+02
7.240000000000000000e+02 1.022000000000000000e+03
7.230000000000000000e+02 9.570000000000000000e+02
7.220000000000000000e+02 9.830000000000000000e+02
7.210000000000000000e+02 1.192000000000000000e+03
7.200000000000000000e+02 1.450000000000000000e+03
7.190000000000000000e+02 1.633000000000000000e+03
7.180000000000000000e+02 1.669000000000000000e+03
7.170000000000000000e+02 1.824000000000000000e+03
7.160000000000000000e+02 2.094000000000000000e+03
7.150000000000000000e+02 2.087000000000000000e+03
7.140000000000000000e+02 1.956000000000000000e+03
7.130000000000000000e+02 2.142000000000000000e+03
7.120000000000000000e+02 2.214000000000000000e+03
7.110000000000000000e+02 2.535000000000000000e+03
7.100000000000000000e+02 2.566000000000000000e+03
7.090000000000000000e+02 2.560000000000000000e+03
7.080000000000000000e+02 2.591000000000000000e+03
7.070000000000000000e+02 2.966000000000000000e+03
7.060000000000000000e+02 3.240000000000000000e+03
7.050000000000000000e+02 3.389000000000000000e+03
7.040000000000000000e+02 3.349000000000000000e+03
7.030000000000000000e+02 3.407000000000000000e+03
7.020000000000000000e+02 3.523000000000000000e+03
7.010000000000000000e+02 3.873000000000000000e+03
7.000000000000000000e+02 3.451000000000000000e+03
6.990000000000000000e+02 3.034000000000000000e+03
6.980000000000000000e+02 2.843000000000000000e+03
6.970000000000000000e+02 3.105000000000000000e+03
6.960000000000000000e+02 3.418000000000000000e+03
6.950000000000000000e+02 4.176000000000000000e+03
6.940000000000000000e+02 4.341000000000000000e+03
6.930000000000000000e+02 3.983000000000000000e+03
6.920000000000000000e+02 4.157000000000000000e+03
6.910000000000000000e+02 4.484000000000000000e+03
6.900000000000000000e+02 4.004000000000000000e+03
6.890000000000000000e+02 3.169000000000000000e+03
6.880000000000000000e+02 2.905000000000000000e+03
6.870000000000000000e+02 2.982000000000000000e+03
6.860000000000000000e+02 3.061000000000000000e+03
6.850000000000000000e+02 3.037000000000000000e+03
6.840000000000000000e+02 3.117000000000000000e+03
6.830000000000000000e+02 3.051000000000000000e+03
6.820000000000000000e+02 3.385000000000000000e+03
6.810000000000000000e+02 3.494000000000000000e+03
6.800000000000000000e+02 3.434000000000000000e+03
6.790000000000000000e+02 2.852000000000000000e+03
6.780000000000000000e+02 2.436000000000000000e+03
6.770000000000000000e+02 2.347000000000000000e+03
6.760000000000000000e+02 2.243000000000000000e+03
6.750000000000000000e+02 2.260000000000000000e+03
6.740000000000000000e+02 2.005000000000000000e+03
6.730000000000000000e+02 1.755000000000000000e+03
6.720000000000000000e+02 1.488000000000000000e+03
6.710000000000000000e+02 1.420000000000000000e+03
6.700000000000000000e+02 1.237000000000000000e+03
6.690000000000000000e+02 1.205000000000000000e+03
6.680000000000000000e+02 1.170000000000000000e+03
6.670000000000000000e+02 1.069000000000000000e+03
6.660000000000000000e+02 1.052000000000000000e+03
6.650000000000000000e+02 1.041000000000000000e+03
6.640000000000000000e+02 9.380000000000000000e+02
6.630000000000000000e+02 7.670000000000000000e+02
6.620000000000000000e+02 5.420000000000000000e+02
6.610000000000000000e+02 4.990000000000000000e+02
6.600000000000000000e+02 4.340000000000000000e+02
6.590000000000000000e+02 3.600000000000000000e+02
6.580000000000000000e+02 2.970000000000000000e+02
6.570000000000000000e+02 3.100000000000000000e+02
6.560000000000000000e+02 2.780000000000000000e+02
6.550000000000000000e+02 3.100000000000000000e+02
6.540000000000000000e+02 3.260000000000000000e+02
6.530000000000000000e+02 3.880000000000000000e+02
6.520000000000000000e+02 4.290000000000000000e+02
6.510000000000000000e+02 4.760000000000000000e+02
6.500000000000000000e+02 5.140000000000000000e+02
6.490000000000000000e+02 5.990000000000000000e+02
6.480000000000000000e+02 6.130000000000000000e+02
6.470000000000000000e+02 6.990000000000000000e+02
6.460000000000000000e+02 8.370000000000000000e+02
6.450000000000000000e+02 9.930000000000000000e+02
6.440000000000000000e+02 1.179000000000000000e+03
6.430000000000000000e+02 1.261000000000000000e+03
6.420000000000000000e+02 1.370000000000000000e+03
6.410000000000000000e+02 1.490000000000000000e+03
6.400000000000000000e+02 1.670000000000000000e+03
6.390000000000000000e+02 1.820000000000000000e+03
6.380000000000000000e+02 2.131000000000000000e+03
6.370000000000000000e+02 2.094000000000000000e+03
6.360000000000000000e+02 -1.000000000000000000e+00
6.350000000000000000e+02 -1.000000000000000000e+00
6.340000000000000000e+02 -1.000000000000000000e+00
6.330000000000000000e+02 -1.000000000000000000e+00
6.320000000000000000e+02 -1.000000000000000000e+00
6.310000000000000000e+02 -1.000000000000000000e+00
6.300000000000000000e+02 -1.000000000000000000e+00
6.290000000000000000e+02 -1.000000000000000000e+00
6.280000000000000000e+02 -1.000000000000000000e+00
6.270000000000000000e+02 -1.000000000000000000e+00
6.260000000000000000e+02 -1.000000000000000000e+00
6.250000000000000000e+02 -1.000000000000000000e+00
6.240000000000000000e+02 -1.000000000000000000e+00
6.230000000000000000e+02 -1.000000000000000000e+00
6.220000000000000000e+02 -1.000000000000000000e+00
6.210000000000000000e+02 -1.000000000000000000e+00
6.200000000000000000e+02 -1.000000000000000000e+00
6.190000000000000000e+02 4.493000000000000000e+03
6.180000000000000000e+02 4.742000000000000000e+03
6.170000000000000000e+02 4.755000000000000000e+03
6.160000000000000000e+02 5.160000000000000000e+03
6.150000000000000000e+02 5.764000000000000000e+03
6.140000000000000000e+02 5.341000000000000000e+03
6.130000000000000000e+02 5.462000000000000000e+03
6.120000000000000000e+02 5.844000000000000000e+03
6.110000000000000000e+02 6.059000000000000000e+03
6.100000000000000000e+02 6.169000000000000000e+03
6.090000000000000000e+02 6.151000000000000000e+03
6.080000000000000000e+02 6.148000000000000000e+03
6.070000000000000000e+02 6.150000000000000000e+03
6.060000000000000000e+02 5.161000000000000000e+03
6.050000000000000000e+02 5.152000000000000000e+03
6.040000000000000000e+02 5.137000000000000000e+03
6.030000000000000000e+02 4.612000000000000000e+03
6.020000000000000000e+02 4.690000000000000000e+03
6.010000000000000000e+02 4.473000000000000000e+03
6.000000000000000000e+02 4.494000000000000000e+03
5.990000000000000000e+02 4.687000000000000000e+03
5.980000000000000000e+02 4.723000000000000000e+03
5.970000000000000000e+02 4.514000000000000000e+03
5.960000000000000000e+02 4.524000000000000000e+03
5.950000000000000000e+02 4.091000000000000000e+03
5.940000000000000000e+02 4.448000000000000000e+03
5.930000000000000000e+02 3.946000000000000000e+03
5.920000000000000000e+02 3.319000000000000000e+03
5.910000000000000000e+02 3.047000000000000000e+03
5.900000000000000000e+02 2.868000000000000000e+03
5.890000000000000000e+02 2.562000000000000000e+03
5.880000000000000000e+02 2.444000000000000000e+03
5.870000000000000000e+02 2.440000000000000000e+03
5.860000000000000000e+02 2.013000000000000000e+03
5.850000000000000000e+02 1.980000000000000000e+03
5.840000000000000000e+02 1.877000000000000000e+03
5.830000000000000000e+02 1.819000000000000000e+03
5.820000000000000000e+02 1.826000000000000000e+03
5.810000000000000000e+02 1.689000000000000000e+03
5.800000000000000000e+02 1.569000000000000000e+03
5.790000000000000000e+02 1.851000000000000000e+03
5.780000000000000000e+02 1.860000000000000000e+03
5.770000000000000000e+02 2.048000000000000000e+03
5.760000000000000000e+02 2.398000000000000000e+03
5.750000000000000000e+02 2.673000000000000000e+03
5.740000000000000000e+02 2.738000000000000000e+03
5.730000000000000000e+02 2.544000000000000000e+03
5.720000000000000000e+02 2.502000000000000000e+03
5.710000000000000000e+02 2.736000000000000000e+03
5.700000000000000000e+02 3.279000000000000000e+03
5.690000000000000000e+02 3.660000000000000000e+03
5.680000000000000000e+02 3.814000000000000000e+03
5.670000000000000000e+02 4.017000000000000000e+03
5.660000000000000000e+02 4.043000000000000000e+03
5.650000000000000000e+02 3.756000000000000000e+03
5.640000000000000000e+02 4.445000000000000000e+03
5.630000000000000000e+02 5.620000000000000000e+03
5.620000000000000000e+02 6.257000000000000000e+03
5.610000000000000000e+02 7.491000000000000000e+03
5.600000000000000000e+02 8.946000000000000000e+03
5.590000000000000000e+02 9.307000000000000000e+03
5.580000000000000000e+02 1.037200000000000000e+04
5.570000000000000000e+02 1.074400000000000000e+04
5.560000000000000000e+02 1.063800000000000000e+04
5.550000000000000000e+02 1.089900000000000000e+04
5.540000000000000000e+02 1.136300000000000000e+04
5.530000000000000000e+02 1.069200000000000000e+04
5.520000000000000000e+02 9.472000000000000000e+03
5.510000000000000000e+02 8.336000000000000000e+03
5.500000000000000000e+02 8.100000000000000000e+03
5.490000000000000000e+02 8.190000000000000000e+03
5.480000000000000000e+02 8.547000000000000000e+03
5.470000000000000000e+02 9.637000000000000000e+03
5.460000000000000000e+02 1.050500000000000000e+04
5.450000000000000000e+02 1.105500000000000000e+04
5.440000000000000000e+02 1.214600000000000000e+04
5.430000000000000000e+02 1.337100000000000000e+04
5.420000000000000000e+02 1.323300000000000000e+04
5.410000000000000000e+02 1.295300000000000000e+04
5.400000000000000000e+02 1.422100000000000000e+04
5.390000000000000000e+02 1.313300000000000000e+04
5.380000000000000000e+02 1.283200000000000000e+04
5.370000000000000000e+02 1.430400000000000000e+04
5.360000000000000000e+02 1.424100000000000000e+04
5.350000000000000000e+02 1.416900000000000000e+04
5.340000000000000000e+02 1.476700000000000000e+04
5.330000000000000000e+02 1.494500000000000000e+04
5.320000000000000000e+02 1.551800000000000000e+04
5.310000000000000000e+02 1.547700000000000000e+04
5.300000000000000000e+02 1.558100000000000000e+04
5.290000000000000000e+02 1.326400000000000000e+04
5.280000000000000000e+02 1.202600000000000000e+04
5.270000000000000000e+02 1.108800000000000000e+04
5.260000000000000000e+02 1.097200000000000000e+04
5.250000000000000000e+02 9.893000000000000000e+03
5.240000000000000000e+02 9.205000000000000000e+03
5.230000000000000000e+02 8.578000000000000000e+03
5.220000000000000000e+02 8.295000000000000000e+03
5.210000000000000000e+02 8.002000000000000000e+03
5.200000000000000000e+02 9.068000000000000000e+03
5.190000000000000000e+02 1.059800000000000000e+04
5.180000000000000000e+02 1.082900000000000000e+04
5.170000000000000000e+02 1.092300000000000000e+04
5.160000000000000000e+02 1.217200000000000000e+04
5.150000000000000000e+02 1.201800000000000000e+04
5.140000000000000000e+02 1.193600000000000000e+04
5.130000000000000000e+02 1.264300000000000000e+04
5.120000000000000000e+02 1.335500000000000000e+04
5.110000000000000000e+02 1.192500000000000000e+04
5.100000000000000000e+02 1.057200000000000000e+04
5.090000000000000000e+02 9.699000000000000000e+03
5.080000000000000000e+02 9.324000000000000000e+03
5.070000000000000000e+02 8.826000000000000000e+03
5.060000000000000000e+02 8.785000000000000000e+03
5.050000000000000000e+02 7.812000000000000000e+03
5.040000000000000000e+02 7.534000000000000000e+03
5.030000000000000000e+02 6.727000000000000000e+03
5.020000000000000000e+02 6.192000000000000000e+03
5.010000000000000000e+02 5.937000000000000000e+03
5.000000000000000000e+02 6.429000000000000000e+03
4.990000000000000000e+02 6.641000000000000000e+03
4.980000000000000000e+02 6.659000000000000000e+03
4.970000000000000000e+02 7.324000000000000000e+03
4.960000000000000000e+02 8.494000000000000000e+03
4.950000000000000000e+02 9.285000000000000000e+03
4.940000000000000000e+02 1.032000000000000000e+04
4.930000000000000000e+02 1.028100000000000000e+04
4.920000000000000000e+02 1.127000000000000000e+04
4.910000000000000000e+02 1.116200000000000000e+04
4.900000000000000000e+02 1.174400000000000000e+04
4.890000000000000000e+02 1.138200000000000000e+04
4.880000000000000000e+02 1.299800000000000000e+04
4.870000000000000000e+02 1.287200000000000000e+04
4.860000000000000000e+02 1.331600000000000000e+04
4.850000000000000000e+02 1.246500000000000000e+04
4.840000000000000000e+02 1.118300000000000000e+04
4.830000000000000000e+02 9.929000000000000000e+03
4.820000000000000000e+02 8.236000000000000000e+03
4.810000000000000000e+02 8.098000000000000000e+03
4.800000000000000000e+02 8.484000000000000000e+03
4.790000000000000000e+02 9.014000000000000000e+03
4.780000000000000000e+02 8.738000000000000000e+03
4.770000000000000000e+02 8.532000000000000000e+03
4.760000000000000000e+02 7.235000000000000000e+03
4.750000000000000000e+02 6.276000000000000000e+03
4.740000000000000000e+02 5.256000000000000000e+03
4.730000000000000000e+02 4.468000000000000000e+03
4.720000000000000000e+02 3.539000000000000000e+03
4.710000000000000000e+02 2.775000000000000000e+03
4.700000000000000000e+02 2.129000000000000000e+03
4.690000000000000000e+02 1.432000000000000000e+03
4.680000000000000000e+02 1.068000000000000000e+03
4.670000000000000000e+02 9.740000000000000000e+02
4.660000000000000000e+02 1.261000000000000000e+03
4.650000000000000000e+02 1.869000000000000000e+03
4.640000000000000000e+02 2.395000000000000000e+03
4.630000000000000000e+02 3.191000000000000000e+03
4.620000000000000000e+02 4.407000000000000000e+03
4.610000000000000000e+02 5.612000000000000000e+03
4.600000000000000000e+02 5.795000000000000000e+03
4.590000000000000000e+02 5.791000000000000000e+03
4.580000000000000000e+02 5.968000000000000000e+03
4.570000000000000000e+02 6.326000000000000000e+03
4.560000000000000000e+02 6.958000000000000000e+03
4.550000000000000000e+02 7.316000000000000000e+03
4.540000000000000000e+02 7.529000000000000000e+03
4.530000000000000000e+02 7.542000000000000000e+03
4.520000000000000000e+02 7.155000000000000000e+03
4.510000000000000000e+02 6.842000000000000000e+03
4.500000000000000000e+02 6.531000000000000000e+03
4.490000000000000000e+02 6.450000000000000000e+03
4.480000000000000000e+02 5.745000000000000000e+03
4.470000000000000000e+02 5.488000000000000000e+03
4.460000000000000000e+02 6.294000000000000000e+03
4.450000000000000000e+02 6.648000000000000000e+03
4.440000000000000000e+02 7.343000000000000000e+03
4.430000000000000000e+02 8.396000000000000000e+03
4.420000000000000000e+02 1.006700000000000000e+04
4.410000000000000000e+02 1.204200000000000000e+04
4.400000000000000000e+02 1.354200000000000000e+04
4.390000000000000000e+02 1.385400000000000000e+04
4.380000000000000000e+02 1.431000000000000000e+04
4.370000000000000000e+02 1.502600000000000000e+04
4.360000000000000000e+02 1.351800000000000000e+04
4.350000000000000000e+02 1.286600000000000000e+04
4.340000000000000000e+02 1.147100000000000000e+04
4.330000000000000000e+02 8.289000000000000000e+03
4.320000000000000000e+02 6.023000000000000000e+03
4.310000000000000000e+02 5.620000000000000000e+03
4.300000000000000000e+02 7.152000000000000000e+03
4.290000000000000000e+02 1.043900000000000000e+04
4.280000000000000000e+02 1.501600000000000000e+04
4.270000000000000000e+02 1.934100000000000000e+04
4.260000000000000000e+02 2.244800000000000000e+04
4.250000000000000000e+02 2.301200000000000000e+04
4.240000000000000000e+02 -1.000000000000000000e+00
4.230000000000000000e+02 -1.000000000000000000e+00
4.220000000000000000e+02 -1.000000000000000000e+00
4.210000000000000000e+02 -1.000000000000000000e+00
4.200000000000000000e+02 -1.000000000000000000e+00
4.190000000000000000e+02 -1.000000000000000000e+00
4.180000000000000000e+02 -1.000000000000000000e+00
4.170000000000000000e+02 -1.000000000000000000e+00
4.160000000000000000e+02 -1.000000000000000000e+00
4.150000000000000000e+02 -1.000000000000000000e+00
4.140000000000000000e+02 -1.000000000000000000e+00
4.130000000000000000e+02 -1.000000000000000000e+00
4.120000000000000000e+02 -1.000000000000000000e+00
4.110000000000000000e+02 -1.000000000000000000e+00
4.100000000000000000e+02 -1.000000000000000000e+00
4.090000000000000000e+02 -1.000000000000000000e+00
4.080000000000000000e+02 -1.000000000000000000e+00
4.070000000000000000e+02 2.600100000000000000e+04
4.060000000000000000e+02 2.625900000000000000e+04
4.050000000000000000e+02 2.531400000000000000e+04
4.040000000000000000e+02 2.447500000000000000e+04
4.030000000000000000e+02 2.294300000000000000e+04
4.020000000000000000e+02 2.058100000000000000e+04
4.010000000000000000e+02 1.817100000000000000e+04
4.000000000000000000e+02 1.584300000000000000e+04
3.990000000000000000e+02 1.447800000000000000e+04
3.980000000000000000e+02 1.336500000000000000e+04
3.970000000000000000e+02 1.292600000000000000e+04
3.960000000000000000e+02 1.403400000000000000e+04
3.950000000000000000e+02 1.653500000000000000e+04
3.940000000000000000e+02 1.887900000000000000e+04
3.930000000000000000e+02 2.078400000000000000e+04
3.920000000000000000e+02 2.258600000000000000e+04
3.910000000000000000e+02 2.419800000000000000e+04
3.900000000000000000e+02 2.534000000000000000e+04
3.890000000000000000e+02 2.667800000000000000e+04
3.880000000000000000e+02 2.815500000000000000e+04
3.870000000000000000e+02 2.971400000000000000e+04
3.860000000000000000e+02 3.205700000000000000e+04
3.850000000000000000e+02 3.367700000000000000e+04
3.840000000000000000e+02 3.516000000000000000e+04
3.830000000000000000e+02 3.588400000000000000e+04
3.820000000000000000e+02 3.585600000000000000e+04
3.810000000000000000e+02 3.612500000000000000e+04
3.800000000000000000e+02 3.676800000000000000e+04
3.790000000000000000e+02 3.678800000000000000e+04
3.780000000000000000e+02 3.747500000000000000e+04
3.770000000000000000e+02 3.722200000000000000e+04
3.760000000000000000e+02 3.747200000000000000e+04
3.750000000000000000e+02 3.774500000000000000e+04
3.740000000000000000e+02 3.821000000000000000e+04
3.730000000000000000e+02 3.865900000000000000e+04
3.720000000000000000e+02 3.993700000000000000e+04
3.710000000000000000e+02 4.063100000000000000e+04
3.700000000000000000e+02 4.285000000000000000e+04
3.690000000000000000e+02 4.449000000000000000e+04
3.680000000000000000e+02 4.347100000000000000e+04
3.670000000000000000e+02 4.226100000000000000e+04
3.660000000000000000e+02 4.004900000000000000e+04
3.650000000000000000e+02 3.725200000000000000e+04
3.640000000000000000e+02 3.519500000000000000e+04
3.630000000000000000e+02 3.309000000000000000e+04
3.620000000000000000e+02 3.152200000000000000e+04
3.610000000000000000e+02 3.015700000000000000e+04
3.600000000000000000e+02 2.954800000000000000e+04
3.590000000000000000e+02 2.855200000000000000e+04
3.580000000000000000e+02 2.850700000000000000e+04
3.570000000000000000e+02 2.835500000000000000e+04
3.560000000000000000e+02 2.908900000000000000e+04
3.550000000000000000e+02 3.024100000000000000e+04
3.540000000000000000e+02 3.121600000000000000e+04
3.530000000000000000e+02 3.248400000000000000e+04
3.520000000000000000e+02 3.311900000000000000e+04
3.510000000000000000e+02 3.339000000000000000e+04
3.500000000000000000e+02 3.362400000000000000e+04
3.490000000000000000e+02 3.320900000000000000e+04
3.480000000000000000e+02 3.193900000000000000e+04
3.470000000000000000e+02 3.046300000000000000e+04
3.460000000000000000e+02 2.902400000000000000e+04
3.450000000000000000e+02 2.778500000000000000e+04
3.440000000000000000e+02 2.730600000000000000e+04
3.430000000000000000e+02 2.668200000000000000e+04
3.420000000000000000e+02 2.639400000000000000e+04
3.410000000000000000e+02 2.626800000000000000e+04
3.400000000000000000e+02 2.520500000000000000e+04
3.390000000000000000e+02 2.479400000000000000e+04
3.380000000000000000e+02 2.400300000000000000e+04
3.370000000000000000e+02 2.342400000000000000e+04
3.360000000000000000e+02 2.314800000000000000e+04
3.350000000000000000e+02 2.226100000000000000e+04
3.340000000000000000e+02 2.191100000000000000e+04
3.330000000000000000e+02 2.100000000000000000e+04
3.320000000000000000e+02 2.040300000000000000e+04
3.310000000000000000e+02 1.950100000000000000e+04
3.300000000000000000e+02 1.862200000000000000e+04
3.290000000000000000e+02 1.794700000000000000e+04
3.280000000000000000e+02 1.767300000000000000e+04
3.270000000000000000e+02 1.731500000000000000e+04
3.260000000000000000e+02 1.685900000000000000e+04
3.250000000000000000e+02 1.675500000000000000e+04
3.240000000000000000e+02 1.639000000000000000e+04
3.230000000000000000e+02 1.606800000000000000e+04
3.220000000000000000e+02 1.556400000000000000e+04
3.210000000000000000e+02 1.552300000000000000e+04
3.200000000000000000e+02 1.546800000000000000e+04
3.190000000000000000e+02 1.500200000000000000e+04
3.180000000000000000e+02 1.470600000000000000e+04
3.170000000000000000e+02 1.451400000000000000e+04
3.160000000000000000e+02 1.433000000000000000e+04
3.150000000000000000e+02 1.387100000000000000e+04
3.140000000000000000e+02 1.331700000000000000e+04
3.130000000000000000e+02 1.292500000000000000e+04
3.120000000000000000e+02 1.223800000000000000e+04
3.110000000000000000e+02 9.421000000000000000e+03
3.100000000000000000e+02 9.096000000000000000e+03
3.090000000000000000e+02 8.780000000000000000e+03
3.080000000000000000e+02 1.036500000000000000e+04
3.070000000000000000e+02 9.719000000000000000e+03
3.060000000000000000e+02 9.333000000000000000e+03
3.050000000000000000e+02 9.115000000000000000e+03
3.040000000000000000e+02 8.650000000000000000e+03
3.030000000000000000e+02 7.988000000000000000e+03
3.020000000000000000e+02 7.814000000000000000e+03
3.010000000000000000e+02 7.372000000000000000e+03
3.000000000000000000e+02 6.955000000000000000e+03
2.990000000000000000e+02 6.478000000000000000e+03
2.980000000000000000e+02 6.167000000000000000e+03
2.970000000000000000e+02 5.532000000000000000e+03
2.960000000000000000e+02 5.178000000000000000e+03
2.950000000000000000e+02 4.800000000000000000e+03
2.940000000000000000e+02 4.479000000000000000e+03
2.930000000000000000e+02 4.110000000000000000e+03
2.920000000000000000e+02 3.538000000000000000e+03
2.910000000000000000e+02 3.303000000000000000e+03
2.900000000000000000e+02 3.005000000000000000e+03
2.890000000000000000e+02 2.571000000000000000e+03
2.880000000000000000e+02 2.193000000000000000e+03
2.870000000000000000e+02 1.895000000000000000e+03
2.860000000000000000e+02 1.627000000000000000e+03
2.850000000000000000e+02 1.318000000000000000e+03
2.840000000000000000e+02 1.071000000000000000e+03
2.830000000000000000e+02 9.230000000000000000e+02
2.820000000000000000e+02 6.480000000000000000e+02
2.810000000000000000e+02 4.430000000000000000e+02
2.800000000000000000e+02 3.650000000000000000e+02
2.790000000000000000e+02 3.090000000000000000e+02
2.780000000000000000e+02 2.690000000000000000e+02
2.770000000000000000e+02 3.680000000000000000e+02
2.760000000000000000e+02 3.480000000000000000e+02
2.750000000000000000e+02 3.620000000000000000e+02
2.740000000000000000e+02 4.680000000000000000e+02
2.730000000000000000e+02 4.790000000000000000e+02
2.720000000000000000e+02 5.430000000000000000e+02
2.710000000000000000e+02 6.100000000000000000e+02
2.700000000000000000e+02 7.380000000000000000e+02
2.690000000000000000e+02 8.040000000000000000e+02
2.680000000000000000e+02 8.760000000000000000e+02
2.670000000000000000e+02 1.026000000000000000e+03
2.660000000000000000e+02 1.126000000000000000e+03
2.650000000000000000e+02 1.291000000000000000e+03
2.640000000000000000e+02 1.408000000000000000e+03
2.630000000000000000e+02 1.558000000000000000e+03
2.620000000000000000e+02 1.733000000000000000e+03
2.610000000000000000e+02 1.946000000000000000e+03
2.600000000000000000e+02 2.207000000000000000e+03
2.590000000000000000e+02 2.350000000000000000e+03
2.580000000000000000e+02 2.525000000000000000e+03
2.570000000000000000e+02 2.857000000000000000e+03
2.560000000000000000e+02 3.134000000000000000e+03
2.550000000000000000e+02 3.291000000000000000e+03
2.540000000000000000e+02 3.476000000000000000e+03
2.530000000000000000e+02 3.817000000000000000e+03
2.520000000000000000e+02 4.090000000000000000e+03
2.510000000000000000e+02 4.270000000000000000e+03
2.500000000000000000e+02 4.549000000000000000e+03
2.490000000000000000e+02 4.695000000000000000e+03
2.480000000000000000e+02 4.944000000000000000e+03
2.470000000000000000e+02 5.121000000000000000e+03
2.460000000000000000e+02 5.306000000000000000e+03
2.450000000000000000e+02 5.600000000000000000e+03
2.440000000000000000e+02 5.834000000000000000e+03
2.430000000000000000e+02 6.077000000000000000e+03
2.420000000000000000e+02 6.329000000000000000e+03
2.410000000000000000e+02 6.518000000000000000e+03
2.400000000000000000e+02 6.862000000000000000e+03
2.390000000000000000e+02 7.364000000000000000e+03
2.380000000000000000e+02 8.043000000000000000e+03
2.370000000000000000e+02 8.454000000000000000e+03
2.360000000000000000e+02 8.936000000000000000e+03
2.350000000000000000e+02 9.250000000000000000e+03
2.340000000000000000e+02 9.621000000000000000e+03
2.330000000000000000e+02 9.781000000000000000e+03
2.320000000000000000e+02 9.514000000000000000e+03
2.310000000000000000e+02 9.018000000000000000e+03
2.300000000000000000e+02 8.558000000000000000e+03
2.290000000000000000e+02 8.683000000000000000e+03
2.280000000000000000e+02 8.303000000000000000e+03
2.270000000000000000e+02 7.925000000000000000e+03
2.260000000000000000e+02 7.651000000000000000e+03
2.250000000000000000e+02 7.424000000000000000e+03
2.240000000000000000e+02 7.131000000000000000e+03
2.230000000000000000e+02 6.963000000000000000e+03
2.220000000000000000e+02 7.130000000000000000e+03
2.210000000000000000e+02 7.175000000000000000e+03
2.200000000000000000e+02 7.138000000000000000e+03
2.190000000000000000e+02 7.007000000000000000e+03
2.180000000000000000e+02 6.823000000000000000e+03
2.170000000000000000e+02 6.744000000000000000e+03
2.160000000000000000e+02 6.549000000000000000e+03
2.150000000000000000e+02 6.675000000000000000e+03
2.140000000000000000e+02 6.845000000000000000e+03
2.130000000000000000e+02 6.976000000000000000e+03
2.120000000000000000e+02 -1.000000000000000000e+00
2.110000000000000000e+02 -1.000000000000000000e+00
2.100000000000000000e+02 -1.000000000000000000e+00
2.090000000000000000e+02 -1.000000000000000000e+00
2.080000000000000000e+02 -1.000000000000000000e+00
2.070000000000000000e+02 -1.000000000000000000e+00
2.060000000000000000e+02 -1.000000000000000000e+00
2.050000000000000000e+02 -1.000000000000000000e+00
2.040000000000000000e+02 -1.000000000000000000e+00
2.030000000000000000e+02 -1.000000000000000000e+00
2.020000000000000000e+02 -1.000000000000000000e+00
2.010000000000000000e+02 -1.000000000000000000e+00
2.000000000000000000e+02 -1.000000000000000000e+00
1.990000000000000000e+02 -1.000000000000000000e+00
1.980000000000000000e+02 -1.000000000000000000e+00
1.970000000000000000e+02 -1.000000000000000000e+00
1.960000000000000000e+02 -1.000000000000000000e+00
1.950000000000000000e+02 5.633000000000000000e+03
1.940000000000000000e+02 5.843000000000000000e+03
1.930000000000000000e+02 5.854000000000000000e+03
1.920000000000000000e+02 5.737000000000000000e+03
1.910000000000000000e+02 5.752000000000000000e+03
1.900000000000000000e+02 5.745000000000000000e+03
1.890000000000000000e+02 5.679000000000000000e+03
1.880000000000000000e+02 5.713000000000000000e+03
1.870000000000000000e+02 5.850000000000000000e+03
1.860000000000000000e+02 6.045000000000000000e+03
1.850000000000000000e+02 6.385000000000000000e+03
1.840000000000000000e+02 6.414000000000000000e+03
1.830000000000000000e+02 7.233000000000000000e+03
1.820000000000000000e+02 7.575000000000000000e+03
1.810000000000000000e+02 7.419000000000000000e+03
1.800000000000000000e+02 7.320000000000000000e+03
1.790000000000000000e+02 7.681000000000000000e+03
1.780000000000000000e+02 7.593000000000000000e+03
1.770000000000000000e+02 7.368000000000000000e+03
1.760000000000000000e+02 6.956000000000000000e+03
1.750000000000000000e+02 6.613000000000000000e+03
1.740000000000000000e+02 6.128000000000000000e+03
1.730000000000000000e+02 5.951000000000000000e+03
1.720000000000000000e+02 6.640000000000000000e+03
1.710000000000000000e+02 6.810000000000000000e+03
1.700000000000000000e+02 6.992000000000000000e+03
1.690000000000000000e+02 7.278000000000000000e+03
1.680000000000000000e+02 7.730000000000000000e+03
1.670000000000000000e+02 8.026000000000000000e+03
1.660000000000000000e+02 8.653000000000000000e+03
1.650000000000000000e+02 9.301000000000000000e+03
1.640000000000000000e+02 9.967000000000000000e+03
1.630000000000000000e+02 9.963000000000000000e+03
1.620000000000000000e+02 9.591000000000000000e+03
1.610000000000000000e+02 8.679000000000000000e+03
1.600000000000000000e+02 7.456000000000000000e+03
1.590000000000000000e+02 6.730000000000000000e+03
1.580000000000000000e+02 6.025000000000000000e+03
1.570000000000000000e+02 5.294000000000000000e+03
1.560000000000000000e+02 4.892000000000000000e+03
1.550000000000000000e+02 4.834000000000000000e+03
1.540000000000000000e+02 4.860000000000000000e+03
1.530000000000000000e+02 5.135000000000000000e+03
1.520000000000000000e+02 4.909000000000000000e+03
1.510000000000000000e+02 4.699000000000000000e+03
1.500000000000000000e+02 4.823000000000000000e+03
1.490000000000000000e+02 4.556000000000000000e+03
1.480000000000000000e+02 4.519000000000000000e+03
1.470000000000000000e+02 4.422000000000000000e+03
1.460000000000000000e+02 4.271000000000000000e+03
1.450000000000000000e+02 4.352000000000000000e+03
1.440000000000000000e+02 4.265000000000000000e+03
1.430000000000000000e+02 4.391000000000000000e+03
1.420000000000000000e+02 4.765000000000000000e+03
1.410000000000000000e+02 4.472000000000000000e+03
1.400000000000000000e+02 4.562000000000000000e+03
1.390000000000000000e+02 4.461000000000000000e+03
1.380000000000000000e+02 4.370000000000000000e+03
1.370000000000000000e+02 4.487000000000000000e+03
1.360000000000000000e+02 4.328000000000000000e+03
1.350000000000000000e+02 4.857000000000000000e+03
1.340000000000000000e+02 5.394000000000000000e+03
1.330000000000000000e+02 5.856000000000000000e+03
1.320000000000000000e+02 6.883000000000000000e+03
1.310000000000000000e+02 7.477000000000000000e+03
1.300000000000000000e+02 7.061000000000000000e+03
1.290000000000000000e+02 5.844000000000000000e+03
1.280000000000000000e+02 5.109000000000000000e+03
1.270000000000000000e+02 4.787000000000000000e+03
1.260000000000000000e+02 4.110000000000000000e+03
1.250000000000000000e+02 4.717000000000000000e+03
1.240000000000000000e+02 4.795000000000000000e+03
1.230000000000000000e+02 5.409000000000000000e+03
1.220000000000000000e+02 5.648000000000000000e+03
1.210000000000000000e+02 5.438000000000000000e+03
1.200000000000000000e+02 4.990000000000000000e+03
1.190000000000000000e+02 3.924000000000000000e+03
1.180000000000000000e+02 3.331000000000000000e+03
1.170000000000000000e+02 2.540000000000000000e+03
1.160000000000000000e+02 2.478000000000000000e+03
1.150000000000000000e+02 2.155000000000000000e+03
1.140000000000000000e+02 1.959000000000000000e+03
1.130000000000000000e+02 1.828000000000000000e+03
1.120000000000000000e+02 1.627000000000000000e+03
1.110000000000000000e+02 1.530000000000000000e+03
1.100000000000000000e+02 1.476000000000000000e+03
1.090000000000000000e+02 1.432000000000000000e+03
1.080000000000000000e+02 1.410000000000000000e+03
1.070000000000000000e+02 1.600000000000000000e+03
1.060000000000000000e+02 2.084000000000000000e+03
1.050000000000000000e+02 2.819000000000000000e+03
1.040000000000000000e+02 3.316000000000000000e+03
1.030000000000000000e+02 4.031000000000000000e+03
1.020000000000000000e+02 3.554000000000000000e+03
1.010000000000000000e+02 2.773000000000000000e+03
1.000000000000000000e+02 2.253000000000000000e+03
9.900000000000000000e+01 2.495000000000000000e+03
9.800000000000000000e+01 1.246000000000000000e+03
9.700000000000000000e+01 0.000000000000000000e+00
9.600000000000000000e+01 3.934000000000000000e+03
9.500000000000000000e+01 3.454000000000000000e+03
9.400000000000000000e+01 3.177000000000000000e+03
9.300000000000000000e+01 3.028000000000000000e+03
9.200000000000000000e+01 1.850000000000000000e+03
9.100000000000000000e+01 1.647000000000000000e+03
9.000000000000000000e+01 1.361000000000000000e+03
8.900000000000000000e+01 1.426000000000000000e+03
8.800000000000000000e+01 1.973000000000000000e+03
8.700000000000000000e+01 1.882000000000000000e+03
8.600000000000000000e+01 1.392000000000000000e+03
8.500000000000000000e+01 1.210000000000000000e+03
8.400000000000000000e+01 1.110000000000000000e+03
8.300000000000000000e+01 1.065000000000000000e+03
8.200000000000000000e+01 1.291000000000000000e+03
8.100000000000000000e+01 1.232000000000000000e+03
8.000000000000000000e+01 1.216000000000000000e+03
7.900000000000000000e+01 1.024000000000000000e+03
7.800000000000000000e+01 8.830000000000000000e+02
7.700000000000000000e+01 8.340000000000000000e+02
7.600000000000000000e+01 8.040000000000000000e+02
7.500000000000000000e+01 8.350000000000000000e+02
7.400000000000000000e+01 1.175000000000000000e+03
7.300000000000000000e+01 1.954000000000000000e+03
7.200000000000000000e+01 1.700000000000000000e+03
7.100000000000000000e+01 1.802000000000000000e+03
7.000000000000000000e+01 2.019000000000000000e+03
6.900000000000000000e+01 2.120000000000000000e+03
6.800000000000000000e+01 3.378000000000000000e+03
6.700000000000000000e+01 3.101000000000000000e+03
6.600000000000000000e+01 3.158000000000000000e+03
6.500000000000000000e+01 3.097000000000000000e+03
6.400000000000000000e+01 2.475000000000000000e+03
6.300000000000000000e+01 1.641000000000000000e+03
6.200000000000000000e+01 9.350000000000000000e+02
6.100000000000000000e+01 8.010000000000000000e+02
6.000000000000000000e+01 9.130000000000000000e+02
5.900000000000000000e+01 7.980000000000000000e+02
5.800000000000000000e+01 5.580000000000000000e+02
5.700000000000000000e+01 5.390000000000000000e+02
5.600000000000000000e+01 5.010000000000000000e+02
5.500000000000000000e+01 4.870000000000000000e+02
5.400000000000000000e+01 4.590000000000000000e+02
5.300000000000000000e+01 4.870000000000000000e+02
5.200000000000000000e+01 4.900000000000000000e+02
5.100000000000000000e+01 4.670000000000000000e+02
5.000000000000000000e+01 5.320000000000000000e+02
4.900000000000000000e+01 6.750000000000000000e+02
4.800000000000000000e+01 1.041000000000000000e+03
4.700000000000000000e+01 1.752000000000000000e+03
4.600000000000000000e+01 2.170000000000000000e+03
4.500000000000000000e+01 1.988000000000000000e+03
4.400000000000000000e+01 1.770000000000000000e+03
4.300000000000000000e+01 1.529000000000000000e+03
4.200000000000000000e+01 1.058000000000000000e+03
4.100000000000000000e+01 1.075000000000000000e+03
4.000000000000000000e+01 1.269000000000000000e+03
3.900000000000000000e+01 1.268000000000000000e+03
3.800000000000000000e+01 1.026000000000000000e+03
3.700000000000000000e+01 5.480000000000000000e+02
3.600000000000000000e+01 4.330000000000000000e+02
3.500000000000000000e+01 4.450000000000000000e+02
3.400000000000000000e+01 4.550000000000000000e+02
3.300000000000000000e+01 5.210000000000000000e+02
3.200000000000000000e+01 5.010000000000000000e+02
3.100000000000000000e+01 5.540000000000000000e+02
3.000000000000000000e+01 0.000000000000000000e+00
2.900000000000000000e+01 5.340000000000000000e+02
2.800000000000000000e+01 4.860000000000000000e+02
2.700000000000000000e+01 4.430000000000000000e+02
2.600000000000000000e+01 4.020000000000000000e+02
2.500000000000000000e+01 4.940000000000000000e+02
2.400000000000000000e+01 5.290000000000000000e+02
2.300000000000000000e+01 7.820000000000000000e+02
2.200000000000000000e+01 1.451000000000000000e+03
2.100000000000000000e+01 1.491000000000000000e+03
2.000000000000000000e+01 1.200000000000000000e+03
1.900000000000000000e+01 1.023000000000000000e+03
1.800000000000000000e+01 8.150000000000000000e+02
1.700000000000000000e+01 1.020000000000000000e+03
1.600000000000000000e+01 1.007000000000000000e+03
1.500000000000000000e+01 8.090000000000000000e+02
1.400000000000000000e+01 7.090000000000000000e+02
1.300000000000000000e+01 4.450000000000000000e+02
1.200000000000000000e+01 3.430000000000000000e+02
1.100000000000000000e+01 3.350000000000000000e+02
1.000000000000000000e+01 3.290000000000000000e+02
9.000000000000000000e+00 3.410000000000000000e+02
8.000000000000000000e+00 3.110000000000000000e+02
7.000000000000000000e+00 3.600000000000000000e+02
6.000000000000000000e+00 6.180000000000000000e+02
5.000000000000000000e+00 6.590000000000000000e+02
4.000000000000000000e+00 4.870000000000000000e+02
3.000000000000000000e+00 4.300000000000000000e+02
2.000000000000000000e+00 3.790000000000000000e+02
1.000000000000000000e+00 4.100000000000000000e+02
