1.043000000000000000e+03 0.000000000000000000e+00
1.042000000000000000e+03 0.000000000000000000e+00
1.041000000000000000e+03 0.000000000000000000e+00
1.040000000000000000e+03 0.000000000000000000e+00
1.039000000000000000e+03 0.000000000000000000e+00
1.038000000000000000e+03 0.000000000000000000e+00
1.037000000000000000e+03 0.000000000000000000e+00
1.036000000000000000e+03 0.000000000000000000e+00
1.035000000000000000e+03 0.000000000000000000e+00
1.034000000000000000e+03 0.000000000000000000e+00
1.033000000000000000e+03 0.000000000000000000e+00
1.032000000000000000e+03 0.000000000000000000e+00
1.031000000000000000e+03 0.000000000000000000e+00
1.030000000000000000e+03 0.000000000000000000e+00
1.029000000000000000e+03 0.000000000000000000e+00
1.028000000000000000e+03 0.000000000000000000e+00
1.027000000000000000e+03 0.000000000000000000e+00
1.026000000000000000e+03 0.000000000000000000e+00
1.025000000000000000e+03 0.000000000000000000e+00
1.024000000000000000e+03 0.000000000000000000e+00
1.023000000000000000e+03 0.000000000000000000e+00
1.022000000000000000e+03 0.000000000000000000e+00
1.021000000000000000e+03 0.000000000000000000e+00
1.020000000000000000e+03 0.000000000000000000e+00
1.019000000000000000e+03 0.000000000000000000e+00
1.018000000000000000e+03 0.000000000000000000e+00
1.017000000000000000e+03 0.000000000000000000e+00
1.016000000000000000e+03 0.000000000000000000e+00
1.015000000000000000e+03 0.000000000000000000e+00
1.014000000000000000e+03 0.000000000000000000e+00
1.013000000000000000e+03 0.000000000000000000e+00
1.012000000000000000e+03 0.000000000000000000e+00
1.011000000000000000e+03 0.000000000000000000e+00
1.010000000000000000e+03 0.000000000000000000e+00
1.009000000000000000e+03 0.000000000000000000e+00
1.008000000000000000e+03 0.000000000000000000e+00
1.007000000000000000e+03 0.000000000000000000e+00
1.006000000000000000e+03 0.000000000000000000e+00
1.005000000000000000e+03 0.000000000000000000e+00
1.004000000000000000e+03 0.000000000000000000e+00
1.003000000000000000e+03 0.000000000000000000e+00
1.002000000000000000e+03 0.000000000000000000e+00
1.001000000000000000e+03 0.000000000000000000e+00
1.000000000000000000e+03 0.000000000000000000e+00
9.990000000000000000e+02 0.000000000000000000e+00
9.980000000000000000e+02 0.000000000000000000e+00
9.970000000000000000e+02 0.000000000000000000e+00
9.960000000000000000e+02 0.000000000000000000e+00
9.950000000000000000e+02 0.000000000000000000e+00
9.940000000000000000e+02 0.000000000000000000e+00
9.930000000000000000e+02 0.000000000000000000e+00
9.920000000000000000e+02 0.000000000000000000e+00
9.910000000000000000e+02 0.000000000000000000e+00
9.900000000000000000e+02 0.000000000000000000e+00
9.890000000000000000e+02 0.000000000000000000e+00
9.880000000000000000e+02 0.000000000000000000e+00
9.870000000000000000e+02 0.000000000000000000e+00
9.860000000000000000e+02 0.000000000000000000e+00
9.850000000000000000e+02 0.000000000000000000e+00
9.840000000000000000e+02 0.000000000000000000e+00
9.830000000000000000e+02 0.000000000000000000e+00
9.820000000000000000e+02 0.000000000000000000e+00
9.810000000000000000e+02 0.000000000000000000e+00
9.800000000000000000e+02 0.000000000000000000e+00
9.790000000000000000e+02 0.000000000000000000e+00
9.780000000000000000e+02 0.000000000000000000e+00
9.770000000000000000e+02 0.000000000000000000e+00
9.760000000000000000e+02 1.000000000000000000e+00
9.750000000000000000e+02 3.000000000000000000e+00
9.740000000000000000e+02 1.700000000000000000e+01
9.730000000000000000e+02 4.700000000000000000e+01
9.720000000000000000e+02 6.630000000000000000e+02
9.710000000000000000e+02 3.027000000000000000e+03
9.700000000000000000e+02 2.287000000000000000e+03
9.690000000000000000e+02 1.522000000000000000e+03
9.680000000000000000e+02 7.520000000000000000e+02
9.670000000000000000e+02 2.690000000000000000e+02
9.660000000000000000e+02 1.020000000000000000e+02
9.650000000000000000e+02 9.300000000000000000e+01
9.640000000000000000e+02 6.400000000000000000e+01
9.630000000000000000e+02 5.700000000000000000e+01
9.620000000000000000e+02 6.900000000000000000e+01
9.610000000000000000e+02 4.600000000000000000e+01
9.600000000000000000e+02 3.600000000000000000e+01
9.590000000000000000e+02 4.400000000000000000e+01
9.580000000000000000e+02 4.200000000000000000e+01
9.570000000000000000e+02 3.700000000000000000e+01
9.560000000000000000e+02 2.200000000000000000e+01
9.550000000000000000e+02 1.800000000000000000e+01
9.540000000000000000e+02 2.700000000000000000e+01
9.530000000000000000e+02 1.800000000000000000e+01
9.520000000000000000e+02 1.400000000000000000e+01
9.510000000000000000e+02 1.100000000000000000e+01
9.500000000000000000e+02 4.000000000000000000e+00
9.490000000000000000e+02 6.000000000000000000e+00
9.480000000000000000e+02 1.000000000000000000e+01
9.470000000000000000e+02 8.000000000000000000e+00
9.460000000000000000e+02 9.000000000000000000e+00
9.450000000000000000e+02 6.000000000000000000e+00
9.440000000000000000e+02 1.000000000000000000e+00
9.430000000000000000e+02 2.000000000000000000e+00
9.420000000000000000e+02 1.000000000000000000e+00
9.410000000000000000e+02 2.000000000000000000e+00
9.400000000000000000e+02 0.000000000000000000e+00
9.390000000000000000e+02 0.000000000000000000e+00
9.380000000000000000e+02 0.000000000000000000e+00
9.370000000000000000e+02 0.000000000000000000e+00
9.360000000000000000e+02 0.000000000000000000e+00
9.350000000000000000e+02 0.000000000000000000e+00
9.340000000000000000e+02 0.000000000000000000e+00
9.330000000000000000e+02 0.000000000000000000e+00
9.320000000000000000e+02 0.000000000000000000e+00
9.310000000000000000e+02 0.000000000000000000e+00
9.300000000000000000e+02 2.000000000000000000e+00
9.290000000000000000e+02 1.000000000000000000e+00
9.280000000000000000e+02 2.000000000000000000e+00
9.270000000000000000e+02 3.000000000000000000e+00
9.260000000000000000e+02 1.000000000000000000e+01
9.250000000000000000e+02 7.000000000000000000e+00
9.240000000000000000e+02 1.200000000000000000e+01
9.230000000000000000e+02 2.300000000000000000e+01
9.220000000000000000e+02 1.400000000000000000e+01
9.210000000000000000e+02 1.900000000000000000e+01
9.200000000000000000e+02 2.400000000000000000e+01
9.190000000000000000e+02 4.300000000000000000e+01
9.180000000000000000e+02 4.300000000000000000e+01
9.170000000000000000e+02 5.600000000000000000e+01
9.160000000000000000e+02 6.800000000000000000e+01
9.150000000000000000e+02 7.000000000000000000e+01
9.140000000000000000e+02 8.600000000000000000e+01
9.130000000000000000e+02 9.500000000000000000e+01
9.120000000000000000e+02 1.330000000000000000e+02
9.110000000000000000e+02 1.510000000000000000e+02
9.100000000000000000e+02 1.480000000000000000e+02
9.090000000000000000e+02 1.450000000000000000e+02
9.080000000000000000e+02 2.160000000000000000e+02
9.070000000000000000e+02 2.420000000000000000e+02
9.060000000000000000e+02 2.510000000000000000e+02
9.050000000000000000e+02 2.460000000000000000e+02
9.040000000000000000e+02 2.800000000000000000e+02
9.030000000000000000e+02 2.580000000000000000e+02
9.020000000000000000e+02 4.020000000000000000e+02
9.010000000000000000e+02 5.010000000000000000e+02
9.000000000000000000e+02 3.960000000000000000e+02
8.990000000000000000e+02 2.650000000000000000e+02
8.980000000000000000e+02 3.940000000000000000e+02
8.970000000000000000e+02 5.570000000000000000e+02
8.960000000000000000e+02 5.670000000000000000e+02
8.950000000000000000e+02 5.160000000000000000e+02
8.940000000000000000e+02 3.640000000000000000e+02
8.930000000000000000e+02 4.440000000000000000e+02
8.920000000000000000e+02 5.480000000000000000e+02
8.910000000000000000e+02 6.040000000000000000e+02
8.900000000000000000e+02 3.930000000000000000e+02
8.890000000000000000e+02 3.980000000000000000e+02
8.880000000000000000e+02 4.770000000000000000e+02
8.870000000000000000e+02 5.440000000000000000e+02
8.860000000000000000e+02 5.560000000000000000e+02
8.850000000000000000e+02 4.930000000000000000e+02
8.840000000000000000e+02 3.380000000000000000e+02
8.830000000000000000e+02 3.700000000000000000e+02
8.820000000000000000e+02 2.950000000000000000e+02
8.810000000000000000e+02 3.560000000000000000e+02
8.800000000000000000e+02 3.550000000000000000e+02
8.790000000000000000e+02 3.030000000000000000e+02
8.780000000000000000e+02 2.640000000000000000e+02
8.770000000000000000e+02 3.230000000000000000e+02
8.760000000000000000e+02 1.730000000000000000e+02
8.750000000000000000e+02 2.570000000000000000e+02
8.740000000000000000e+02 1.590000000000000000e+02
8.730000000000000000e+02 1.470000000000000000e+02
8.720000000000000000e+02 1.520000000000000000e+02
8.710000000000000000e+02 1.400000000000000000e+02
8.700000000000000000e+02 7.300000000000000000e+01
8.690000000000000000e+02 5.500000000000000000e+01
8.680000000000000000e+02 6.000000000000000000e+01
8.670000000000000000e+02 5.700000000000000000e+01
8.660000000000000000e+02 3.700000000000000000e+01
8.650000000000000000e+02 2.500000000000000000e+01
8.640000000000000000e+02 2.000000000000000000e+01
8.630000000000000000e+02 2.000000000000000000e+01
8.620000000000000000e+02 6.000000000000000000e+00
8.610000000000000000e+02 7.000000000000000000e+00
8.600000000000000000e+02 5.000000000000000000e+00
8.590000000000000000e+02 6.000000000000000000e+00
8.580000000000000000e+02 3.000000000000000000e+00
8.570000000000000000e+02 2.000000000000000000e+00
8.560000000000000000e+02 0.000000000000000000e+00
8.550000000000000000e+02 3.000000000000000000e+00
8.540000000000000000e+02 1.000000000000000000e+00
8.530000000000000000e+02 0.000000000000000000e+00
8.520000000000000000e+02 2.000000000000000000e+00
8.510000000000000000e+02 1.000000000000000000e+01
8.500000000000000000e+02 5.000000000000000000e+00
8.490000000000000000e+02 1.000000000000000000e+01
8.480000000000000000e+02 -1.000000000000000000e+00
8.470000000000000000e+02 -1.000000000000000000e+00
8.460000000000000000e+02 -1.000000000000000000e+00
8.450000000000000000e+02 -1.000000000000000000e+00
8.440000000000000000e+02 -1.000000000000000000e+00
8.430000000000000000e+02 -1.000000000000000000e+00
8.420000000000000000e+02 -1.000000000000000000e+00
8.410000000000000000e+02 -1.000000000000000000e+00
8.400000000000000000e+02 -1.000000000000000000e+00
8.390000000000000000e+02 -1.000000000000000000e+00
8.380000000000000000e+02 -1.000000000000000000e+00
8.370000000000000000e+02 -1.000000000000000000e+00
8.360000000000000000e+02 -1.000000000000000000e+00
8.350000000000000000e+02 -1.000000000000000000e+00
8.340000000000000000e+02 -1.000000000000000000e+00
8.330000000000000000e+02 -1.000000000000000000e+00
8.320000000000000000e+02 -1.000000000000000000e+00
8.310000000000000000e+02 1.569000000000000000e+04
8.300000000000000000e+02 1.805400000000000000e+04
8.290000000000000000e+02 1.844500000000000000e+04
8.280000000000000000e+02 1.847600000000000000e+04
8.270000000000000000e+02 1.993500000000000000e+04
8.260000000000000000e+02 2.124200000000000000e+04
8.250000000000000000e+02 2.154400000000000000e+04
8.240000000000000000e+02 2.232200000000000000e+04
8.230000000000000000e+02 2.348000000000000000e+04
8.220000000000000000e+02 2.422300000000000000e+04
8.210000000000000000e+02 2.412300000000000000e+04
8.200000000000000000e+02 2.514000000000000000e+04
8.190000000000000000e+02 2.606000000000000000e+04
8.180000000000000000e+02 2.685400000000000000e+04
8.170000000000000000e+02 2.647800000000000000e+04
8.160000000000000000e+02 2.650400000000000000e+04
8.150000000000000000e+02 2.586900000000000000e+04
8.140000000000000000e+02 2.638100000000000000e+04
8.130000000000000000e+02 2.795200000000000000e+04
8.120000000000000000e+02 2.864000000000000000e+04
8.110000000000000000e+02 2.806400000000000000e+04
8.100000000000000000e+02 2.708700000000000000e+04
8.090000000000000000e+02 2.743800000000000000e+04
8.080000000000000000e+02 2.746400000000000000e+04
8.070000000000000000e+02 2.713500000000000000e+04
8.060000000000000000e+02 2.593300000000000000e+04
8.050000000000000000e+02 2.553900000000000000e+04
8.040000000000000000e+02 2.474300000000000000e+04
8.030000000000000000e+02 2.492300000000000000e+04
8.020000000000000000e+02 2.530900000000000000e+04
8.010000000000000000e+02 2.372100000000000000e+04
8.000000000000000000e+02 2.233800000000000000e+04
7.990000000000000000e+02 2.157600000000000000e+04
7.980000000000000000e+02 2.091300000000000000e+04
7.970000000000000000e+02 1.977900000000000000e+04
7.960000000000000000e+02 1.865900000000000000e+04
7.950000000000000000e+02 1.768900000000000000e+04
7.940000000000000000e+02 1.627000000000000000e+04
7.930000000000000000e+02 1.529600000000000000e+04
7.920000000000000000e+02 1.452600000000000000e+04
7.910000000000000000e+02 1.352200000000000000e+04
7.900000000000000000e+02 1.188600000000000000e+04
7.890000000000000000e+02 9.859000000000000000e+03
7.880000000000000000e+02 8.894000000000000000e+03
7.870000000000000000e+02 8.519000000000000000e+03
7.860000000000000000e+02 7.803000000000000000e+03
7.850000000000000000e+02 6.318000000000000000e+03
7.840000000000000000e+02 5.422000000000000000e+03
7.830000000000000000e+02 4.300000000000000000e+03
7.820000000000000000e+02 3.818000000000000000e+03
7.810000000000000000e+02 3.283000000000000000e+03
7.800000000000000000e+02 2.741000000000000000e+03
7.790000000000000000e+02 1.848000000000000000e+03
7.780000000000000000e+02 1.270000000000000000e+03
7.770000000000000000e+02 1.056000000000000000e+03
7.760000000000000000e+02 9.360000000000000000e+02
7.750000000000000000e+02 1.064000000000000000e+03
7.740000000000000000e+02 1.060000000000000000e+03
7.730000000000000000e+02 1.197000000000000000e+03
7.720000000000000000e+02 1.351000000000000000e+03
7.710000000000000000e+02 1.872000000000000000e+03
7.700000000000000000e+02 2.587000000000000000e+03
7.690000000000000000e+02 3.551000000000000000e+03
7.680000000000000000e+02 4.427000000000000000e+03
7.670000000000000000e+02 5.563000000000000000e+03
7.660000000000000000e+02 6.139000000000000000e+03
7.650000000000000000e+02 6.967000000000000000e+03
7.640000000000000000e+02 8.905000000000000000e+03
7.630000000000000000e+02 1.131100000000000000e+04
7.620000000000000000e+02 1.246700000000000000e+04
7.610000000000000000e+02 1.300700000000000000e+04
7.600000000000000000e+02 1.329500000000000000e+04
7.590000000000000000e+02 1.565400000000000000e+04
7.580000000000000000e+02 1.915400000000000000e+04
7.570000000000000000e+02 2.229800000000000000e+04
7.560000000000000000e+02 2.371400000000000000e+04
7.550000000000000000e+02 2.461600000000000000e+04
7.540000000000000000e+02 2.470700000000000000e+04
7.530000000000000000e+02 2.649700000000000000e+04
7.520000000000000000e+02 2.932700000000000000e+04
7.510000000000000000e+02 3.396400000000000000e+04
7.500000000000000000e+02 3.469600000000000000e+04
7.490000000000000000e+02 3.297500000000000000e+04
7.480000000000000000e+02 3.347900000000000000e+04
7.470000000000000000e+02 3.698400000000000000e+04
7.460000000000000000e+02 4.154300000000000000e+04
7.450000000000000000e+02 4.357600000000000000e+04
7.440000000000000000e+02 4.068200000000000000e+04
7.430000000000000000e+02 4.135700000000000000e+04
7.420000000000000000e+02 4.487900000000000000e+04
7.410000000000000000e+02 4.561400000000000000e+04
7.400000000000000000e+02 4.470800000000000000e+04
7.390000000000000000e+02 4.802500000000000000e+04
7.380000000000000000e+02 4.978000000000000000e+04
7.370000000000000000e+02 4.904700000000000000e+04
7.360000000000000000e+02 4.837400000000000000e+04
7.350000000000000000e+02 4.589700000000000000e+04
7.340000000000000000e+02 4.571900000000000000e+04
7.330000000000000000e+02 4.549700000000000000e+04
7.320000000000000000e+02 4.682400000000000000e+04
7.310000000000000000e+02 4.782700000000000000e+04
7.300000000000000000e+02 5.110800000000000000e+04
7.290000000000000000e+02 5.005300000000000000e+04
7.280000000000000000e+02 4.688700000000000000e+04
7.270000000000000000e+02 4.471300000000000000e+04
7.260000000000000000e+02 4.435400000000000000e+04
7.250000000000000000e+02 4.761100000000000000e+04
7.240000000000000000e+02 4.802600000000000000e+04
7.230000000000000000e+02 4.321500000000000000e+04
7.220000000000000000e+02 4.258700000000000000e+04
7.210000000000000000e+02 4.077000000000000000e+04
7.200000000000000000e+02 3.858300000000000000e+04
7.190000000000000000e+02 3.793600000000000000e+04
7.180000000000000000e+02 3.878900000000000000e+04
7.170000000000000000e+02 3.689300000000000000e+04
7.160000000000000000e+02 3.410100000000000000e+04
7.150000000000000000e+02 3.131600000000000000e+04
7.140000000000000000e+02 2.810200000000000000e+04
7.130000000000000000e+02 2.754100000000000000e+04
7.120000000000000000e+02 2.748200000000000000e+04
7.110000000000000000e+02 2.372400000000000000e+04
7.100000000000000000e+02 2.170700000000000000e+04
7.090000000000000000e+02 2.020500000000000000e+04
7.080000000000000000e+02 1.736500000000000000e+04
7.070000000000000000e+02 1.577100000000000000e+04
7.060000000000000000e+02 1.333900000000000000e+04
7.050000000000000000e+02 1.160600000000000000e+04
7.040000000000000000e+02 1.034900000000000000e+04
7.030000000000000000e+02 8.558000000000000000e+03
7.020000000000000000e+02 6.569000000000000000e+03
7.010000000000000000e+02 4.953000000000000000e+03
7.000000000000000000e+02 3.861000000000000000e+03
6.990000000000000000e+02 2.921000000000000000e+03
6.980000000000000000e+02 2.177000000000000000e+03
6.970000000000000000e+02 1.473000000000000000e+03
6.960000000000000000e+02 1.176000000000000000e+03
6.950000000000000000e+02 9.840000000000000000e+02
6.940000000000000000e+02 1.114000000000000000e+03
6.930000000000000000e+02 1.679000000000000000e+03
6.920000000000000000e+02 2.324000000000000000e+03
6.910000000000000000e+02 3.301000000000000000e+03
6.900000000000000000e+02 4.733000000000000000e+03
6.890000000000000000e+02 5.718000000000000000e+03
6.880000000000000000e+02 7.029000000000000000e+03
6.870000000000000000e+02 9.107000000000000000e+03
6.860000000000000000e+02 1.145400000000000000e+04
6.850000000000000000e+02 1.341600000000000000e+04
6.840000000000000000e+02 1.656400000000000000e+04
6.830000000000000000e+02 1.907100000000000000e+04
6.820000000000000000e+02 2.042100000000000000e+04
6.810000000000000000e+02 2.381600000000000000e+04
6.800000000000000000e+02 2.738500000000000000e+04
6.790000000000000000e+02 2.779700000000000000e+04
6.780000000000000000e+02 2.870600000000000000e+04
6.770000000000000000e+02 3.423900000000000000e+04
6.760000000000000000e+02 3.945800000000000000e+04
6.750000000000000000e+02 4.250200000000000000e+04
6.740000000000000000e+02 4.298200000000000000e+04
6.730000000000000000e+02 4.102900000000000000e+04
6.720000000000000000e+02 4.326300000000000000e+04
6.710000000000000000e+02 4.783200000000000000e+04
6.700000000000000000e+02 5.292000000000000000e+04
6.690000000000000000e+02 5.435800000000000000e+04
6.680000000000000000e+02 5.597800000000000000e+04
6.670000000000000000e+02 5.749900000000000000e+04
6.660000000000000000e+02 5.835800000000000000e+04
6.650000000000000000e+02 5.813400000000000000e+04
6.640000000000000000e+02 6.115900000000000000e+04
6.630000000000000000e+02 6.496600000000000000e+04
6.620000000000000000e+02 6.380300000000000000e+04
6.610000000000000000e+02 6.454000000000000000e+04
6.600000000000000000e+02 6.472800000000000000e+04
6.590000000000000000e+02 6.483300000000000000e+04
6.580000000000000000e+02 6.403000000000000000e+04
6.570000000000000000e+02 6.690300000000000000e+04
6.560000000000000000e+02 6.983400000000000000e+04
6.550000000000000000e+02 6.962200000000000000e+04
6.540000000000000000e+02 6.685600000000000000e+04
6.530000000000000000e+02 6.630600000000000000e+04
6.520000000000000000e+02 6.403800000000000000e+04
6.510000000000000000e+02 6.517000000000000000e+04
6.500000000000000000e+02 6.603400000000000000e+04
6.490000000000000000e+02 6.812900000000000000e+04
6.480000000000000000e+02 6.715600000000000000e+04
6.470000000000000000e+02 6.573900000000000000e+04
6.460000000000000000e+02 6.351700000000000000e+04
6.450000000000000000e+02 6.383600000000000000e+04
6.440000000000000000e+02 6.161400000000000000e+04
6.430000000000000000e+02 5.762200000000000000e+04
6.420000000000000000e+02 5.860900000000000000e+04
6.410000000000000000e+02 5.978800000000000000e+04
6.400000000000000000e+02 5.744200000000000000e+04
6.390000000000000000e+02 5.825900000000000000e+04
6.380000000000000000e+02 5.333900000000000000e+04
6.370000000000000000e+02 4.419800000000000000e+04
6.360000000000000000e+02 -1.000000000000000000e+00
6.350000000000000000e+02 -1.000000000000000000e+00
6.340000000000000000e+02 -1.000000000000000000e+00
6.330000000000000000e+02 -1.000000000000000000e+00
6.320000000000000000e+02 -1.000000000000000000e+00
6.310000000000000000e+02 -1.000000000000000000e+00
6.300000000000000000e+02 -1.000000000000000000e+00
6.290000000000000000e+02 -1.000000000000000000e+00
6.280000000000000000e+02 -1.000000000000000000e+00
6.270000000000000000e+02 -1.000000000000000000e+00
6.260000000000000000e+02 -1.000000000000000000e+00
6.250000000000000000e+02 -1.000000000000000000e+00
6.240000000000000000e+02 -1.000000000000000000e+00
6.230000000000000000e+02 -1.000000000000000000e+00
6.220000000000000000e+02 -1.000000000000000000e+00
6.210000000000000000e+02 -1.000000000000000000e+00
6.200000000000000000e+02 -1.000000000000000000e+00
6.190000000000000000e+02 4.112000000000000000e+03
6.180000000000000000e+02 2.679000000000000000e+03
6.170000000000000000e+02 1.672000000000000000e+03
6.160000000000000000e+02 1.189000000000000000e+03
6.150000000000000000e+02 1.074000000000000000e+03
6.140000000000000000e+02 1.508000000000000000e+03
6.130000000000000000e+02 2.287000000000000000e+03
6.120000000000000000e+02 3.731000000000000000e+03
6.110000000000000000e+02 5.180000000000000000e+03
6.100000000000000000e+02 7.459000000000000000e+03
6.090000000000000000e+02 9.363000000000000000e+03
6.080000000000000000e+02 1.221700000000000000e+04
6.070000000000000000e+02 1.652600000000000000e+04
6.060000000000000000e+02 1.878800000000000000e+04
6.050000000000000000e+02 2.144600000000000000e+04
6.040000000000000000e+02 2.525200000000000000e+04
6.030000000000000000e+02 3.050900000000000000e+04
6.020000000000000000e+02 3.225300000000000000e+04
6.010000000000000000e+02 3.692600000000000000e+04
6.000000000000000000e+02 3.875500000000000000e+04
5.990000000000000000e+02 3.958200000000000000e+04
5.980000000000000000e+02 4.243400000000000000e+04
5.970000000000000000e+02 4.877900000000000000e+04
5.960000000000000000e+02 5.556300000000000000e+04
5.950000000000000000e+02 5.629200000000000000e+04
5.940000000000000000e+02 5.787300000000000000e+04
5.930000000000000000e+02 5.836200000000000000e+04
5.920000000000000000e+02 5.863800000000000000e+04
5.910000000000000000e+02 6.263400000000000000e+04
5.900000000000000000e+02 6.773100000000000000e+04
5.890000000000000000e+02 7.095400000000000000e+04
5.880000000000000000e+02 7.209200000000000000e+04
5.870000000000000000e+02 7.313900000000000000e+04
5.860000000000000000e+02 7.488700000000000000e+04
5.850000000000000000e+02 7.487900000000000000e+04
5.840000000000000000e+02 7.354900000000000000e+04
5.830000000000000000e+02 7.345900000000000000e+04
5.820000000000000000e+02 7.454800000000000000e+04
5.810000000000000000e+02 7.320800000000000000e+04
5.800000000000000000e+02 7.757000000000000000e+04
5.790000000000000000e+02 8.116600000000000000e+04
5.780000000000000000e+02 8.043400000000000000e+04
5.770000000000000000e+02 8.160600000000000000e+04
5.760000000000000000e+02 7.965900000000000000e+04
5.750000000000000000e+02 7.622200000000000000e+04
5.740000000000000000e+02 7.578300000000000000e+04
5.730000000000000000e+02 7.598600000000000000e+04
5.720000000000000000e+02 7.426800000000000000e+04
5.710000000000000000e+02 7.724100000000000000e+04
5.700000000000000000e+02 7.873300000000000000e+04
5.690000000000000000e+02 7.602200000000000000e+04
5.680000000000000000e+02 7.657400000000000000e+04
5.670000000000000000e+02 7.798000000000000000e+04
5.660000000000000000e+02 7.347600000000000000e+04
5.650000000000000000e+02 7.332200000000000000e+04
5.640000000000000000e+02 7.348600000000000000e+04
5.630000000000000000e+02 6.872500000000000000e+04
5.620000000000000000e+02 6.847100000000000000e+04
5.610000000000000000e+02 6.517300000000000000e+04
5.600000000000000000e+02 6.113700000000000000e+04
5.590000000000000000e+02 6.327500000000000000e+04
5.580000000000000000e+02 6.213400000000000000e+04
5.570000000000000000e+02 5.844200000000000000e+04
5.560000000000000000e+02 5.729100000000000000e+04
5.550000000000000000e+02 5.637500000000000000e+04
5.540000000000000000e+02 5.409500000000000000e+04
5.530000000000000000e+02 4.775200000000000000e+04
5.520000000000000000e+02 4.738400000000000000e+04
5.510000000000000000e+02 4.623600000000000000e+04
5.500000000000000000e+02 3.895600000000000000e+04
5.490000000000000000e+02 3.691900000000000000e+04
5.480000000000000000e+02 3.490900000000000000e+04
5.470000000000000000e+02 2.882000000000000000e+04
5.460000000000000000e+02 2.705000000000000000e+04
5.450000000000000000e+02 2.495800000000000000e+04
5.440000000000000000e+02 2.020300000000000000e+04
5.430000000000000000e+02 1.717300000000000000e+04
5.420000000000000000e+02 1.375200000000000000e+04
5.410000000000000000e+02 9.870000000000000000e+03
5.400000000000000000e+02 6.626000000000000000e+03
5.390000000000000000e+02 3.792000000000000000e+03
5.380000000000000000e+02 2.208000000000000000e+03
5.370000000000000000e+02 1.207000000000000000e+03
5.360000000000000000e+02 8.740000000000000000e+02
5.350000000000000000e+02 1.186000000000000000e+03
5.340000000000000000e+02 2.441000000000000000e+03
5.330000000000000000e+02 4.403000000000000000e+03
5.320000000000000000e+02 6.646000000000000000e+03
5.310000000000000000e+02 1.042100000000000000e+04
5.300000000000000000e+02 1.267400000000000000e+04
5.290000000000000000e+02 1.617900000000000000e+04
5.280000000000000000e+02 2.125300000000000000e+04
5.270000000000000000e+02 2.533200000000000000e+04
5.260000000000000000e+02 2.833000000000000000e+04
5.250000000000000000e+02 3.376400000000000000e+04
5.240000000000000000e+02 3.937500000000000000e+04
5.230000000000000000e+02 3.917800000000000000e+04
5.220000000000000000e+02 4.048900000000000000e+04
5.210000000000000000e+02 4.182700000000000000e+04
5.200000000000000000e+02 5.502000000000000000e+04
5.190000000000000000e+02 5.618500000000000000e+04
5.180000000000000000e+02 5.678100000000000000e+04
5.170000000000000000e+02 5.437100000000000000e+04
5.160000000000000000e+02 5.886300000000000000e+04
5.150000000000000000e+02 6.001600000000000000e+04
5.140000000000000000e+02 6.511200000000000000e+04
5.130000000000000000e+02 7.060000000000000000e+04
5.120000000000000000e+02 7.502100000000000000e+04
5.110000000000000000e+02 7.766900000000000000e+04
5.100000000000000000e+02 7.819300000000000000e+04
5.090000000000000000e+02 7.637300000000000000e+04
5.080000000000000000e+02 7.416400000000000000e+04
5.070000000000000000e+02 7.300500000000000000e+04
5.060000000000000000e+02 7.428200000000000000e+04
5.050000000000000000e+02 7.633900000000000000e+04
5.040000000000000000e+02 7.756100000000000000e+04
5.030000000000000000e+02 8.041700000000000000e+04
5.020000000000000000e+02 8.372800000000000000e+04
5.010000000000000000e+02 8.553700000000000000e+04
5.000000000000000000e+02 8.672700000000000000e+04
4.990000000000000000e+02 8.645800000000000000e+04
4.980000000000000000e+02 8.713200000000000000e+04
4.970000000000000000e+02 8.535100000000000000e+04
4.960000000000000000e+02 8.327600000000000000e+04
4.950000000000000000e+02 8.072500000000000000e+04
4.940000000000000000e+02 7.815800000000000000e+04
4.930000000000000000e+02 7.470400000000000000e+04
4.920000000000000000e+02 7.192400000000000000e+04
4.910000000000000000e+02 6.828500000000000000e+04
4.900000000000000000e+02 6.974400000000000000e+04
4.890000000000000000e+02 7.166600000000000000e+04
4.880000000000000000e+02 7.510200000000000000e+04
4.870000000000000000e+02 7.645100000000000000e+04
4.860000000000000000e+02 7.775200000000000000e+04
4.850000000000000000e+02 7.629400000000000000e+04
4.840000000000000000e+02 7.453400000000000000e+04
4.830000000000000000e+02 7.191500000000000000e+04
4.820000000000000000e+02 7.092300000000000000e+04
4.810000000000000000e+02 6.589100000000000000e+04
4.800000000000000000e+02 6.313000000000000000e+04
4.790000000000000000e+02 6.151900000000000000e+04
4.780000000000000000e+02 6.424400000000000000e+04
4.770000000000000000e+02 6.621400000000000000e+04
4.760000000000000000e+02 6.916600000000000000e+04
4.750000000000000000e+02 6.980500000000000000e+04
4.740000000000000000e+02 6.989100000000000000e+04
4.730000000000000000e+02 7.364500000000000000e+04
4.720000000000000000e+02 7.641500000000000000e+04
4.710000000000000000e+02 7.570100000000000000e+04
4.700000000000000000e+02 7.368600000000000000e+04
4.690000000000000000e+02 7.327500000000000000e+04
4.680000000000000000e+02 7.646300000000000000e+04
4.670000000000000000e+02 7.544600000000000000e+04
4.660000000000000000e+02 7.211400000000000000e+04
4.650000000000000000e+02 6.871900000000000000e+04
4.640000000000000000e+02 6.589700000000000000e+04
4.630000000000000000e+02 6.460900000000000000e+04
4.620000000000000000e+02 6.390400000000000000e+04
4.610000000000000000e+02 6.328200000000000000e+04
4.600000000000000000e+02 6.627100000000000000e+04
4.590000000000000000e+02 6.762500000000000000e+04
4.580000000000000000e+02 6.561300000000000000e+04
4.570000000000000000e+02 6.399100000000000000e+04
4.560000000000000000e+02 6.276800000000000000e+04
4.550000000000000000e+02 6.127000000000000000e+04
4.540000000000000000e+02 5.795600000000000000e+04
4.530000000000000000e+02 5.533400000000000000e+04
4.520000000000000000e+02 5.110500000000000000e+04
4.510000000000000000e+02 4.694700000000000000e+04
4.500000000000000000e+02 4.482300000000000000e+04
4.490000000000000000e+02 4.197600000000000000e+04
4.480000000000000000e+02 3.996200000000000000e+04
4.470000000000000000e+02 3.697500000000000000e+04
4.460000000000000000e+02 3.178300000000000000e+04
4.450000000000000000e+02 2.941100000000000000e+04
4.440000000000000000e+02 2.797800000000000000e+04
4.430000000000000000e+02 2.647500000000000000e+04
4.420000000000000000e+02 2.483500000000000000e+04
4.410000000000000000e+02 1.919400000000000000e+04
4.400000000000000000e+02 1.304200000000000000e+04
4.390000000000000000e+02 1.075100000000000000e+04
4.380000000000000000e+02 1.163900000000000000e+04
4.370000000000000000e+02 1.415900000000000000e+04
4.360000000000000000e+02 1.327000000000000000e+04
4.350000000000000000e+02 1.134300000000000000e+04
4.340000000000000000e+02 1.487600000000000000e+04
4.330000000000000000e+02 2.280200000000000000e+04
4.320000000000000000e+02 3.477200000000000000e+04
4.310000000000000000e+02 4.472500000000000000e+04
4.300000000000000000e+02 5.330500000000000000e+04
4.290000000000000000e+02 6.048900000000000000e+04
4.280000000000000000e+02 6.799900000000000000e+04
4.270000000000000000e+02 7.612500000000000000e+04
4.260000000000000000e+02 8.172000000000000000e+04
4.250000000000000000e+02 8.079000000000000000e+04
4.240000000000000000e+02 -1.000000000000000000e+00
4.230000000000000000e+02 -1.000000000000000000e+00
4.220000000000000000e+02 -1.000000000000000000e+00
4.210000000000000000e+02 -1.000000000000000000e+00
4.200000000000000000e+02 -1.000000000000000000e+00
4.190000000000000000e+02 -1.000000000000000000e+00
4.180000000000000000e+02 -1.000000000000000000e+00
4.170000000000000000e+02 -1.000000000000000000e+00
4.160000000000000000e+02 -1.000000000000000000e+00
4.150000000000000000e+02 -1.000000000000000000e+00
4.140000000000000000e+02 -1.000000000000000000e+00
4.130000000000000000e+02 -1.000000000000000000e+00
4.120000000000000000e+02 -1.000000000000000000e+00
4.110000000000000000e+02 -1.000000000000000000e+00
4.100000000000000000e+02 -1.000000000000000000e+00
4.090000000000000000e+02 -1.000000000000000000e+00
4.080000000000000000e+02 -1.000000000000000000e+00
4.070000000000000000e+02 6.637500000000000000e+04
4.060000000000000000e+02 6.850800000000000000e+04
4.050000000000000000e+02 6.753200000000000000e+04
4.040000000000000000e+02 6.580300000000000000e+04
4.030000000000000000e+02 6.252300000000000000e+04
4.020000000000000000e+02 5.941100000000000000e+04
4.010000000000000000e+02 5.617800000000000000e+04
4.000000000000000000e+02 5.114000000000000000e+04
3.990000000000000000e+02 4.600200000000000000e+04
3.980000000000000000e+02 4.100000000000000000e+04
3.970000000000000000e+02 3.403700000000000000e+04
3.960000000000000000e+02 2.654200000000000000e+04
3.950000000000000000e+02 2.131600000000000000e+04
3.940000000000000000e+02 1.699900000000000000e+04
3.930000000000000000e+02 1.500700000000000000e+04
3.920000000000000000e+02 1.607900000000000000e+04
3.910000000000000000e+02 2.001000000000000000e+04
3.900000000000000000e+02 2.351500000000000000e+04
3.890000000000000000e+02 2.652600000000000000e+04
3.880000000000000000e+02 2.915900000000000000e+04
3.870000000000000000e+02 3.434800000000000000e+04
3.860000000000000000e+02 3.845300000000000000e+04
3.850000000000000000e+02 4.312200000000000000e+04
3.840000000000000000e+02 4.684800000000000000e+04
3.830000000000000000e+02 5.073400000000000000e+04
3.820000000000000000e+02 5.400200000000000000e+04
3.810000000000000000e+02 5.664100000000000000e+04
3.800000000000000000e+02 5.763500000000000000e+04
3.790000000000000000e+02 5.933000000000000000e+04
3.780000000000000000e+02 6.050200000000000000e+04
3.770000000000000000e+02 6.296500000000000000e+04
3.760000000000000000e+02 6.501800000000000000e+04
3.750000000000000000e+02 6.943300000000000000e+04
3.740000000000000000e+02 7.622900000000000000e+04
3.730000000000000000e+02 8.299700000000000000e+04
3.720000000000000000e+02 8.778600000000000000e+04
3.710000000000000000e+02 9.159200000000000000e+04
3.700000000000000000e+02 9.812400000000000000e+04
3.690000000000000000e+02 1.047870000000000000e+05
3.680000000000000000e+02 1.136430000000000000e+05
3.670000000000000000e+02 1.152270000000000000e+05
3.660000000000000000e+02 1.172810000000000000e+05
3.650000000000000000e+02 1.192160000000000000e+05
3.640000000000000000e+02 1.215050000000000000e+05
3.630000000000000000e+02 1.218500000000000000e+05
3.620000000000000000e+02 1.216500000000000000e+05
3.610000000000000000e+02 1.222740000000000000e+05
3.600000000000000000e+02 1.220270000000000000e+05
3.590000000000000000e+02 1.193850000000000000e+05
3.580000000000000000e+02 1.203780000000000000e+05
3.570000000000000000e+02 1.187310000000000000e+05
3.560000000000000000e+02 1.184300000000000000e+05
3.550000000000000000e+02 1.133330000000000000e+05
3.540000000000000000e+02 1.085330000000000000e+05
3.530000000000000000e+02 1.044090000000000000e+05
3.520000000000000000e+02 1.001960000000000000e+05
3.510000000000000000e+02 9.774400000000000000e+04
3.500000000000000000e+02 8.770400000000000000e+04
3.490000000000000000e+02 8.397200000000000000e+04
3.480000000000000000e+02 7.806700000000000000e+04
3.470000000000000000e+02 7.523800000000000000e+04
3.460000000000000000e+02 7.579400000000000000e+04
3.450000000000000000e+02 7.848400000000000000e+04
3.440000000000000000e+02 7.901600000000000000e+04
3.430000000000000000e+02 7.863500000000000000e+04
3.420000000000000000e+02 7.802700000000000000e+04
3.410000000000000000e+02 7.846400000000000000e+04
3.400000000000000000e+02 7.932800000000000000e+04
3.390000000000000000e+02 7.685500000000000000e+04
3.380000000000000000e+02 7.631400000000000000e+04
3.370000000000000000e+02 7.524900000000000000e+04
3.360000000000000000e+02 7.432000000000000000e+04
3.350000000000000000e+02 7.452300000000000000e+04
3.340000000000000000e+02 7.512200000000000000e+04
3.330000000000000000e+02 7.321000000000000000e+04
3.320000000000000000e+02 7.317100000000000000e+04
3.310000000000000000e+02 7.176600000000000000e+04
3.300000000000000000e+02 7.286300000000000000e+04
3.290000000000000000e+02 7.087000000000000000e+04
3.280000000000000000e+02 6.939200000000000000e+04
3.270000000000000000e+02 6.854300000000000000e+04
3.260000000000000000e+02 6.778500000000000000e+04
3.250000000000000000e+02 6.680900000000000000e+04
3.240000000000000000e+02 6.581300000000000000e+04
3.230000000000000000e+02 6.417500000000000000e+04
3.220000000000000000e+02 6.312400000000000000e+04
3.210000000000000000e+02 6.183400000000000000e+04
3.200000000000000000e+02 5.992600000000000000e+04
3.190000000000000000e+02 5.768000000000000000e+04
3.180000000000000000e+02 5.602700000000000000e+04
3.170000000000000000e+02 5.471300000000000000e+04
3.160000000000000000e+02 5.340100000000000000e+04
3.150000000000000000e+02 5.192200000000000000e+04
3.140000000000000000e+02 5.126600000000000000e+04
3.130000000000000000e+02 5.018800000000000000e+04
3.120000000000000000e+02 4.885400000000000000e+04
3.110000000000000000e+02 3.652300000000000000e+04
3.100000000000000000e+02 3.576400000000000000e+04
3.090000000000000000e+02 3.504100000000000000e+04
3.080000000000000000e+02 4.359500000000000000e+04
3.070000000000000000e+02 4.178300000000000000e+04
3.060000000000000000e+02 4.029500000000000000e+04
3.050000000000000000e+02 3.894700000000000000e+04
3.040000000000000000e+02 3.727800000000000000e+04
3.030000000000000000e+02 3.623100000000000000e+04
3.020000000000000000e+02 3.474000000000000000e+04
3.010000000000000000e+02 3.381700000000000000e+04
3.000000000000000000e+02 3.245800000000000000e+04
2.990000000000000000e+02 3.141600000000000000e+04
2.980000000000000000e+02 3.029100000000000000e+04
2.970000000000000000e+02 2.928500000000000000e+04
2.960000000000000000e+02 2.769500000000000000e+04
2.950000000000000000e+02 2.631400000000000000e+04
2.940000000000000000e+02 2.457400000000000000e+04
2.930000000000000000e+02 2.299700000000000000e+04
2.920000000000000000e+02 2.177400000000000000e+04
2.910000000000000000e+02 1.946400000000000000e+04
2.900000000000000000e+02 1.766100000000000000e+04
2.890000000000000000e+02 1.563700000000000000e+04
2.880000000000000000e+02 1.370200000000000000e+04
2.870000000000000000e+02 1.191900000000000000e+04
2.860000000000000000e+02 1.011800000000000000e+04
2.850000000000000000e+02 7.851000000000000000e+03
2.840000000000000000e+02 6.288000000000000000e+03
2.830000000000000000e+02 4.883000000000000000e+03
2.820000000000000000e+02 3.217000000000000000e+03
2.810000000000000000e+02 1.974000000000000000e+03
2.800000000000000000e+02 1.284000000000000000e+03
2.790000000000000000e+02 9.300000000000000000e+02
2.780000000000000000e+02 8.450000000000000000e+02
2.770000000000000000e+02 8.000000000000000000e+02
2.760000000000000000e+02 8.190000000000000000e+02
2.750000000000000000e+02 8.270000000000000000e+02
2.740000000000000000e+02 8.580000000000000000e+02
2.730000000000000000e+02 8.530000000000000000e+02
2.720000000000000000e+02 8.900000000000000000e+02
2.710000000000000000e+02 9.490000000000000000e+02
2.700000000000000000e+02 9.950000000000000000e+02
2.690000000000000000e+02 9.260000000000000000e+02
2.680000000000000000e+02 1.021000000000000000e+03
2.670000000000000000e+02 1.037000000000000000e+03
2.660000000000000000e+02 1.060000000000000000e+03
2.650000000000000000e+02 1.059000000000000000e+03
2.640000000000000000e+02 1.085000000000000000e+03
2.630000000000000000e+02 1.084000000000000000e+03
2.620000000000000000e+02 1.028000000000000000e+03
2.610000000000000000e+02 1.012000000000000000e+03
2.600000000000000000e+02 9.590000000000000000e+02
2.590000000000000000e+02 1.055000000000000000e+03
2.580000000000000000e+02 1.002000000000000000e+03
2.570000000000000000e+02 9.560000000000000000e+02
2.560000000000000000e+02 9.310000000000000000e+02
2.550000000000000000e+02 8.230000000000000000e+02
2.540000000000000000e+02 9.100000000000000000e+02
2.530000000000000000e+02 7.670000000000000000e+02
2.520000000000000000e+02 7.230000000000000000e+02
2.510000000000000000e+02 7.550000000000000000e+02
2.500000000000000000e+02 7.180000000000000000e+02
2.490000000000000000e+02 6.060000000000000000e+02
2.480000000000000000e+02 5.980000000000000000e+02
2.470000000000000000e+02 6.050000000000000000e+02
2.460000000000000000e+02 6.050000000000000000e+02
2.450000000000000000e+02 5.930000000000000000e+02
2.440000000000000000e+02 5.060000000000000000e+02
2.430000000000000000e+02 6.170000000000000000e+02
2.420000000000000000e+02 5.690000000000000000e+02
2.410000000000000000e+02 5.490000000000000000e+02
2.400000000000000000e+02 6.290000000000000000e+02
2.390000000000000000e+02 6.460000000000000000e+02
2.380000000000000000e+02 7.320000000000000000e+02
2.370000000000000000e+02 7.750000000000000000e+02
2.360000000000000000e+02 9.490000000000000000e+02
2.350000000000000000e+02 1.157000000000000000e+03
2.340000000000000000e+02 1.253000000000000000e+03
2.330000000000000000e+02 1.367000000000000000e+03
2.320000000000000000e+02 1.431000000000000000e+03
2.310000000000000000e+02 1.531000000000000000e+03
2.300000000000000000e+02 1.517000000000000000e+03
2.290000000000000000e+02 1.764000000000000000e+03
2.280000000000000000e+02 2.109000000000000000e+03
2.270000000000000000e+02 2.191000000000000000e+03
2.260000000000000000e+02 2.151000000000000000e+03
2.250000000000000000e+02 2.523000000000000000e+03
2.240000000000000000e+02 3.019000000000000000e+03
2.230000000000000000e+02 3.060000000000000000e+03
2.220000000000000000e+02 3.067000000000000000e+03
2.210000000000000000e+02 3.243000000000000000e+03
2.200000000000000000e+02 3.638000000000000000e+03
2.190000000000000000e+02 3.808000000000000000e+03
2.180000000000000000e+02 4.151000000000000000e+03
2.170000000000000000e+02 4.902000000000000000e+03
2.160000000000000000e+02 5.684000000000000000e+03
2.150000000000000000e+02 5.745000000000000000e+03
2.140000000000000000e+02 5.850000000000000000e+03
2.130000000000000000e+02 6.344000000000000000e+03
2.120000000000000000e+02 -1.000000000000000000e+00
2.110000000000000000e+02 -1.000000000000000000e+00
2.100000000000000000e+02 -1.000000000000000000e+00
2.090000000000000000e+02 -1.000000000000000000e+00
2.080000000000000000e+02 -1.000000000000000000e+00
2.070000000000000000e+02 -1.000000000000000000e+00
2.060000000000000000e+02 -1.000000000000000000e+00
2.050000000000000000e+02 -1.000000000000000000e+00
2.040000000000000000e+02 -1.000000000000000000e+00
2.030000000000000000e+02 -1.000000000000000000e+00
2.020000000000000000e+02 -1.000000000000000000e+00
2.010000000000000000e+02 -1.000000000000000000e+00
2.000000000000000000e+02 -1.000000000000000000e+00
1.990000000000000000e+02 -1.000000000000000000e+00
1.980000000000000000e+02 -1.000000000000000000e+00
1.970000000000000000e+02 -1.000000000000000000e+00
1.960000000000000000e+02 -1.000000000000000000e+00
1.950000000000000000e+02 1.802400000000000000e+04
1.940000000000000000e+02 1.794700000000000000e+04
1.930000000000000000e+02 1.919200000000000000e+04
1.920000000000000000e+02 1.883200000000000000e+04
1.910000000000000000e+02 1.899000000000000000e+04
1.900000000000000000e+02 2.079000000000000000e+04
1.890000000000000000e+02 2.103500000000000000e+04
1.880000000000000000e+02 2.119600000000000000e+04
1.870000000000000000e+02 2.029100000000000000e+04
1.860000000000000000e+02 1.991700000000000000e+04
1.850000000000000000e+02 1.873600000000000000e+04
1.840000000000000000e+02 1.812100000000000000e+04
1.830000000000000000e+02 1.816500000000000000e+04
1.820000000000000000e+02 1.764800000000000000e+04
1.810000000000000000e+02 1.825200000000000000e+04
1.800000000000000000e+02 1.872000000000000000e+04
1.790000000000000000e+02 1.967800000000000000e+04
1.780000000000000000e+02 2.023800000000000000e+04
1.770000000000000000e+02 1.971300000000000000e+04
1.760000000000000000e+02 2.130200000000000000e+04
1.750000000000000000e+02 2.242900000000000000e+04
1.740000000000000000e+02 2.428400000000000000e+04
1.730000000000000000e+02 2.599400000000000000e+04
1.720000000000000000e+02 2.705000000000000000e+04
1.710000000000000000e+02 2.855100000000000000e+04
1.700000000000000000e+02 2.968100000000000000e+04
1.690000000000000000e+02 3.001700000000000000e+04
1.680000000000000000e+02 2.939400000000000000e+04
1.670000000000000000e+02 2.736900000000000000e+04
1.660000000000000000e+02 2.719000000000000000e+04
1.650000000000000000e+02 2.633100000000000000e+04
1.640000000000000000e+02 2.600900000000000000e+04
1.630000000000000000e+02 2.633900000000000000e+04
1.620000000000000000e+02 2.568500000000000000e+04
1.610000000000000000e+02 2.435000000000000000e+04
1.600000000000000000e+02 2.365100000000000000e+04
1.590000000000000000e+02 2.394600000000000000e+04
1.580000000000000000e+02 2.486000000000000000e+04
1.570000000000000000e+02 2.617000000000000000e+04
1.560000000000000000e+02 2.807100000000000000e+04
1.550000000000000000e+02 2.863100000000000000e+04
1.540000000000000000e+02 2.918900000000000000e+04
1.530000000000000000e+02 3.011000000000000000e+04
1.520000000000000000e+02 3.124100000000000000e+04
1.510000000000000000e+02 3.257400000000000000e+04
1.500000000000000000e+02 3.479500000000000000e+04
1.490000000000000000e+02 3.623100000000000000e+04
1.480000000000000000e+02 3.649700000000000000e+04
1.470000000000000000e+02 3.618300000000000000e+04
1.460000000000000000e+02 3.637600000000000000e+04
1.450000000000000000e+02 3.705500000000000000e+04
1.440000000000000000e+02 3.719500000000000000e+04
1.430000000000000000e+02 3.767500000000000000e+04
1.420000000000000000e+02 3.866800000000000000e+04
1.410000000000000000e+02 3.910300000000000000e+04
1.400000000000000000e+02 3.771200000000000000e+04
1.390000000000000000e+02 3.664400000000000000e+04
1.380000000000000000e+02 3.692800000000000000e+04
1.370000000000000000e+02 3.757500000000000000e+04
1.360000000000000000e+02 3.878400000000000000e+04
1.350000000000000000e+02 4.166400000000000000e+04
1.340000000000000000e+02 4.364900000000000000e+04
1.330000000000000000e+02 4.432000000000000000e+04
1.320000000000000000e+02 4.471800000000000000e+04
1.310000000000000000e+02 4.656700000000000000e+04
1.300000000000000000e+02 4.974200000000000000e+04
1.290000000000000000e+02 5.039500000000000000e+04
1.280000000000000000e+02 4.807800000000000000e+04
1.270000000000000000e+02 4.566700000000000000e+04
1.260000000000000000e+02 4.379700000000000000e+04
1.250000000000000000e+02 4.473900000000000000e+04
1.240000000000000000e+02 4.378700000000000000e+04
1.230000000000000000e+02 4.198100000000000000e+04
1.220000000000000000e+02 4.054000000000000000e+04
1.210000000000000000e+02 3.896300000000000000e+04
1.200000000000000000e+02 3.972300000000000000e+04
1.190000000000000000e+02 4.075200000000000000e+04
1.180000000000000000e+02 4.096100000000000000e+04
1.170000000000000000e+02 4.022700000000000000e+04
1.160000000000000000e+02 4.138300000000000000e+04
1.150000000000000000e+02 4.155600000000000000e+04
1.140000000000000000e+02 3.994800000000000000e+04
1.130000000000000000e+02 3.798400000000000000e+04
1.120000000000000000e+02 3.589300000000000000e+04
1.110000000000000000e+02 3.536800000000000000e+04
1.100000000000000000e+02 3.395000000000000000e+04
1.090000000000000000e+02 3.061600000000000000e+04
1.080000000000000000e+02 2.961500000000000000e+04
1.070000000000000000e+02 2.828500000000000000e+04
1.060000000000000000e+02 2.664300000000000000e+04
1.050000000000000000e+02 2.566000000000000000e+04
1.040000000000000000e+02 2.471300000000000000e+04
1.030000000000000000e+02 2.494200000000000000e+04
1.020000000000000000e+02 2.426300000000000000e+04
1.010000000000000000e+02 2.530800000000000000e+04
1.000000000000000000e+02 2.758600000000000000e+04
9.900000000000000000e+01 2.628600000000000000e+04
9.800000000000000000e+01 2.546400000000000000e+04
9.700000000000000000e+01 2.467100000000000000e+04
9.600000000000000000e+01 2.879700000000000000e+04
9.500000000000000000e+01 2.809900000000000000e+04
9.400000000000000000e+01 2.664200000000000000e+04
9.300000000000000000e+01 2.240400000000000000e+04
9.200000000000000000e+01 2.012000000000000000e+04
9.100000000000000000e+01 1.852900000000000000e+04
9.000000000000000000e+01 1.719700000000000000e+04
8.900000000000000000e+01 1.707500000000000000e+04
8.800000000000000000e+01 1.737700000000000000e+04
8.700000000000000000e+01 1.865200000000000000e+04
8.600000000000000000e+01 2.240100000000000000e+04
8.500000000000000000e+01 2.368100000000000000e+04
8.400000000000000000e+01 2.382100000000000000e+04
8.300000000000000000e+01 2.294700000000000000e+04
8.200000000000000000e+01 2.126600000000000000e+04
8.100000000000000000e+01 1.831400000000000000e+04
8.000000000000000000e+01 1.680900000000000000e+04
7.900000000000000000e+01 1.358100000000000000e+04
7.800000000000000000e+01 1.088600000000000000e+04
7.700000000000000000e+01 1.072800000000000000e+04
7.600000000000000000e+01 1.066500000000000000e+04
7.500000000000000000e+01 1.040600000000000000e+04
7.400000000000000000e+01 9.547000000000000000e+03
7.300000000000000000e+01 8.771000000000000000e+03
7.200000000000000000e+01 7.902000000000000000e+03
7.100000000000000000e+01 9.133000000000000000e+03
7.000000000000000000e+01 1.197000000000000000e+04
6.900000000000000000e+01 1.197100000000000000e+04
6.800000000000000000e+01 9.387000000000000000e+03
6.700000000000000000e+01 8.308000000000000000e+03
6.600000000000000000e+01 6.919000000000000000e+03
6.500000000000000000e+01 4.844000000000000000e+03
6.400000000000000000e+01 3.006000000000000000e+03
6.300000000000000000e+01 2.502000000000000000e+03
6.200000000000000000e+01 2.220000000000000000e+03
6.100000000000000000e+01 1.959000000000000000e+03
6.000000000000000000e+01 2.444000000000000000e+03
5.900000000000000000e+01 1.888000000000000000e+03
5.800000000000000000e+01 1.234000000000000000e+03
5.700000000000000000e+01 9.620000000000000000e+02
5.600000000000000000e+01 1.036000000000000000e+03
5.500000000000000000e+01 7.710000000000000000e+02
5.400000000000000000e+01 3.880000000000000000e+02
5.300000000000000000e+01 1.840000000000000000e+02
5.200000000000000000e+01 1.390000000000000000e+02
5.100000000000000000e+01 1.180000000000000000e+02
5.000000000000000000e+01 1.020000000000000000e+02
4.900000000000000000e+01 1.870000000000000000e+02
4.800000000000000000e+01 1.820000000000000000e+02
4.700000000000000000e+01 2.410000000000000000e+02
4.600000000000000000e+01 3.640000000000000000e+02
4.500000000000000000e+01 4.380000000000000000e+02
4.400000000000000000e+01 5.760000000000000000e+02
4.300000000000000000e+01 1.133000000000000000e+03
4.200000000000000000e+01 1.544000000000000000e+03
4.100000000000000000e+01 1.369000000000000000e+03
4.000000000000000000e+01 1.665000000000000000e+03
3.900000000000000000e+01 1.583000000000000000e+03
3.800000000000000000e+01 1.352000000000000000e+03
3.700000000000000000e+01 1.642000000000000000e+03
3.600000000000000000e+01 1.803000000000000000e+03
3.500000000000000000e+01 2.229000000000000000e+03
3.400000000000000000e+01 3.283000000000000000e+03
3.300000000000000000e+01 4.575000000000000000e+03
3.200000000000000000e+01 3.006000000000000000e+03
3.100000000000000000e+01 3.667000000000000000e+03
3.000000000000000000e+01 4.604000000000000000e+03
2.900000000000000000e+01 4.001000000000000000e+03
2.800000000000000000e+01 4.719000000000000000e+03
2.700000000000000000e+01 4.222000000000000000e+03
2.600000000000000000e+01 3.632000000000000000e+03
2.500000000000000000e+01 4.430000000000000000e+03
2.400000000000000000e+01 4.619000000000000000e+03
2.300000000000000000e+01 3.759000000000000000e+03
2.200000000000000000e+01 4.880000000000000000e+03
2.100000000000000000e+01 4.948000000000000000e+03
2.000000000000000000e+01 3.793000000000000000e+03
1.900000000000000000e+01 4.916000000000000000e+03
1.800000000000000000e+01 7.965000000000000000e+03
1.700000000000000000e+01 8.210000000000000000e+03
1.600000000000000000e+01 5.107000000000000000e+03
1.500000000000000000e+01 3.409000000000000000e+03
1.400000000000000000e+01 3.746000000000000000e+03
1.300000000000000000e+01 4.577000000000000000e+03
1.200000000000000000e+01 4.027000000000000000e+03
1.100000000000000000e+01 3.778000000000000000e+03
1.000000000000000000e+01 5.207000000000000000e+03
9.000000000000000000e+00 6.953000000000000000e+03
8.000000000000000000e+00 6.299000000000000000e+03
7.000000000000000000e+00 3.285000000000000000e+03
6.000000000000000000e+00 2.771000000000000000e+03
5.000000000000000000e+00 5.062000000000000000e+03
4.000000000000000000e+00 5.160000000000000000e+03
3.000000000000000000e+00 3.837000000000000000e+03
2.000000000000000000e+00 2.834000000000000000e+03
1.000000000000000000e+00 2.505000000000000000e+03
