1.043000000000000000e+03 0.000000000000000000e+00
1.042000000000000000e+03 0.000000000000000000e+00
1.041000000000000000e+03 0.000000000000000000e+00
1.040000000000000000e+03 0.000000000000000000e+00
1.039000000000000000e+03 0.000000000000000000e+00
1.038000000000000000e+03 0.000000000000000000e+00
1.037000000000000000e+03 0.000000000000000000e+00
1.036000000000000000e+03 0.000000000000000000e+00
1.035000000000000000e+03 0.000000000000000000e+00
1.034000000000000000e+03 0.000000000000000000e+00
1.033000000000000000e+03 0.000000000000000000e+00
1.032000000000000000e+03 0.000000000000000000e+00
1.031000000000000000e+03 0.000000000000000000e+00
1.030000000000000000e+03 0.000000000000000000e+00
1.029000000000000000e+03 1.000000000000000000e+00
1.028000000000000000e+03 0.000000000000000000e+00
1.027000000000000000e+03 0.000000000000000000e+00
1.026000000000000000e+03 0.000000000000000000e+00
1.025000000000000000e+03 0.000000000000000000e+00
1.024000000000000000e+03 0.000000000000000000e+00
1.023000000000000000e+03 0.000000000000000000e+00
1.022000000000000000e+03 0.000000000000000000e+00
1.021000000000000000e+03 0.000000000000000000e+00
1.020000000000000000e+03 1.000000000000000000e+00
1.019000000000000000e+03 0.000000000000000000e+00
1.018000000000000000e+03 0.000000000000000000e+00
1.017000000000000000e+03 0.000000000000000000e+00
1.016000000000000000e+03 0.000000000000000000e+00
1.015000000000000000e+03 0.000000000000000000e+00
1.014000000000000000e+03 0.000000000000000000e+00
1.013000000000000000e+03 0.000000000000000000e+00
1.012000000000000000e+03 0.000000000000000000e+00
1.011000000000000000e+03 0.000000000000000000e+00
1.010000000000000000e+03 0.000000000000000000e+00
1.009000000000000000e+03 0.000000000000000000e+00
1.008000000000000000e+03 0.000000000000000000e+00
1.007000000000000000e+03 0.000000000000000000e+00
1.006000000000000000e+03 0.000000000000000000e+00
1.005000000000000000e+03 0.000000000000000000e+00
1.004000000000000000e+03 0.000000000000000000e+00
1.003000000000000000e+03 0.000000000000000000e+00
1.002000000000000000e+03 0.000000000000000000e+00
1.001000000000000000e+03 0.000000000000000000e+00
1.000000000000000000e+03 0.000000000000000000e+00
9.990000000000000000e+02 0.000000000000000000e+00
9.980000000000000000e+02 0.000000000000000000e+00
9.970000000000000000e+02 0.000000000000000000e+00
9.960000000000000000e+02 0.000000000000000000e+00
9.950000000000000000e+02 0.000000000000000000e+00
9.940000000000000000e+02 0.000000000000000000e+00
9.930000000000000000e+02 0.000000000000000000e+00
9.920000000000000000e+02 0.000000000000000000e+00
9.910000000000000000e+02 0.000000000000000000e+00
9.900000000000000000e+02 0.000000000000000000e+00
9.890000000000000000e+02 0.000000000000000000e+00
9.880000000000000000e+02 0.000000000000000000e+00
9.870000000000000000e+02 0.000000000000000000e+00
9.860000000000000000e+02 0.000000000000000000e+00
9.850000000000000000e+02 0.000000000000000000e+00
9.840000000000000000e+02 0.000000000000000000e+00
9.830000000000000000e+02 0.000000000000000000e+00
9.820000000000000000e+02 0.000000000000000000e+00
9.810000000000000000e+02 0.000000000000000000e+00
9.800000000000000000e+02 0.000000000000000000e+00
9.790000000000000000e+02 0.000000000000000000e+00
9.780000000000000000e+02 0.000000000000000000e+00
9.770000000000000000e+02 0.000000000000000000e+00
9.760000000000000000e+02 0.000000000000000000e+00
9.750000000000000000e+02 0.000000000000000000e+00
9.740000000000000000e+02 0.000000000000000000e+00
9.730000000000000000e+02 0.000000000000000000e+00
9.720000000000000000e+02 0.000000000000000000e+00
9.710000000000000000e+02 0.000000000000000000e+00
9.700000000000000000e+02 0.000000000000000000e+00
9.690000000000000000e+02 1.000000000000000000e+00
9.680000000000000000e+02 0.000000000000000000e+00
9.670000000000000000e+02 0.000000000000000000e+00
9.660000000000000000e+02 0.000000000000000000e+00
9.650000000000000000e+02 0.000000000000000000e+00
9.640000000000000000e+02 1.000000000000000000e+00
9.630000000000000000e+02 2.000000000000000000e+00
9.620000000000000000e+02 0.000000000000000000e+00
9.610000000000000000e+02 1.000000000000000000e+00
9.600000000000000000e+02 0.000000000000000000e+00
9.590000000000000000e+02 1.000000000000000000e+00
9.580000000000000000e+02 1.000000000000000000e+00
9.570000000000000000e+02 1.000000000000000000e+00
9.560000000000000000e+02 0.000000000000000000e+00
9.550000000000000000e+02 1.000000000000000000e+00
9.540000000000000000e+02 0.000000000000000000e+00
9.530000000000000000e+02 1.000000000000000000e+00
9.520000000000000000e+02 0.000000000000000000e+00
9.510000000000000000e+02 3.000000000000000000e+00
9.500000000000000000e+02 1.000000000000000000e+00
9.490000000000000000e+02 2.000000000000000000e+00
9.480000000000000000e+02 2.000000000000000000e+00
9.470000000000000000e+02 2.000000000000000000e+00
9.460000000000000000e+02 3.000000000000000000e+00
9.450000000000000000e+02 2.000000000000000000e+00
9.440000000000000000e+02 1.000000000000000000e+00
9.430000000000000000e+02 1.000000000000000000e+00
9.420000000000000000e+02 0.000000000000000000e+00
9.410000000000000000e+02 0.000000000000000000e+00
9.400000000000000000e+02 1.000000000000000000e+00
9.390000000000000000e+02 0.000000000000000000e+00
9.380000000000000000e+02 0.000000000000000000e+00
9.370000000000000000e+02 2.000000000000000000e+00
9.360000000000000000e+02 2.000000000000000000e+00
9.350000000000000000e+02 0.000000000000000000e+00
9.340000000000000000e+02 0.000000000000000000e+00
9.330000000000000000e+02 0.000000000000000000e+00
9.320000000000000000e+02 0.000000000000000000e+00
9.310000000000000000e+02 0.000000000000000000e+00
9.300000000000000000e+02 0.000000000000000000e+00
9.290000000000000000e+02 0.000000000000000000e+00
9.280000000000000000e+02 0.000000000000000000e+00
9.270000000000000000e+02 0.000000000000000000e+00
9.260000000000000000e+02 0.000000000000000000e+00
9.250000000000000000e+02 1.000000000000000000e+00
9.240000000000000000e+02 0.000000000000000000e+00
9.230000000000000000e+02 0.000000000000000000e+00
9.220000000000000000e+02 0.000000000000000000e+00
9.210000000000000000e+02 0.000000000000000000e+00
9.200000000000000000e+02 0.000000000000000000e+00
9.190000000000000000e+02 0.000000000000000000e+00
9.180000000000000000e+02 0.000000000000000000e+00
9.170000000000000000e+02 0.000000000000000000e+00
9.160000000000000000e+02 0.000000000000000000e+00
9.150000000000000000e+02 0.000000000000000000e+00
9.140000000000000000e+02 0.000000000000000000e+00
9.130000000000000000e+02 0.000000000000000000e+00
9.120000000000000000e+02 0.000000000000000000e+00
9.110000000000000000e+02 0.000000000000000000e+00
9.100000000000000000e+02 0.000000000000000000e+00
9.090000000000000000e+02 0.000000000000000000e+00
9.080000000000000000e+02 0.000000000000000000e+00
9.070000000000000000e+02 0.000000000000000000e+00
9.060000000000000000e+02 0.000000000000000000e+00
9.050000000000000000e+02 0.000000000000000000e+00
9.040000000000000000e+02 0.000000000000000000e+00
9.030000000000000000e+02 0.000000000000000000e+00
9.020000000000000000e+02 0.000000000000000000e+00
9.010000000000000000e+02 1.000000000000000000e+00
9.000000000000000000e+02 0.000000000000000000e+00
8.990000000000000000e+02 1.000000000000000000e+00
8.980000000000000000e+02 1.000000000000000000e+00
8.970000000000000000e+02 0.000000000000000000e+00
8.960000000000000000e+02 1.000000000000000000e+00
8.950000000000000000e+02 2.000000000000000000e+00
8.940000000000000000e+02 0.000000000000000000e+00
8.930000000000000000e+02 1.000000000000000000e+00
8.920000000000000000e+02 0.000000000000000000e+00
8.910000000000000000e+02 0.000000000000000000e+00
8.900000000000000000e+02 0.000000000000000000e+00
8.890000000000000000e+02 1.000000000000000000e+00
8.880000000000000000e+02 0.000000000000000000e+00
8.870000000000000000e+02 4.000000000000000000e+00
8.860000000000000000e+02 2.000000000000000000e+00
8.850000000000000000e+02 1.000000000000000000e+00
8.840000000000000000e+02 1.000000000000000000e+00
8.830000000000000000e+02 0.000000000000000000e+00
8.820000000000000000e+02 8.000000000000000000e+00
8.810000000000000000e+02 4.000000000000000000e+00
8.800000000000000000e+02 0.000000000000000000e+00
8.790000000000000000e+02 1.000000000000000000e+00
8.780000000000000000e+02 1.000000000000000000e+00
8.770000000000000000e+02 4.000000000000000000e+00
8.760000000000000000e+02 1.000000000000000000e+00
8.750000000000000000e+02 2.000000000000000000e+00
8.740000000000000000e+02 1.000000000000000000e+00
8.730000000000000000e+02 2.000000000000000000e+00
8.720000000000000000e+02 6.000000000000000000e+00
8.710000000000000000e+02 4.000000000000000000e+00
8.700000000000000000e+02 1.000000000000000000e+00
8.690000000000000000e+02 5.000000000000000000e+00
8.680000000000000000e+02 0.000000000000000000e+00
8.670000000000000000e+02 2.000000000000000000e+00
8.660000000000000000e+02 4.000000000000000000e+00
8.650000000000000000e+02 3.000000000000000000e+00
8.640000000000000000e+02 1.000000000000000000e+00
8.630000000000000000e+02 1.000000000000000000e+00
8.620000000000000000e+02 1.000000000000000000e+00
8.610000000000000000e+02 5.000000000000000000e+00
8.600000000000000000e+02 2.000000000000000000e+00
8.590000000000000000e+02 2.000000000000000000e+00
8.580000000000000000e+02 1.000000000000000000e+00
8.570000000000000000e+02 2.000000000000000000e+00
8.560000000000000000e+02 2.000000000000000000e+00
8.550000000000000000e+02 0.000000000000000000e+00
8.540000000000000000e+02 3.000000000000000000e+00
8.530000000000000000e+02 2.000000000000000000e+00
8.520000000000000000e+02 0.000000000000000000e+00
8.510000000000000000e+02 1.000000000000000000e+00
8.500000000000000000e+02 1.000000000000000000e+00
8.490000000000000000e+02 0.000000000000000000e+00
8.480000000000000000e+02 -1.000000000000000000e+00
8.470000000000000000e+02 -1.000000000000000000e+00
8.460000000000000000e+02 -1.000000000000000000e+00
8.450000000000000000e+02 -1.000000000000000000e+00
8.440000000000000000e+02 -1.000000000000000000e+00
8.430000000000000000e+02 -1.000000000000000000e+00
8.420000000000000000e+02 -1.000000000000000000e+00
8.410000000000000000e+02 -1.000000000000000000e+00
8.400000000000000000e+02 -1.000000000000000000e+00
8.390000000000000000e+02 -1.000000000000000000e+00
8.380000000000000000e+02 -1.000000000000000000e+00
8.370000000000000000e+02 -1.000000000000000000e+00
8.360000000000000000e+02 -1.000000000000000000e+00
8.350000000000000000e+02 -1.000000000000000000e+00
8.340000000000000000e+02 -1.000000000000000000e+00
8.330000000000000000e+02 -1.000000000000000000e+00
8.320000000000000000e+02 -1.000000000000000000e+00
8.310000000000000000e+02 5.900000000000000000e+01
8.300000000000000000e+02 7.500000000000000000e+01
8.290000000000000000e+02 7.500000000000000000e+01
8.280000000000000000e+02 8.000000000000000000e+01
8.270000000000000000e+02 8.800000000000000000e+01
8.260000000000000000e+02 1.150000000000000000e+02
8.250000000000000000e+02 1.300000000000000000e+02
8.240000000000000000e+02 1.310000000000000000e+02
8.230000000000000000e+02 1.410000000000000000e+02
8.220000000000000000e+02 1.670000000000000000e+02
8.210000000000000000e+02 1.830000000000000000e+02
8.200000000000000000e+02 1.820000000000000000e+02
8.190000000000000000e+02 2.230000000000000000e+02
8.180000000000000000e+02 2.510000000000000000e+02
8.170000000000000000e+02 2.960000000000000000e+02
8.160000000000000000e+02 3.070000000000000000e+02
8.150000000000000000e+02 3.230000000000000000e+02
8.140000000000000000e+02 3.330000000000000000e+02
8.130000000000000000e+02 3.350000000000000000e+02
8.120000000000000000e+02 3.780000000000000000e+02
8.110000000000000000e+02 4.700000000000000000e+02
8.100000000000000000e+02 5.120000000000000000e+02
8.090000000000000000e+02 4.930000000000000000e+02
8.080000000000000000e+02 4.570000000000000000e+02
8.070000000000000000e+02 4.790000000000000000e+02
8.060000000000000000e+02 5.640000000000000000e+02
8.050000000000000000e+02 7.640000000000000000e+02
8.040000000000000000e+02 6.930000000000000000e+02
8.030000000000000000e+02 6.740000000000000000e+02
8.020000000000000000e+02 6.470000000000000000e+02
8.010000000000000000e+02 6.780000000000000000e+02
8.000000000000000000e+02 6.990000000000000000e+02
7.990000000000000000e+02 7.100000000000000000e+02
7.980000000000000000e+02 7.410000000000000000e+02
7.970000000000000000e+02 7.210000000000000000e+02
7.960000000000000000e+02 7.610000000000000000e+02
7.950000000000000000e+02 8.020000000000000000e+02
7.940000000000000000e+02 8.130000000000000000e+02
7.930000000000000000e+02 9.440000000000000000e+02
7.920000000000000000e+02 9.890000000000000000e+02
7.910000000000000000e+02 8.580000000000000000e+02
7.900000000000000000e+02 8.690000000000000000e+02
7.890000000000000000e+02 8.620000000000000000e+02
7.880000000000000000e+02 9.190000000000000000e+02
7.870000000000000000e+02 8.840000000000000000e+02
7.860000000000000000e+02 7.330000000000000000e+02
7.850000000000000000e+02 7.140000000000000000e+02
7.840000000000000000e+02 6.460000000000000000e+02
7.830000000000000000e+02 6.120000000000000000e+02
7.820000000000000000e+02 6.410000000000000000e+02
7.810000000000000000e+02 7.330000000000000000e+02
7.800000000000000000e+02 7.410000000000000000e+02
7.790000000000000000e+02 8.200000000000000000e+02
7.780000000000000000e+02 6.920000000000000000e+02
7.770000000000000000e+02 6.560000000000000000e+02
7.760000000000000000e+02 6.050000000000000000e+02
7.750000000000000000e+02 6.270000000000000000e+02
7.740000000000000000e+02 5.350000000000000000e+02
7.730000000000000000e+02 5.230000000000000000e+02
7.720000000000000000e+02 4.180000000000000000e+02
7.710000000000000000e+02 4.670000000000000000e+02
7.700000000000000000e+02 3.790000000000000000e+02
7.690000000000000000e+02 3.800000000000000000e+02
7.680000000000000000e+02 3.250000000000000000e+02
7.670000000000000000e+02 2.520000000000000000e+02
7.660000000000000000e+02 2.610000000000000000e+02
7.650000000000000000e+02 2.520000000000000000e+02
7.640000000000000000e+02 2.730000000000000000e+02
7.630000000000000000e+02 2.930000000000000000e+02
7.620000000000000000e+02 2.580000000000000000e+02
7.610000000000000000e+02 2.000000000000000000e+02
7.600000000000000000e+02 1.680000000000000000e+02
7.590000000000000000e+02 1.360000000000000000e+02
7.580000000000000000e+02 1.280000000000000000e+02
7.570000000000000000e+02 1.060000000000000000e+02
7.560000000000000000e+02 1.010000000000000000e+02
7.550000000000000000e+02 9.500000000000000000e+01
7.540000000000000000e+02 6.400000000000000000e+01
7.530000000000000000e+02 7.700000000000000000e+01
7.520000000000000000e+02 9.600000000000000000e+01
7.510000000000000000e+02 7.900000000000000000e+01
7.500000000000000000e+02 9.400000000000000000e+01
7.490000000000000000e+02 1.000000000000000000e+02
7.480000000000000000e+02 1.210000000000000000e+02
7.470000000000000000e+02 1.570000000000000000e+02
7.460000000000000000e+02 1.900000000000000000e+02
7.450000000000000000e+02 1.530000000000000000e+02
7.440000000000000000e+02 1.980000000000000000e+02
7.430000000000000000e+02 2.710000000000000000e+02
7.420000000000000000e+02 3.290000000000000000e+02
7.410000000000000000e+02 3.170000000000000000e+02
7.400000000000000000e+02 3.410000000000000000e+02
7.390000000000000000e+02 3.730000000000000000e+02
7.380000000000000000e+02 4.340000000000000000e+02
7.370000000000000000e+02 5.170000000000000000e+02
7.360000000000000000e+02 5.610000000000000000e+02
7.350000000000000000e+02 5.330000000000000000e+02
7.340000000000000000e+02 5.250000000000000000e+02
7.330000000000000000e+02 5.160000000000000000e+02
7.320000000000000000e+02 5.800000000000000000e+02
7.310000000000000000e+02 5.870000000000000000e+02
7.300000000000000000e+02 7.160000000000000000e+02
7.290000000000000000e+02 7.680000000000000000e+02
7.280000000000000000e+02 8.220000000000000000e+02
7.270000000000000000e+02 8.580000000000000000e+02
7.260000000000000000e+02 8.510000000000000000e+02
7.250000000000000000e+02 8.450000000000000000e+02
7.240000000000000000e+02 9.620000000000000000e+02
7.230000000000000000e+02 1.023000000000000000e+03
7.220000000000000000e+02 1.113000000000000000e+03
7.210000000000000000e+02 1.243000000000000000e+03
7.200000000000000000e+02 1.158000000000000000e+03
7.190000000000000000e+02 1.230000000000000000e+03
7.180000000000000000e+02 1.244000000000000000e+03
7.170000000000000000e+02 1.091000000000000000e+03
7.160000000000000000e+02 9.840000000000000000e+02
7.150000000000000000e+02 1.034000000000000000e+03
7.140000000000000000e+02 1.015000000000000000e+03
7.130000000000000000e+02 1.151000000000000000e+03
7.120000000000000000e+02 1.101000000000000000e+03
7.110000000000000000e+02 1.076000000000000000e+03
7.100000000000000000e+02 9.380000000000000000e+02
7.090000000000000000e+02 9.470000000000000000e+02
7.080000000000000000e+02 9.470000000000000000e+02
7.070000000000000000e+02 1.090000000000000000e+03
7.060000000000000000e+02 1.106000000000000000e+03
7.050000000000000000e+02 1.150000000000000000e+03
7.040000000000000000e+02 1.123000000000000000e+03
7.030000000000000000e+02 1.096000000000000000e+03
7.020000000000000000e+02 1.133000000000000000e+03
7.010000000000000000e+02 1.065000000000000000e+03
7.000000000000000000e+02 9.330000000000000000e+02
6.990000000000000000e+02 9.180000000000000000e+02
6.980000000000000000e+02 8.330000000000000000e+02
6.970000000000000000e+02 7.270000000000000000e+02
6.960000000000000000e+02 6.740000000000000000e+02
6.950000000000000000e+02 6.240000000000000000e+02
6.940000000000000000e+02 6.470000000000000000e+02
6.930000000000000000e+02 7.180000000000000000e+02
6.920000000000000000e+02 7.190000000000000000e+02
6.910000000000000000e+02 6.760000000000000000e+02
6.900000000000000000e+02 5.480000000000000000e+02
6.890000000000000000e+02 4.680000000000000000e+02
6.880000000000000000e+02 4.250000000000000000e+02
6.870000000000000000e+02 4.540000000000000000e+02
6.860000000000000000e+02 3.370000000000000000e+02
6.850000000000000000e+02 3.090000000000000000e+02
6.840000000000000000e+02 3.110000000000000000e+02
6.830000000000000000e+02 3.500000000000000000e+02
6.820000000000000000e+02 3.430000000000000000e+02
6.810000000000000000e+02 3.410000000000000000e+02
6.800000000000000000e+02 2.480000000000000000e+02
6.790000000000000000e+02 2.270000000000000000e+02
6.780000000000000000e+02 2.340000000000000000e+02
6.770000000000000000e+02 2.010000000000000000e+02
6.760000000000000000e+02 2.170000000000000000e+02
6.750000000000000000e+02 2.230000000000000000e+02
6.740000000000000000e+02 1.920000000000000000e+02
6.730000000000000000e+02 1.970000000000000000e+02
6.720000000000000000e+02 2.040000000000000000e+02
6.710000000000000000e+02 1.870000000000000000e+02
6.700000000000000000e+02 1.960000000000000000e+02
6.690000000000000000e+02 2.130000000000000000e+02
6.680000000000000000e+02 2.120000000000000000e+02
6.670000000000000000e+02 1.790000000000000000e+02
6.660000000000000000e+02 2.160000000000000000e+02
6.650000000000000000e+02 2.400000000000000000e+02
6.640000000000000000e+02 2.580000000000000000e+02
6.630000000000000000e+02 2.870000000000000000e+02
6.620000000000000000e+02 3.360000000000000000e+02
6.610000000000000000e+02 3.070000000000000000e+02
6.600000000000000000e+02 3.440000000000000000e+02
6.590000000000000000e+02 4.030000000000000000e+02
6.580000000000000000e+02 4.360000000000000000e+02
6.570000000000000000e+02 3.940000000000000000e+02
6.560000000000000000e+02 4.500000000000000000e+02
6.550000000000000000e+02 4.570000000000000000e+02
6.540000000000000000e+02 4.820000000000000000e+02
6.530000000000000000e+02 4.960000000000000000e+02
6.520000000000000000e+02 6.100000000000000000e+02
6.510000000000000000e+02 6.510000000000000000e+02
6.500000000000000000e+02 7.000000000000000000e+02
6.490000000000000000e+02 7.640000000000000000e+02
6.480000000000000000e+02 9.240000000000000000e+02
6.470000000000000000e+02 1.086000000000000000e+03
6.460000000000000000e+02 1.092000000000000000e+03
6.450000000000000000e+02 1.138000000000000000e+03
6.440000000000000000e+02 1.085000000000000000e+03
6.430000000000000000e+02 1.040000000000000000e+03
6.420000000000000000e+02 1.046000000000000000e+03
6.410000000000000000e+02 1.037000000000000000e+03
6.400000000000000000e+02 1.118000000000000000e+03
6.390000000000000000e+02 1.187000000000000000e+03
6.380000000000000000e+02 1.204000000000000000e+03
6.370000000000000000e+02 1.351000000000000000e+03
6.360000000000000000e+02 -1.000000000000000000e+00
6.350000000000000000e+02 -1.000000000000000000e+00
6.340000000000000000e+02 -1.000000000000000000e+00
6.330000000000000000e+02 -1.000000000000000000e+00
6.320000000000000000e+02 -1.000000000000000000e+00
6.310000000000000000e+02 -1.000000000000000000e+00
6.300000000000000000e+02 -1.000000000000000000e+00
6.290000000000000000e+02 -1.000000000000000000e+00
6.280000000000000000e+02 -1.000000000000000000e+00
6.270000000000000000e+02 -1.000000000000000000e+00
6.260000000000000000e+02 -1.000000000000000000e+00
6.250000000000000000e+02 -1.000000000000000000e+00
6.240000000000000000e+02 -1.000000000000000000e+00
6.230000000000000000e+02 -1.000000000000000000e+00
6.220000000000000000e+02 -1.000000000000000000e+00
6.210000000000000000e+02 -1.000000000000000000e+00
6.200000000000000000e+02 -1.000000000000000000e+00
6.190000000000000000e+02 1.753000000000000000e+03
6.180000000000000000e+02 1.729000000000000000e+03
6.170000000000000000e+02 1.975000000000000000e+03
6.160000000000000000e+02 1.694000000000000000e+03
6.150000000000000000e+02 1.756000000000000000e+03
6.140000000000000000e+02 1.723000000000000000e+03
6.130000000000000000e+02 1.628000000000000000e+03
6.120000000000000000e+02 1.540000000000000000e+03
6.110000000000000000e+02 1.540000000000000000e+03
6.100000000000000000e+02 1.495000000000000000e+03
6.090000000000000000e+02 1.619000000000000000e+03
6.080000000000000000e+02 1.501000000000000000e+03
6.070000000000000000e+02 1.473000000000000000e+03
6.060000000000000000e+02 1.368000000000000000e+03
6.050000000000000000e+02 1.215000000000000000e+03
6.040000000000000000e+02 1.233000000000000000e+03
6.030000000000000000e+02 1.173000000000000000e+03
6.020000000000000000e+02 1.175000000000000000e+03
6.010000000000000000e+02 1.136000000000000000e+03
6.000000000000000000e+02 1.188000000000000000e+03
5.990000000000000000e+02 1.075000000000000000e+03
5.980000000000000000e+02 1.128000000000000000e+03
5.970000000000000000e+02 1.003000000000000000e+03
5.960000000000000000e+02 9.900000000000000000e+02
5.950000000000000000e+02 1.014000000000000000e+03
5.940000000000000000e+02 9.460000000000000000e+02
5.930000000000000000e+02 8.760000000000000000e+02
5.920000000000000000e+02 8.790000000000000000e+02
5.910000000000000000e+02 7.960000000000000000e+02
5.900000000000000000e+02 6.990000000000000000e+02
5.890000000000000000e+02 6.310000000000000000e+02
5.880000000000000000e+02 5.440000000000000000e+02
5.870000000000000000e+02 4.950000000000000000e+02
5.860000000000000000e+02 4.610000000000000000e+02
5.850000000000000000e+02 4.330000000000000000e+02
5.840000000000000000e+02 4.450000000000000000e+02
5.830000000000000000e+02 4.670000000000000000e+02
5.820000000000000000e+02 5.120000000000000000e+02
5.810000000000000000e+02 5.970000000000000000e+02
5.800000000000000000e+02 6.700000000000000000e+02
5.790000000000000000e+02 6.770000000000000000e+02
5.780000000000000000e+02 6.310000000000000000e+02
5.770000000000000000e+02 6.720000000000000000e+02
5.760000000000000000e+02 7.680000000000000000e+02
5.750000000000000000e+02 9.400000000000000000e+02
5.740000000000000000e+02 1.138000000000000000e+03
5.730000000000000000e+02 1.278000000000000000e+03
5.720000000000000000e+02 1.382000000000000000e+03
5.710000000000000000e+02 1.522000000000000000e+03
5.700000000000000000e+02 1.541000000000000000e+03
5.690000000000000000e+02 1.403000000000000000e+03
5.680000000000000000e+02 1.573000000000000000e+03
5.670000000000000000e+02 1.962000000000000000e+03
5.660000000000000000e+02 2.230000000000000000e+03
5.650000000000000000e+02 2.459000000000000000e+03
5.640000000000000000e+02 2.722000000000000000e+03
5.630000000000000000e+02 2.625000000000000000e+03
5.620000000000000000e+02 2.675000000000000000e+03
5.610000000000000000e+02 2.605000000000000000e+03
5.600000000000000000e+02 2.234000000000000000e+03
5.590000000000000000e+02 2.206000000000000000e+03
5.580000000000000000e+02 2.050000000000000000e+03
5.570000000000000000e+02 2.068000000000000000e+03
5.560000000000000000e+02 2.086000000000000000e+03
5.550000000000000000e+02 2.334000000000000000e+03
5.540000000000000000e+02 2.169000000000000000e+03
5.530000000000000000e+02 2.245000000000000000e+03
5.520000000000000000e+02 2.140000000000000000e+03
5.510000000000000000e+02 1.920000000000000000e+03
5.500000000000000000e+02 1.822000000000000000e+03
5.490000000000000000e+02 1.855000000000000000e+03
5.480000000000000000e+02 1.573000000000000000e+03
5.470000000000000000e+02 1.377000000000000000e+03
5.460000000000000000e+02 1.310000000000000000e+03
5.450000000000000000e+02 1.235000000000000000e+03
5.440000000000000000e+02 1.318000000000000000e+03
5.430000000000000000e+02 1.260000000000000000e+03
5.420000000000000000e+02 1.160000000000000000e+03
5.410000000000000000e+02 1.118000000000000000e+03
5.400000000000000000e+02 1.065000000000000000e+03
5.390000000000000000e+02 1.030000000000000000e+03
5.380000000000000000e+02 9.400000000000000000e+02
5.370000000000000000e+02 8.840000000000000000e+02
5.360000000000000000e+02 9.990000000000000000e+02
5.350000000000000000e+02 9.950000000000000000e+02
5.340000000000000000e+02 9.860000000000000000e+02
5.330000000000000000e+02 1.008000000000000000e+03
5.320000000000000000e+02 1.038000000000000000e+03
5.310000000000000000e+02 1.024000000000000000e+03
5.300000000000000000e+02 1.088000000000000000e+03
5.290000000000000000e+02 1.163000000000000000e+03
5.280000000000000000e+02 1.253000000000000000e+03
5.270000000000000000e+02 1.189000000000000000e+03
5.260000000000000000e+02 1.525000000000000000e+03
5.250000000000000000e+02 1.703000000000000000e+03
5.240000000000000000e+02 1.623000000000000000e+03
5.230000000000000000e+02 1.974000000000000000e+03
5.220000000000000000e+02 2.009000000000000000e+03
5.210000000000000000e+02 2.042000000000000000e+03
5.200000000000000000e+02 2.512000000000000000e+03
5.190000000000000000e+02 2.501000000000000000e+03
5.180000000000000000e+02 3.038000000000000000e+03
5.170000000000000000e+02 3.411000000000000000e+03
5.160000000000000000e+02 3.748000000000000000e+03
5.150000000000000000e+02 4.902000000000000000e+03
5.140000000000000000e+02 5.331000000000000000e+03
5.130000000000000000e+02 5.884000000000000000e+03
5.120000000000000000e+02 6.736000000000000000e+03
5.110000000000000000e+02 6.931000000000000000e+03
5.100000000000000000e+02 7.226000000000000000e+03
5.090000000000000000e+02 7.401000000000000000e+03
5.080000000000000000e+02 7.242000000000000000e+03
5.070000000000000000e+02 7.751000000000000000e+03
5.060000000000000000e+02 7.682000000000000000e+03
5.050000000000000000e+02 7.728000000000000000e+03
5.040000000000000000e+02 8.206000000000000000e+03
5.030000000000000000e+02 8.856000000000000000e+03
5.020000000000000000e+02 8.997000000000000000e+03
5.010000000000000000e+02 9.283000000000000000e+03
5.000000000000000000e+02 1.013900000000000000e+04
4.990000000000000000e+02 1.049400000000000000e+04
4.980000000000000000e+02 1.064100000000000000e+04
4.970000000000000000e+02 1.061100000000000000e+04
4.960000000000000000e+02 1.027000000000000000e+04
4.950000000000000000e+02 1.038300000000000000e+04
4.940000000000000000e+02 1.023000000000000000e+04
4.930000000000000000e+02 1.000100000000000000e+04
4.920000000000000000e+02 9.750000000000000000e+03
4.910000000000000000e+02 9.613000000000000000e+03
4.900000000000000000e+02 9.538000000000000000e+03
4.890000000000000000e+02 9.436000000000000000e+03
4.880000000000000000e+02 9.672000000000000000e+03
4.870000000000000000e+02 1.033800000000000000e+04
4.860000000000000000e+02 1.052900000000000000e+04
4.850000000000000000e+02 1.078600000000000000e+04
4.840000000000000000e+02 9.845000000000000000e+03
4.830000000000000000e+02 9.469000000000000000e+03
4.820000000000000000e+02 9.541000000000000000e+03
4.810000000000000000e+02 8.941000000000000000e+03
4.800000000000000000e+02 8.409000000000000000e+03
4.790000000000000000e+02 8.295000000000000000e+03
4.780000000000000000e+02 7.929000000000000000e+03
4.770000000000000000e+02 7.683000000000000000e+03
4.760000000000000000e+02 7.653000000000000000e+03
4.750000000000000000e+02 7.313000000000000000e+03
4.740000000000000000e+02 7.332000000000000000e+03
4.730000000000000000e+02 6.754000000000000000e+03
4.720000000000000000e+02 6.124000000000000000e+03
4.710000000000000000e+02 5.656000000000000000e+03
4.700000000000000000e+02 4.947000000000000000e+03
4.690000000000000000e+02 4.594000000000000000e+03
4.680000000000000000e+02 4.699000000000000000e+03
4.670000000000000000e+02 4.573000000000000000e+03
4.660000000000000000e+02 4.914000000000000000e+03
4.650000000000000000e+02 5.435000000000000000e+03
4.640000000000000000e+02 5.504000000000000000e+03
4.630000000000000000e+02 5.068000000000000000e+03
4.620000000000000000e+02 4.923000000000000000e+03
4.610000000000000000e+02 4.758000000000000000e+03
4.600000000000000000e+02 4.342000000000000000e+03
4.590000000000000000e+02 3.578000000000000000e+03
4.580000000000000000e+02 3.134000000000000000e+03
4.570000000000000000e+02 2.383000000000000000e+03
4.560000000000000000e+02 2.062000000000000000e+03
4.550000000000000000e+02 1.948000000000000000e+03
4.540000000000000000e+02 2.144000000000000000e+03
4.530000000000000000e+02 2.731000000000000000e+03
4.520000000000000000e+02 3.216000000000000000e+03
4.510000000000000000e+02 3.526000000000000000e+03
4.500000000000000000e+02 4.183000000000000000e+03
4.490000000000000000e+02 5.219000000000000000e+03
4.480000000000000000e+02 5.986000000000000000e+03
4.470000000000000000e+02 6.564000000000000000e+03
4.460000000000000000e+02 6.710000000000000000e+03
4.450000000000000000e+02 7.051000000000000000e+03
4.440000000000000000e+02 6.426000000000000000e+03
4.430000000000000000e+02 5.437000000000000000e+03
4.420000000000000000e+02 4.942000000000000000e+03
4.410000000000000000e+02 4.534000000000000000e+03
4.400000000000000000e+02 3.737000000000000000e+03
4.390000000000000000e+02 3.359000000000000000e+03
4.380000000000000000e+02 3.574000000000000000e+03
4.370000000000000000e+02 4.231000000000000000e+03
4.360000000000000000e+02 4.805000000000000000e+03
4.350000000000000000e+02 4.890000000000000000e+03
4.340000000000000000e+02 5.392000000000000000e+03
4.330000000000000000e+02 5.430000000000000000e+03
4.320000000000000000e+02 4.518000000000000000e+03
4.310000000000000000e+02 3.429000000000000000e+03
4.300000000000000000e+02 2.809000000000000000e+03
4.290000000000000000e+02 2.544000000000000000e+03
4.280000000000000000e+02 2.236000000000000000e+03
4.270000000000000000e+02 2.412000000000000000e+03
4.260000000000000000e+02 3.847000000000000000e+03
4.250000000000000000e+02 6.858000000000000000e+03
4.240000000000000000e+02 -1.000000000000000000e+00
4.230000000000000000e+02 -1.000000000000000000e+00
4.220000000000000000e+02 -1.000000000000000000e+00
4.210000000000000000e+02 -1.000000000000000000e+00
4.200000000000000000e+02 -1.000000000000000000e+00
4.190000000000000000e+02 -1.000000000000000000e+00
4.180000000000000000e+02 -1.000000000000000000e+00
4.170000000000000000e+02 -1.000000000000000000e+00
4.160000000000000000e+02 -1.000000000000000000e+00
4.150000000000000000e+02 -1.000000000000000000e+00
4.140000000000000000e+02 -1.000000000000000000e+00
4.130000000000000000e+02 -1.000000000000000000e+00
4.120000000000000000e+02 -1.000000000000000000e+00
4.110000000000000000e+02 -1.000000000000000000e+00
4.100000000000000000e+02 -1.000000000000000000e+00
4.090000000000000000e+02 -1.000000000000000000e+00
4.080000000000000000e+02 -1.000000000000000000e+00
4.070000000000000000e+02 1.965300000000000000e+04
4.060000000000000000e+02 2.074200000000000000e+04
4.050000000000000000e+02 2.108400000000000000e+04
4.040000000000000000e+02 2.056000000000000000e+04
4.030000000000000000e+02 1.982400000000000000e+04
4.020000000000000000e+02 1.887000000000000000e+04
4.010000000000000000e+02 1.811600000000000000e+04
4.000000000000000000e+02 1.708800000000000000e+04
3.990000000000000000e+02 1.564800000000000000e+04
3.980000000000000000e+02 1.365600000000000000e+04
3.970000000000000000e+02 1.164800000000000000e+04
3.960000000000000000e+02 1.030000000000000000e+04
3.950000000000000000e+02 9.802000000000000000e+03
3.940000000000000000e+02 9.406000000000000000e+03
3.930000000000000000e+02 8.334000000000000000e+03
3.920000000000000000e+02 6.921000000000000000e+03
3.910000000000000000e+02 5.058000000000000000e+03
3.900000000000000000e+02 3.265000000000000000e+03
3.890000000000000000e+02 2.303000000000000000e+03
3.880000000000000000e+02 2.065000000000000000e+03
3.870000000000000000e+02 1.874000000000000000e+03
3.860000000000000000e+02 1.802000000000000000e+03
3.850000000000000000e+02 1.590000000000000000e+03
3.840000000000000000e+02 1.833000000000000000e+03
3.830000000000000000e+02 2.161000000000000000e+03
3.820000000000000000e+02 3.028000000000000000e+03
3.810000000000000000e+02 4.014000000000000000e+03
3.800000000000000000e+02 5.171000000000000000e+03
3.790000000000000000e+02 6.743000000000000000e+03
3.780000000000000000e+02 8.332000000000000000e+03
3.770000000000000000e+02 1.012900000000000000e+04
3.760000000000000000e+02 1.166500000000000000e+04
3.750000000000000000e+02 1.337100000000000000e+04
3.740000000000000000e+02 1.470700000000000000e+04
3.730000000000000000e+02 1.600500000000000000e+04
3.720000000000000000e+02 1.773100000000000000e+04
3.710000000000000000e+02 1.848800000000000000e+04
3.700000000000000000e+02 1.947000000000000000e+04
3.690000000000000000e+02 2.057500000000000000e+04
3.680000000000000000e+02 2.090000000000000000e+04
3.670000000000000000e+02 2.062600000000000000e+04
3.660000000000000000e+02 1.938700000000000000e+04
3.650000000000000000e+02 1.836100000000000000e+04
3.640000000000000000e+02 1.689700000000000000e+04
3.630000000000000000e+02 1.592900000000000000e+04
3.620000000000000000e+02 1.506500000000000000e+04
3.610000000000000000e+02 1.426500000000000000e+04
3.600000000000000000e+02 1.360400000000000000e+04
3.590000000000000000e+02 1.331500000000000000e+04
3.580000000000000000e+02 1.338900000000000000e+04
3.570000000000000000e+02 1.388700000000000000e+04
3.560000000000000000e+02 1.448200000000000000e+04
3.550000000000000000e+02 1.530600000000000000e+04
3.540000000000000000e+02 1.585900000000000000e+04
3.530000000000000000e+02 1.657800000000000000e+04
3.520000000000000000e+02 1.714100000000000000e+04
3.510000000000000000e+02 1.742700000000000000e+04
3.500000000000000000e+02 1.733200000000000000e+04
3.490000000000000000e+02 1.726100000000000000e+04
3.480000000000000000e+02 1.666400000000000000e+04
3.470000000000000000e+02 1.554400000000000000e+04
3.460000000000000000e+02 1.475600000000000000e+04
3.450000000000000000e+02 1.363700000000000000e+04
3.440000000000000000e+02 1.294900000000000000e+04
3.430000000000000000e+02 1.264000000000000000e+04
3.420000000000000000e+02 1.234900000000000000e+04
3.410000000000000000e+02 1.198600000000000000e+04
3.400000000000000000e+02 1.156900000000000000e+04
3.390000000000000000e+02 1.092400000000000000e+04
3.380000000000000000e+02 1.053100000000000000e+04
3.370000000000000000e+02 1.023700000000000000e+04
3.360000000000000000e+02 9.902000000000000000e+03
3.350000000000000000e+02 9.428000000000000000e+03
3.340000000000000000e+02 9.215000000000000000e+03
3.330000000000000000e+02 9.092000000000000000e+03
3.320000000000000000e+02 8.780000000000000000e+03
3.310000000000000000e+02 8.657000000000000000e+03
3.300000000000000000e+02 8.708000000000000000e+03
3.290000000000000000e+02 8.546000000000000000e+03
3.280000000000000000e+02 8.565000000000000000e+03
3.270000000000000000e+02 8.558000000000000000e+03
3.260000000000000000e+02 8.509000000000000000e+03
3.250000000000000000e+02 8.552000000000000000e+03
3.240000000000000000e+02 8.456000000000000000e+03
3.230000000000000000e+02 8.305000000000000000e+03
3.220000000000000000e+02 8.176000000000000000e+03
3.210000000000000000e+02 7.998000000000000000e+03
3.200000000000000000e+02 7.916000000000000000e+03
3.190000000000000000e+02 7.531000000000000000e+03
3.180000000000000000e+02 7.502000000000000000e+03
3.170000000000000000e+02 7.443000000000000000e+03
3.160000000000000000e+02 7.228000000000000000e+03
3.150000000000000000e+02 6.954000000000000000e+03
3.140000000000000000e+02 6.688000000000000000e+03
3.130000000000000000e+02 6.385000000000000000e+03
3.120000000000000000e+02 6.107000000000000000e+03
3.110000000000000000e+02 5.016000000000000000e+03
3.100000000000000000e+02 4.901000000000000000e+03
3.090000000000000000e+02 4.793000000000000000e+03
3.080000000000000000e+02 5.171000000000000000e+03
3.070000000000000000e+02 4.979000000000000000e+03
3.060000000000000000e+02 4.859000000000000000e+03
3.050000000000000000e+02 4.692000000000000000e+03
3.040000000000000000e+02 4.450000000000000000e+03
3.030000000000000000e+02 4.387000000000000000e+03
3.020000000000000000e+02 4.160000000000000000e+03
3.010000000000000000e+02 4.157000000000000000e+03
3.000000000000000000e+02 3.722000000000000000e+03
2.990000000000000000e+02 3.571000000000000000e+03
2.980000000000000000e+02 3.406000000000000000e+03
2.970000000000000000e+02 3.169000000000000000e+03
2.960000000000000000e+02 2.922000000000000000e+03
2.950000000000000000e+02 2.751000000000000000e+03
2.940000000000000000e+02 2.499000000000000000e+03
2.930000000000000000e+02 2.241000000000000000e+03
2.920000000000000000e+02 2.067000000000000000e+03
2.910000000000000000e+02 1.850000000000000000e+03
2.900000000000000000e+02 1.667000000000000000e+03
2.890000000000000000e+02 1.347000000000000000e+03
2.880000000000000000e+02 1.145000000000000000e+03
2.870000000000000000e+02 9.680000000000000000e+02
2.860000000000000000e+02 9.000000000000000000e+02
2.850000000000000000e+02 6.980000000000000000e+02
2.840000000000000000e+02 5.490000000000000000e+02
2.830000000000000000e+02 4.460000000000000000e+02
2.820000000000000000e+02 3.160000000000000000e+02
2.810000000000000000e+02 2.260000000000000000e+02
2.800000000000000000e+02 1.740000000000000000e+02
2.790000000000000000e+02 1.430000000000000000e+02
2.780000000000000000e+02 1.060000000000000000e+02
2.770000000000000000e+02 1.000000000000000000e+02
2.760000000000000000e+02 1.140000000000000000e+02
2.750000000000000000e+02 1.150000000000000000e+02
2.740000000000000000e+02 1.370000000000000000e+02
2.730000000000000000e+02 1.340000000000000000e+02
2.720000000000000000e+02 1.510000000000000000e+02
2.710000000000000000e+02 1.360000000000000000e+02
2.700000000000000000e+02 1.510000000000000000e+02
2.690000000000000000e+02 1.690000000000000000e+02
2.680000000000000000e+02 1.720000000000000000e+02
2.670000000000000000e+02 1.620000000000000000e+02
2.660000000000000000e+02 2.260000000000000000e+02
2.650000000000000000e+02 2.170000000000000000e+02
2.640000000000000000e+02 2.330000000000000000e+02
2.630000000000000000e+02 2.580000000000000000e+02
2.620000000000000000e+02 2.680000000000000000e+02
2.610000000000000000e+02 3.180000000000000000e+02
2.600000000000000000e+02 3.040000000000000000e+02
2.590000000000000000e+02 3.320000000000000000e+02
2.580000000000000000e+02 3.770000000000000000e+02
2.570000000000000000e+02 4.000000000000000000e+02
2.560000000000000000e+02 4.380000000000000000e+02
2.550000000000000000e+02 5.120000000000000000e+02
2.540000000000000000e+02 5.150000000000000000e+02
2.530000000000000000e+02 5.370000000000000000e+02
2.520000000000000000e+02 5.970000000000000000e+02
2.510000000000000000e+02 6.890000000000000000e+02
2.500000000000000000e+02 7.050000000000000000e+02
2.490000000000000000e+02 7.810000000000000000e+02
2.480000000000000000e+02 8.260000000000000000e+02
2.470000000000000000e+02 8.300000000000000000e+02
2.460000000000000000e+02 9.220000000000000000e+02
2.450000000000000000e+02 8.090000000000000000e+02
2.440000000000000000e+02 8.260000000000000000e+02
2.430000000000000000e+02 7.690000000000000000e+02
2.420000000000000000e+02 7.830000000000000000e+02
2.410000000000000000e+02 7.300000000000000000e+02
2.400000000000000000e+02 7.270000000000000000e+02
2.390000000000000000e+02 8.170000000000000000e+02
2.380000000000000000e+02 8.280000000000000000e+02
2.370000000000000000e+02 9.240000000000000000e+02
2.360000000000000000e+02 1.057000000000000000e+03
2.350000000000000000e+02 1.171000000000000000e+03
2.340000000000000000e+02 1.214000000000000000e+03
2.330000000000000000e+02 1.374000000000000000e+03
2.320000000000000000e+02 1.465000000000000000e+03
2.310000000000000000e+02 1.485000000000000000e+03
2.300000000000000000e+02 1.593000000000000000e+03
2.290000000000000000e+02 1.723000000000000000e+03
2.280000000000000000e+02 1.671000000000000000e+03
2.270000000000000000e+02 1.761000000000000000e+03
2.260000000000000000e+02 1.584000000000000000e+03
2.250000000000000000e+02 1.480000000000000000e+03
2.240000000000000000e+02 1.449000000000000000e+03
2.230000000000000000e+02 1.403000000000000000e+03
2.220000000000000000e+02 1.452000000000000000e+03
2.210000000000000000e+02 1.403000000000000000e+03
2.200000000000000000e+02 1.439000000000000000e+03
2.190000000000000000e+02 1.370000000000000000e+03
2.180000000000000000e+02 1.325000000000000000e+03
2.170000000000000000e+02 1.326000000000000000e+03
2.160000000000000000e+02 1.313000000000000000e+03
2.150000000000000000e+02 1.332000000000000000e+03
2.140000000000000000e+02 1.317000000000000000e+03
2.130000000000000000e+02 1.240000000000000000e+03
2.120000000000000000e+02 -1.000000000000000000e+00
2.110000000000000000e+02 -1.000000000000000000e+00
2.100000000000000000e+02 -1.000000000000000000e+00
2.090000000000000000e+02 -1.000000000000000000e+00
2.080000000000000000e+02 -1.000000000000000000e+00
2.070000000000000000e+02 -1.000000000000000000e+00
2.060000000000000000e+02 -1.000000000000000000e+00
2.050000000000000000e+02 -1.000000000000000000e+00
2.040000000000000000e+02 -1.000000000000000000e+00
2.030000000000000000e+02 -1.000000000000000000e+00
2.020000000000000000e+02 -1.000000000000000000e+00
2.010000000000000000e+02 -1.000000000000000000e+00
2.000000000000000000e+02 -1.000000000000000000e+00
1.990000000000000000e+02 -1.000000000000000000e+00
1.980000000000000000e+02 -1.000000000000000000e+00
1.970000000000000000e+02 -1.000000000000000000e+00
1.960000000000000000e+02 -1.000000000000000000e+00
1.950000000000000000e+02 1.420000000000000000e+03
1.940000000000000000e+02 1.445000000000000000e+03
1.930000000000000000e+02 1.551000000000000000e+03
1.920000000000000000e+02 1.600000000000000000e+03
1.910000000000000000e+02 1.668000000000000000e+03
1.900000000000000000e+02 1.779000000000000000e+03
1.890000000000000000e+02 1.676000000000000000e+03
1.880000000000000000e+02 1.555000000000000000e+03
1.870000000000000000e+02 1.566000000000000000e+03
1.860000000000000000e+02 1.733000000000000000e+03
1.850000000000000000e+02 1.848000000000000000e+03
1.840000000000000000e+02 1.798000000000000000e+03
1.830000000000000000e+02 1.760000000000000000e+03
1.820000000000000000e+02 1.964000000000000000e+03
1.810000000000000000e+02 2.432000000000000000e+03
1.800000000000000000e+02 2.825000000000000000e+03
1.790000000000000000e+02 3.091000000000000000e+03
1.780000000000000000e+02 3.138000000000000000e+03
1.770000000000000000e+02 3.320000000000000000e+03
1.760000000000000000e+02 3.564000000000000000e+03
1.750000000000000000e+02 3.778000000000000000e+03
1.740000000000000000e+02 3.880000000000000000e+03
1.730000000000000000e+02 3.988000000000000000e+03
1.720000000000000000e+02 3.879000000000000000e+03
1.710000000000000000e+02 3.939000000000000000e+03
1.700000000000000000e+02 3.788000000000000000e+03
1.690000000000000000e+02 3.579000000000000000e+03
1.680000000000000000e+02 3.077000000000000000e+03
1.670000000000000000e+02 2.672000000000000000e+03
1.660000000000000000e+02 2.472000000000000000e+03
1.650000000000000000e+02 2.286000000000000000e+03
1.640000000000000000e+02 2.306000000000000000e+03
1.630000000000000000e+02 2.264000000000000000e+03
1.620000000000000000e+02 2.245000000000000000e+03
1.610000000000000000e+02 2.290000000000000000e+03
1.600000000000000000e+02 2.301000000000000000e+03
1.590000000000000000e+02 2.266000000000000000e+03
1.580000000000000000e+02 2.185000000000000000e+03
1.570000000000000000e+02 2.118000000000000000e+03
1.560000000000000000e+02 2.346000000000000000e+03
1.550000000000000000e+02 2.386000000000000000e+03
1.540000000000000000e+02 2.476000000000000000e+03
1.530000000000000000e+02 2.619000000000000000e+03
1.520000000000000000e+02 2.661000000000000000e+03
1.510000000000000000e+02 2.574000000000000000e+03
1.500000000000000000e+02 2.716000000000000000e+03
1.490000000000000000e+02 2.771000000000000000e+03
1.480000000000000000e+02 3.005000000000000000e+03
1.470000000000000000e+02 3.281000000000000000e+03
1.460000000000000000e+02 3.103000000000000000e+03
1.450000000000000000e+02 3.283000000000000000e+03
1.440000000000000000e+02 3.656000000000000000e+03
1.430000000000000000e+02 3.814000000000000000e+03
1.420000000000000000e+02 3.835000000000000000e+03
1.410000000000000000e+02 3.900000000000000000e+03
1.400000000000000000e+02 3.808000000000000000e+03
1.390000000000000000e+02 3.644000000000000000e+03
1.380000000000000000e+02 3.341000000000000000e+03
1.370000000000000000e+02 3.243000000000000000e+03
1.360000000000000000e+02 3.336000000000000000e+03
1.350000000000000000e+02 3.330000000000000000e+03
1.340000000000000000e+02 3.049000000000000000e+03
1.330000000000000000e+02 2.948000000000000000e+03
1.320000000000000000e+02 2.864000000000000000e+03
1.310000000000000000e+02 2.760000000000000000e+03
1.300000000000000000e+02 2.793000000000000000e+03
1.290000000000000000e+02 2.851000000000000000e+03
1.280000000000000000e+02 3.022000000000000000e+03
1.270000000000000000e+02 3.051000000000000000e+03
1.260000000000000000e+02 3.159000000000000000e+03
1.250000000000000000e+02 3.494000000000000000e+03
1.240000000000000000e+02 4.492000000000000000e+03
1.230000000000000000e+02 5.252000000000000000e+03
1.220000000000000000e+02 5.332000000000000000e+03
1.210000000000000000e+02 5.308000000000000000e+03
1.200000000000000000e+02 5.596000000000000000e+03
1.190000000000000000e+02 5.599000000000000000e+03
1.180000000000000000e+02 5.536000000000000000e+03
1.170000000000000000e+02 5.637000000000000000e+03
1.160000000000000000e+02 5.156000000000000000e+03
1.150000000000000000e+02 4.106000000000000000e+03
1.140000000000000000e+02 3.257000000000000000e+03
1.130000000000000000e+02 2.833000000000000000e+03
1.120000000000000000e+02 2.681000000000000000e+03
1.110000000000000000e+02 2.584000000000000000e+03
1.100000000000000000e+02 2.344000000000000000e+03
1.090000000000000000e+02 2.304000000000000000e+03
1.080000000000000000e+02 2.237000000000000000e+03
1.070000000000000000e+02 2.236000000000000000e+03
1.060000000000000000e+02 2.124000000000000000e+03
1.050000000000000000e+02 2.084000000000000000e+03
1.040000000000000000e+02 2.021000000000000000e+03
1.030000000000000000e+02 1.900000000000000000e+03
1.020000000000000000e+02 2.003000000000000000e+03
1.010000000000000000e+02 1.975000000000000000e+03
1.000000000000000000e+02 1.900000000000000000e+03
9.900000000000000000e+01 1.804000000000000000e+03
9.800000000000000000e+01 1.935000000000000000e+03
9.700000000000000000e+01 2.072000000000000000e+03
9.600000000000000000e+01 2.659000000000000000e+03
9.500000000000000000e+01 2.079000000000000000e+03
9.400000000000000000e+01 1.691000000000000000e+03
9.300000000000000000e+01 1.624000000000000000e+03
9.200000000000000000e+01 1.463000000000000000e+03
9.100000000000000000e+01 1.364000000000000000e+03
9.000000000000000000e+01 1.475000000000000000e+03
8.900000000000000000e+01 1.271000000000000000e+03
8.800000000000000000e+01 1.307000000000000000e+03
8.700000000000000000e+01 1.491000000000000000e+03
8.600000000000000000e+01 1.447000000000000000e+03
8.500000000000000000e+01 1.326000000000000000e+03
8.400000000000000000e+01 1.150000000000000000e+03
8.300000000000000000e+01 9.970000000000000000e+02
8.200000000000000000e+01 1.182000000000000000e+03
8.100000000000000000e+01 1.034000000000000000e+03
8.000000000000000000e+01 8.620000000000000000e+02
7.900000000000000000e+01 8.220000000000000000e+02
7.800000000000000000e+01 7.480000000000000000e+02
7.700000000000000000e+01 8.280000000000000000e+02
7.600000000000000000e+01 8.980000000000000000e+02
7.500000000000000000e+01 6.640000000000000000e+02
7.400000000000000000e+01 7.160000000000000000e+02
7.300000000000000000e+01 6.680000000000000000e+02
7.200000000000000000e+01 7.010000000000000000e+02
7.100000000000000000e+01 6.000000000000000000e+02
7.000000000000000000e+01 5.600000000000000000e+02
6.900000000000000000e+01 6.930000000000000000e+02
6.800000000000000000e+01 6.470000000000000000e+02
6.700000000000000000e+01 4.550000000000000000e+02
6.600000000000000000e+01 5.330000000000000000e+02
6.500000000000000000e+01 4.050000000000000000e+02
6.400000000000000000e+01 5.080000000000000000e+02
6.300000000000000000e+01 3.850000000000000000e+02
6.200000000000000000e+01 1.850000000000000000e+02
6.100000000000000000e+01 1.890000000000000000e+02
6.000000000000000000e+01 1.500000000000000000e+02
5.900000000000000000e+01 9.100000000000000000e+01
5.800000000000000000e+01 8.900000000000000000e+01
5.700000000000000000e+01 7.200000000000000000e+01
5.600000000000000000e+01 4.300000000000000000e+01
5.500000000000000000e+01 6.600000000000000000e+01
5.400000000000000000e+01 5.900000000000000000e+01
5.300000000000000000e+01 5.600000000000000000e+01
5.200000000000000000e+01 6.300000000000000000e+01
5.100000000000000000e+01 6.400000000000000000e+01
5.000000000000000000e+01 5.900000000000000000e+01
4.900000000000000000e+01 4.300000000000000000e+01
4.800000000000000000e+01 5.200000000000000000e+01
4.700000000000000000e+01 4.200000000000000000e+01
4.600000000000000000e+01 6.800000000000000000e+01
4.500000000000000000e+01 5.900000000000000000e+01
4.400000000000000000e+01 8.300000000000000000e+01
4.300000000000000000e+01 9.700000000000000000e+01
4.200000000000000000e+01 1.050000000000000000e+02
4.100000000000000000e+01 1.100000000000000000e+02
4.000000000000000000e+01 1.230000000000000000e+02
3.900000000000000000e+01 9.900000000000000000e+01
3.800000000000000000e+01 1.320000000000000000e+02
3.700000000000000000e+01 1.310000000000000000e+02
3.600000000000000000e+01 1.340000000000000000e+02
3.500000000000000000e+01 1.640000000000000000e+02
3.400000000000000000e+01 1.830000000000000000e+02
3.300000000000000000e+01 1.330000000000000000e+02
3.200000000000000000e+01 1.280000000000000000e+02
3.100000000000000000e+01 1.190000000000000000e+02
3.000000000000000000e+01 1.080000000000000000e+02
2.900000000000000000e+01 1.110000000000000000e+02
2.800000000000000000e+01 1.340000000000000000e+02
2.700000000000000000e+01 1.480000000000000000e+02
2.600000000000000000e+01 1.910000000000000000e+02
2.500000000000000000e+01 2.740000000000000000e+02
2.400000000000000000e+01 2.240000000000000000e+02
2.300000000000000000e+01 2.320000000000000000e+02
2.200000000000000000e+01 2.020000000000000000e+02
2.100000000000000000e+01 2.420000000000000000e+02
2.000000000000000000e+01 2.620000000000000000e+02
1.900000000000000000e+01 1.820000000000000000e+02
1.800000000000000000e+01 2.390000000000000000e+02
1.700000000000000000e+01 2.220000000000000000e+02
1.600000000000000000e+01 1.900000000000000000e+02
1.500000000000000000e+01 1.580000000000000000e+02
1.400000000000000000e+01 1.430000000000000000e+02
1.300000000000000000e+01 1.540000000000000000e+02
1.200000000000000000e+01 1.380000000000000000e+02
1.100000000000000000e+01 1.600000000000000000e+02
1.000000000000000000e+01 1.880000000000000000e+02
9.000000000000000000e+00 1.520000000000000000e+02
8.000000000000000000e+00 2.400000000000000000e+02
7.000000000000000000e+00 1.790000000000000000e+02
6.000000000000000000e+00 1.660000000000000000e+02
5.000000000000000000e+00 1.090000000000000000e+02
4.000000000000000000e+00 1.380000000000000000e+02
3.000000000000000000e+00 1.170000000000000000e+02
2.000000000000000000e+00 1.060000000000000000e+02
1.000000000000000000e+00 1.190000000000000000e+02
