1.043000000000000000e+03 0.000000000000000000e+00
1.042000000000000000e+03 0.000000000000000000e+00
1.041000000000000000e+03 0.000000000000000000e+00
1.040000000000000000e+03 0.000000000000000000e+00
1.039000000000000000e+03 0.000000000000000000e+00
1.038000000000000000e+03 0.000000000000000000e+00
1.037000000000000000e+03 0.000000000000000000e+00
1.036000000000000000e+03 0.000000000000000000e+00
1.035000000000000000e+03 0.000000000000000000e+00
1.034000000000000000e+03 0.000000000000000000e+00
1.033000000000000000e+03 0.000000000000000000e+00
1.032000000000000000e+03 0.000000000000000000e+00
1.031000000000000000e+03 0.000000000000000000e+00
1.030000000000000000e+03 0.000000000000000000e+00
1.029000000000000000e+03 0.000000000000000000e+00
1.028000000000000000e+03 0.000000000000000000e+00
1.027000000000000000e+03 0.000000000000000000e+00
1.026000000000000000e+03 0.000000000000000000e+00
1.025000000000000000e+03 0.000000000000000000e+00
1.024000000000000000e+03 0.000000000000000000e+00
1.023000000000000000e+03 0.000000000000000000e+00
1.022000000000000000e+03 0.000000000000000000e+00
1.021000000000000000e+03 0.000000000000000000e+00
1.020000000000000000e+03 0.000000000000000000e+00
1.019000000000000000e+03 0.000000000000000000e+00
1.018000000000000000e+03 0.000000000000000000e+00
1.017000000000000000e+03 0.000000000000000000e+00
1.016000000000000000e+03 0.000000000000000000e+00
1.015000000000000000e+03 0.000000000000000000e+00
1.014000000000000000e+03 0.000000000000000000e+00
1.013000000000000000e+03 0.000000000000000000e+00
1.012000000000000000e+03 0.000000000000000000e+00
1.011000000000000000e+03 0.000000000000000000e+00
1.010000000000000000e+03 0.000000000000000000e+00
1.009000000000000000e+03 0.000000000000000000e+00
1.008000000000000000e+03 0.000000000000000000e+00
1.007000000000000000e+03 0.000000000000000000e+00
1.006000000000000000e+03 0.000000000000000000e+00
1.005000000000000000e+03 0.000000000000000000e+00
1.004000000000000000e+03 0.000000000000000000e+00
1.003000000000000000e+03 0.000000000000000000e+00
1.002000000000000000e+03 0.000000000000000000e+00
1.001000000000000000e+03 0.000000000000000000e+00
1.000000000000000000e+03 0.000000000000000000e+00
9.990000000000000000e+02 0.000000000000000000e+00
9.980000000000000000e+02 0.000000000000000000e+00
9.970000000000000000e+02 0.000000000000000000e+00
9.960000000000000000e+02 0.000000000000000000e+00
9.950000000000000000e+02 0.000000000000000000e+00
9.940000000000000000e+02 0.000000000000000000e+00
9.930000000000000000e+02 0.000000000000000000e+00
9.920000000000000000e+02 0.000000000000000000e+00
9.910000000000000000e+02 0.000000000000000000e+00
9.900000000000000000e+02 0.000000000000000000e+00
9.890000000000000000e+02 0.000000000000000000e+00
9.880000000000000000e+02 0.000000000000000000e+00
9.870000000000000000e+02 0.000000000000000000e+00
9.860000000000000000e+02 0.000000000000000000e+00
9.850000000000000000e+02 0.000000000000000000e+00
9.840000000000000000e+02 0.000000000000000000e+00
9.830000000000000000e+02 0.000000000000000000e+00
9.820000000000000000e+02 0.000000000000000000e+00
9.810000000000000000e+02 0.000000000000000000e+00
9.800000000000000000e+02 0.000000000000000000e+00
9.790000000000000000e+02 0.000000000000000000e+00
9.780000000000000000e+02 0.000000000000000000e+00
9.770000000000000000e+02 0.000000000000000000e+00
9.760000000000000000e+02 1.000000000000000000e+00
9.750000000000000000e+02 7.000000000000000000e+00
9.740000000000000000e+02 2.500000000000000000e+01
9.730000000000000000e+02 6.200000000000000000e+01
9.720000000000000000e+02 2.940000000000000000e+02
9.710000000000000000e+02 3.011000000000000000e+03
9.700000000000000000e+02 2.128000000000000000e+03
9.690000000000000000e+02 1.304000000000000000e+03
9.680000000000000000e+02 6.630000000000000000e+02
9.670000000000000000e+02 2.470000000000000000e+02
9.660000000000000000e+02 1.080000000000000000e+02
9.650000000000000000e+02 9.000000000000000000e+01
9.640000000000000000e+02 6.700000000000000000e+01
9.630000000000000000e+02 7.700000000000000000e+01
9.620000000000000000e+02 5.500000000000000000e+01
9.610000000000000000e+02 5.500000000000000000e+01
9.600000000000000000e+02 4.800000000000000000e+01
9.590000000000000000e+02 4.000000000000000000e+01
9.580000000000000000e+02 4.400000000000000000e+01
9.570000000000000000e+02 4.400000000000000000e+01
9.560000000000000000e+02 2.700000000000000000e+01
9.550000000000000000e+02 2.900000000000000000e+01
9.540000000000000000e+02 2.600000000000000000e+01
9.530000000000000000e+02 1.400000000000000000e+01
9.520000000000000000e+02 2.400000000000000000e+01
9.510000000000000000e+02 1.100000000000000000e+01
9.500000000000000000e+02 9.000000000000000000e+00
9.490000000000000000e+02 5.000000000000000000e+00
9.480000000000000000e+02 1.000000000000000000e+01
9.470000000000000000e+02 8.000000000000000000e+00
9.460000000000000000e+02 6.000000000000000000e+00
9.450000000000000000e+02 5.000000000000000000e+00
9.440000000000000000e+02 0.000000000000000000e+00
9.430000000000000000e+02 4.000000000000000000e+00
9.420000000000000000e+02 1.000000000000000000e+00
9.410000000000000000e+02 2.000000000000000000e+00
9.400000000000000000e+02 3.000000000000000000e+00
9.390000000000000000e+02 2.000000000000000000e+00
9.380000000000000000e+02 1.000000000000000000e+00
9.370000000000000000e+02 0.000000000000000000e+00
9.360000000000000000e+02 0.000000000000000000e+00
9.350000000000000000e+02 0.000000000000000000e+00
9.340000000000000000e+02 1.000000000000000000e+00
9.330000000000000000e+02 0.000000000000000000e+00
9.320000000000000000e+02 0.000000000000000000e+00
9.310000000000000000e+02 1.000000000000000000e+00
9.300000000000000000e+02 2.000000000000000000e+00
9.290000000000000000e+02 2.000000000000000000e+00
9.280000000000000000e+02 4.000000000000000000e+00
9.270000000000000000e+02 2.000000000000000000e+00
9.260000000000000000e+02 6.000000000000000000e+00
9.250000000000000000e+02 3.000000000000000000e+00
9.240000000000000000e+02 1.100000000000000000e+01
9.230000000000000000e+02 1.600000000000000000e+01
9.220000000000000000e+02 2.100000000000000000e+01
9.210000000000000000e+02 1.900000000000000000e+01
9.200000000000000000e+02 2.800000000000000000e+01
9.190000000000000000e+02 3.500000000000000000e+01
9.180000000000000000e+02 3.900000000000000000e+01
9.170000000000000000e+02 7.100000000000000000e+01
9.160000000000000000e+02 5.300000000000000000e+01
9.150000000000000000e+02 5.900000000000000000e+01
9.140000000000000000e+02 6.900000000000000000e+01
9.130000000000000000e+02 9.300000000000000000e+01
9.120000000000000000e+02 1.120000000000000000e+02
9.110000000000000000e+02 1.340000000000000000e+02
9.100000000000000000e+02 1.220000000000000000e+02
9.090000000000000000e+02 1.890000000000000000e+02
9.080000000000000000e+02 2.410000000000000000e+02
9.070000000000000000e+02 2.340000000000000000e+02
9.060000000000000000e+02 2.340000000000000000e+02
9.050000000000000000e+02 2.130000000000000000e+02
9.040000000000000000e+02 2.770000000000000000e+02
9.030000000000000000e+02 3.550000000000000000e+02
9.020000000000000000e+02 3.340000000000000000e+02
9.010000000000000000e+02 4.240000000000000000e+02
9.000000000000000000e+02 3.560000000000000000e+02
8.990000000000000000e+02 3.930000000000000000e+02
8.980000000000000000e+02 4.750000000000000000e+02
8.970000000000000000e+02 4.760000000000000000e+02
8.960000000000000000e+02 3.750000000000000000e+02
8.950000000000000000e+02 5.740000000000000000e+02
8.940000000000000000e+02 5.400000000000000000e+02
8.930000000000000000e+02 4.910000000000000000e+02
8.920000000000000000e+02 4.820000000000000000e+02
8.910000000000000000e+02 4.610000000000000000e+02
8.900000000000000000e+02 4.870000000000000000e+02
8.890000000000000000e+02 5.220000000000000000e+02
8.880000000000000000e+02 4.460000000000000000e+02
8.870000000000000000e+02 4.720000000000000000e+02
8.860000000000000000e+02 4.440000000000000000e+02
8.850000000000000000e+02 4.790000000000000000e+02
8.840000000000000000e+02 4.580000000000000000e+02
8.830000000000000000e+02 3.690000000000000000e+02
8.820000000000000000e+02 2.940000000000000000e+02
8.810000000000000000e+02 4.520000000000000000e+02
8.800000000000000000e+02 4.010000000000000000e+02
8.790000000000000000e+02 2.940000000000000000e+02
8.780000000000000000e+02 2.200000000000000000e+02
8.770000000000000000e+02 2.830000000000000000e+02
8.760000000000000000e+02 2.150000000000000000e+02
8.750000000000000000e+02 2.150000000000000000e+02
8.740000000000000000e+02 1.810000000000000000e+02
8.730000000000000000e+02 1.690000000000000000e+02
8.720000000000000000e+02 1.510000000000000000e+02
8.710000000000000000e+02 1.350000000000000000e+02
8.700000000000000000e+02 1.170000000000000000e+02
8.690000000000000000e+02 5.300000000000000000e+01
8.680000000000000000e+02 6.300000000000000000e+01
8.670000000000000000e+02 7.000000000000000000e+01
8.660000000000000000e+02 3.500000000000000000e+01
8.650000000000000000e+02 2.500000000000000000e+01
8.640000000000000000e+02 2.600000000000000000e+01
8.630000000000000000e+02 1.600000000000000000e+01
8.620000000000000000e+02 1.000000000000000000e+01
8.610000000000000000e+02 5.000000000000000000e+00
8.600000000000000000e+02 4.000000000000000000e+00
8.590000000000000000e+02 4.000000000000000000e+00
8.580000000000000000e+02 1.000000000000000000e+00
8.570000000000000000e+02 0.000000000000000000e+00
8.560000000000000000e+02 1.000000000000000000e+00
8.550000000000000000e+02 1.000000000000000000e+00
8.540000000000000000e+02 0.000000000000000000e+00
8.530000000000000000e+02 5.000000000000000000e+00
8.520000000000000000e+02 4.000000000000000000e+00
8.510000000000000000e+02 4.000000000000000000e+00
8.500000000000000000e+02 5.000000000000000000e+00
8.490000000000000000e+02 1.100000000000000000e+01
8.480000000000000000e+02 -1.000000000000000000e+00
8.470000000000000000e+02 -1.000000000000000000e+00
8.460000000000000000e+02 -1.000000000000000000e+00
8.450000000000000000e+02 -1.000000000000000000e+00
8.440000000000000000e+02 -1.000000000000000000e+00
8.430000000000000000e+02 -1.000000000000000000e+00
8.420000000000000000e+02 -1.000000000000000000e+00
8.410000000000000000e+02 -1.000000000000000000e+00
8.400000000000000000e+02 -1.000000000000000000e+00
8.390000000000000000e+02 -1.000000000000000000e+00
8.380000000000000000e+02 -1.000000000000000000e+00
8.370000000000000000e+02 -1.000000000000000000e+00
8.360000000000000000e+02 -1.000000000000000000e+00
8.350000000000000000e+02 -1.000000000000000000e+00
8.340000000000000000e+02 -1.000000000000000000e+00
8.330000000000000000e+02 -1.000000000000000000e+00
8.320000000000000000e+02 -1.000000000000000000e+00
8.310000000000000000e+02 1.715000000000000000e+04
8.300000000000000000e+02 1.742700000000000000e+04
8.290000000000000000e+02 1.789000000000000000e+04
8.280000000000000000e+02 2.023500000000000000e+04
8.270000000000000000e+02 2.045000000000000000e+04
8.260000000000000000e+02 2.172400000000000000e+04
8.250000000000000000e+02 2.176300000000000000e+04
8.240000000000000000e+02 2.134200000000000000e+04
8.230000000000000000e+02 2.216600000000000000e+04
8.220000000000000000e+02 2.588400000000000000e+04
8.210000000000000000e+02 2.734800000000000000e+04
8.200000000000000000e+02 2.589300000000000000e+04
8.190000000000000000e+02 2.463100000000000000e+04
8.180000000000000000e+02 2.472400000000000000e+04
8.170000000000000000e+02 2.666000000000000000e+04
8.160000000000000000e+02 2.848100000000000000e+04
8.150000000000000000e+02 2.764200000000000000e+04
8.140000000000000000e+02 2.719900000000000000e+04
8.130000000000000000e+02 2.782900000000000000e+04
8.120000000000000000e+02 2.847400000000000000e+04
8.110000000000000000e+02 2.836100000000000000e+04
8.100000000000000000e+02 2.753700000000000000e+04
8.090000000000000000e+02 2.848400000000000000e+04
8.080000000000000000e+02 2.738800000000000000e+04
8.070000000000000000e+02 2.744700000000000000e+04
8.060000000000000000e+02 2.592800000000000000e+04
8.050000000000000000e+02 2.464900000000000000e+04
8.040000000000000000e+02 2.501500000000000000e+04
8.030000000000000000e+02 2.596900000000000000e+04
8.020000000000000000e+02 2.490600000000000000e+04
8.010000000000000000e+02 2.280800000000000000e+04
8.000000000000000000e+02 2.153400000000000000e+04
7.990000000000000000e+02 2.164000000000000000e+04
7.980000000000000000e+02 2.099100000000000000e+04
7.970000000000000000e+02 2.072500000000000000e+04
7.960000000000000000e+02 1.911000000000000000e+04
7.950000000000000000e+02 1.702800000000000000e+04
7.940000000000000000e+02 1.608300000000000000e+04
7.930000000000000000e+02 1.600900000000000000e+04
7.920000000000000000e+02 1.460400000000000000e+04
7.910000000000000000e+02 1.278700000000000000e+04
7.900000000000000000e+02 1.194400000000000000e+04
7.890000000000000000e+02 1.106100000000000000e+04
7.880000000000000000e+02 9.440000000000000000e+03
7.870000000000000000e+02 8.341000000000000000e+03
7.860000000000000000e+02 7.505000000000000000e+03
7.850000000000000000e+02 6.904000000000000000e+03
7.840000000000000000e+02 5.627000000000000000e+03
7.830000000000000000e+02 4.655000000000000000e+03
7.820000000000000000e+02 3.838000000000000000e+03
7.810000000000000000e+02 3.140000000000000000e+03
7.800000000000000000e+02 2.338000000000000000e+03
7.790000000000000000e+02 1.891000000000000000e+03
7.780000000000000000e+02 1.407000000000000000e+03
7.770000000000000000e+02 1.051000000000000000e+03
7.760000000000000000e+02 9.380000000000000000e+02
7.750000000000000000e+02 8.770000000000000000e+02
7.740000000000000000e+02 1.033000000000000000e+03
7.730000000000000000e+02 1.223000000000000000e+03
7.720000000000000000e+02 1.525000000000000000e+03
7.710000000000000000e+02 2.039000000000000000e+03
7.700000000000000000e+02 2.736000000000000000e+03
7.690000000000000000e+02 3.608000000000000000e+03
7.680000000000000000e+02 4.445000000000000000e+03
7.670000000000000000e+02 5.149000000000000000e+03
7.660000000000000000e+02 6.536000000000000000e+03
7.650000000000000000e+02 7.771000000000000000e+03
7.640000000000000000e+02 9.478000000000000000e+03
7.630000000000000000e+02 1.079500000000000000e+04
7.620000000000000000e+02 1.200700000000000000e+04
7.610000000000000000e+02 1.313400000000000000e+04
7.600000000000000000e+02 1.540900000000000000e+04
7.590000000000000000e+02 1.796900000000000000e+04
7.580000000000000000e+02 1.872800000000000000e+04
7.570000000000000000e+02 1.941600000000000000e+04
7.560000000000000000e+02 2.161300000000000000e+04
7.550000000000000000e+02 2.631100000000000000e+04
7.540000000000000000e+02 2.738100000000000000e+04
7.530000000000000000e+02 2.840700000000000000e+04
7.520000000000000000e+02 2.905100000000000000e+04
7.510000000000000000e+02 3.137400000000000000e+04
7.500000000000000000e+02 3.188200000000000000e+04
7.490000000000000000e+02 3.562300000000000000e+04
7.480000000000000000e+02 3.615700000000000000e+04
7.470000000000000000e+02 3.840700000000000000e+04
7.460000000000000000e+02 4.024500000000000000e+04
7.450000000000000000e+02 4.124300000000000000e+04
7.440000000000000000e+02 4.116300000000000000e+04
7.430000000000000000e+02 4.249200000000000000e+04
7.420000000000000000e+02 4.523500000000000000e+04
7.410000000000000000e+02 4.652600000000000000e+04
7.400000000000000000e+02 4.666400000000000000e+04
7.390000000000000000e+02 4.969400000000000000e+04
7.380000000000000000e+02 4.806900000000000000e+04
7.370000000000000000e+02 4.502700000000000000e+04
7.360000000000000000e+02 4.531000000000000000e+04
7.350000000000000000e+02 4.477400000000000000e+04
7.340000000000000000e+02 4.597200000000000000e+04
7.330000000000000000e+02 4.711800000000000000e+04
7.320000000000000000e+02 4.846700000000000000e+04
7.310000000000000000e+02 4.717200000000000000e+04
7.300000000000000000e+02 4.619400000000000000e+04
7.290000000000000000e+02 4.666900000000000000e+04
7.280000000000000000e+02 4.963900000000000000e+04
7.270000000000000000e+02 4.983100000000000000e+04
7.260000000000000000e+02 4.753600000000000000e+04
7.250000000000000000e+02 4.385900000000000000e+04
7.240000000000000000e+02 4.466600000000000000e+04
7.230000000000000000e+02 4.223400000000000000e+04
7.220000000000000000e+02 4.140300000000000000e+04
7.210000000000000000e+02 4.126000000000000000e+04
7.200000000000000000e+02 3.956500000000000000e+04
7.190000000000000000e+02 3.845300000000000000e+04
7.180000000000000000e+02 3.526100000000000000e+04
7.170000000000000000e+02 3.403600000000000000e+04
7.160000000000000000e+02 3.325300000000000000e+04
7.150000000000000000e+02 3.180300000000000000e+04
7.140000000000000000e+02 3.095900000000000000e+04
7.130000000000000000e+02 2.720200000000000000e+04
7.120000000000000000e+02 2.508400000000000000e+04
7.110000000000000000e+02 2.210200000000000000e+04
7.100000000000000000e+02 2.061300000000000000e+04
7.090000000000000000e+02 2.033400000000000000e+04
7.080000000000000000e+02 1.841700000000000000e+04
7.070000000000000000e+02 1.551800000000000000e+04
7.060000000000000000e+02 1.258300000000000000e+04
7.050000000000000000e+02 1.085200000000000000e+04
7.040000000000000000e+02 9.124000000000000000e+03
7.030000000000000000e+02 8.208000000000000000e+03
7.020000000000000000e+02 7.065000000000000000e+03
7.010000000000000000e+02 5.351000000000000000e+03
7.000000000000000000e+02 3.950000000000000000e+03
6.990000000000000000e+02 2.729000000000000000e+03
6.980000000000000000e+02 1.912000000000000000e+03
6.970000000000000000e+02 1.467000000000000000e+03
6.960000000000000000e+02 1.174000000000000000e+03
6.950000000000000000e+02 1.058000000000000000e+03
6.940000000000000000e+02 1.208000000000000000e+03
6.930000000000000000e+02 1.661000000000000000e+03
6.920000000000000000e+02 2.041000000000000000e+03
6.910000000000000000e+02 3.066000000000000000e+03
6.900000000000000000e+02 4.508000000000000000e+03
6.890000000000000000e+02 5.790000000000000000e+03
6.880000000000000000e+02 7.464000000000000000e+03
6.870000000000000000e+02 9.791000000000000000e+03
6.860000000000000000e+02 1.106000000000000000e+04
6.850000000000000000e+02 1.337700000000000000e+04
6.840000000000000000e+02 1.647100000000000000e+04
6.830000000000000000e+02 1.824300000000000000e+04
6.820000000000000000e+02 2.163300000000000000e+04
6.810000000000000000e+02 2.317300000000000000e+04
6.800000000000000000e+02 2.741100000000000000e+04
6.790000000000000000e+02 2.882900000000000000e+04
6.780000000000000000e+02 2.996100000000000000e+04
6.770000000000000000e+02 3.547700000000000000e+04
6.760000000000000000e+02 3.956500000000000000e+04
6.750000000000000000e+02 4.247400000000000000e+04
6.740000000000000000e+02 4.256400000000000000e+04
6.730000000000000000e+02 4.181900000000000000e+04
6.720000000000000000e+02 4.343800000000000000e+04
6.710000000000000000e+02 4.563200000000000000e+04
6.700000000000000000e+02 5.217300000000000000e+04
6.690000000000000000e+02 5.681200000000000000e+04
6.680000000000000000e+02 5.886600000000000000e+04
6.670000000000000000e+02 5.910400000000000000e+04
6.660000000000000000e+02 5.498700000000000000e+04
6.650000000000000000e+02 5.452300000000000000e+04
6.640000000000000000e+02 5.728300000000000000e+04
6.630000000000000000e+02 5.900600000000000000e+04
6.620000000000000000e+02 6.236900000000000000e+04
6.610000000000000000e+02 6.746700000000000000e+04
6.600000000000000000e+02 6.719000000000000000e+04
6.590000000000000000e+02 6.167900000000000000e+04
6.580000000000000000e+02 5.590300000000000000e+04
6.570000000000000000e+02 5.548200000000000000e+04
6.560000000000000000e+02 6.216800000000000000e+04
6.550000000000000000e+02 6.640600000000000000e+04
6.540000000000000000e+02 6.681600000000000000e+04
6.530000000000000000e+02 6.836000000000000000e+04
6.520000000000000000e+02 6.325400000000000000e+04
6.510000000000000000e+02 6.361700000000000000e+04
6.500000000000000000e+02 6.550200000000000000e+04
6.490000000000000000e+02 6.405800000000000000e+04
6.480000000000000000e+02 6.442600000000000000e+04
6.470000000000000000e+02 6.561100000000000000e+04
6.460000000000000000e+02 6.300600000000000000e+04
6.450000000000000000e+02 6.288800000000000000e+04
6.440000000000000000e+02 5.997300000000000000e+04
6.430000000000000000e+02 5.600600000000000000e+04
6.420000000000000000e+02 5.742600000000000000e+04
6.410000000000000000e+02 5.849000000000000000e+04
6.400000000000000000e+02 5.747100000000000000e+04
6.390000000000000000e+02 5.567800000000000000e+04
6.380000000000000000e+02 4.907800000000000000e+04
6.370000000000000000e+02 4.298800000000000000e+04
6.360000000000000000e+02 -1.000000000000000000e+00
6.350000000000000000e+02 -1.000000000000000000e+00
6.340000000000000000e+02 -1.000000000000000000e+00
6.330000000000000000e+02 -1.000000000000000000e+00
6.320000000000000000e+02 -1.000000000000000000e+00
6.310000000000000000e+02 -1.000000000000000000e+00
6.300000000000000000e+02 -1.000000000000000000e+00
6.290000000000000000e+02 -1.000000000000000000e+00
6.280000000000000000e+02 -1.000000000000000000e+00
6.270000000000000000e+02 -1.000000000000000000e+00
6.260000000000000000e+02 -1.000000000000000000e+00
6.250000000000000000e+02 -1.000000000000000000e+00
6.240000000000000000e+02 -1.000000000000000000e+00
6.230000000000000000e+02 -1.000000000000000000e+00
6.220000000000000000e+02 -1.000000000000000000e+00
6.210000000000000000e+02 -1.000000000000000000e+00
6.200000000000000000e+02 -1.000000000000000000e+00
6.190000000000000000e+02 3.777000000000000000e+03
6.180000000000000000e+02 2.311000000000000000e+03
6.170000000000000000e+02 1.420000000000000000e+03
6.160000000000000000e+02 1.253000000000000000e+03
6.150000000000000000e+02 1.250000000000000000e+03
6.140000000000000000e+02 1.454000000000000000e+03
6.130000000000000000e+02 2.281000000000000000e+03
6.120000000000000000e+02 3.349000000000000000e+03
6.110000000000000000e+02 4.603000000000000000e+03
6.100000000000000000e+02 6.746000000000000000e+03
6.090000000000000000e+02 9.251000000000000000e+03
6.080000000000000000e+02 1.233000000000000000e+04
6.070000000000000000e+02 1.624900000000000000e+04
6.060000000000000000e+02 1.963700000000000000e+04
6.050000000000000000e+02 2.156500000000000000e+04
6.040000000000000000e+02 2.411500000000000000e+04
6.030000000000000000e+02 2.639000000000000000e+04
6.020000000000000000e+02 2.962100000000000000e+04
6.010000000000000000e+02 3.592400000000000000e+04
6.000000000000000000e+02 4.236400000000000000e+04
5.990000000000000000e+02 4.365400000000000000e+04
5.980000000000000000e+02 4.474700000000000000e+04
5.970000000000000000e+02 4.722400000000000000e+04
5.960000000000000000e+02 4.771800000000000000e+04
5.950000000000000000e+02 5.201500000000000000e+04
5.940000000000000000e+02 5.818700000000000000e+04
5.930000000000000000e+02 6.078700000000000000e+04
5.920000000000000000e+02 6.698400000000000000e+04
5.910000000000000000e+02 6.974200000000000000e+04
5.900000000000000000e+02 6.694700000000000000e+04
5.890000000000000000e+02 6.654900000000000000e+04
5.880000000000000000e+02 6.586700000000000000e+04
5.870000000000000000e+02 6.587000000000000000e+04
5.860000000000000000e+02 6.891400000000000000e+04
5.850000000000000000e+02 7.197000000000000000e+04
5.840000000000000000e+02 7.601500000000000000e+04
5.830000000000000000e+02 7.784300000000000000e+04
5.820000000000000000e+02 7.872800000000000000e+04
5.810000000000000000e+02 7.816200000000000000e+04
5.800000000000000000e+02 7.683700000000000000e+04
5.790000000000000000e+02 7.371800000000000000e+04
5.780000000000000000e+02 7.390900000000000000e+04
5.770000000000000000e+02 7.700900000000000000e+04
5.760000000000000000e+02 7.712700000000000000e+04
5.750000000000000000e+02 7.520700000000000000e+04
5.740000000000000000e+02 7.785600000000000000e+04
5.730000000000000000e+02 8.085900000000000000e+04
5.720000000000000000e+02 7.866700000000000000e+04
5.710000000000000000e+02 7.740500000000000000e+04
5.700000000000000000e+02 7.722700000000000000e+04
5.690000000000000000e+02 7.542900000000000000e+04
5.680000000000000000e+02 7.266000000000000000e+04
5.670000000000000000e+02 7.015600000000000000e+04
5.660000000000000000e+02 6.864700000000000000e+04
5.650000000000000000e+02 7.062800000000000000e+04
5.640000000000000000e+02 7.209900000000000000e+04
5.630000000000000000e+02 6.913600000000000000e+04
5.620000000000000000e+02 7.104100000000000000e+04
5.610000000000000000e+02 6.819300000000000000e+04
5.600000000000000000e+02 6.232200000000000000e+04
5.590000000000000000e+02 6.075200000000000000e+04
5.580000000000000000e+02 6.089600000000000000e+04
5.570000000000000000e+02 5.708000000000000000e+04
5.560000000000000000e+02 5.586600000000000000e+04
5.550000000000000000e+02 5.414500000000000000e+04
5.540000000000000000e+02 4.925000000000000000e+04
5.530000000000000000e+02 4.700000000000000000e+04
5.520000000000000000e+02 4.518300000000000000e+04
5.510000000000000000e+02 4.078100000000000000e+04
5.500000000000000000e+02 3.923600000000000000e+04
5.490000000000000000e+02 3.842500000000000000e+04
5.480000000000000000e+02 3.299900000000000000e+04
5.470000000000000000e+02 2.973900000000000000e+04
5.460000000000000000e+02 2.675800000000000000e+04
5.450000000000000000e+02 2.302600000000000000e+04
5.440000000000000000e+02 1.852100000000000000e+04
5.430000000000000000e+02 1.515400000000000000e+04
5.420000000000000000e+02 1.237000000000000000e+04
5.410000000000000000e+02 9.286000000000000000e+03
5.400000000000000000e+02 5.793000000000000000e+03
5.390000000000000000e+02 3.521000000000000000e+03
5.380000000000000000e+02 1.878000000000000000e+03
5.370000000000000000e+02 1.222000000000000000e+03
5.360000000000000000e+02 9.190000000000000000e+02
5.350000000000000000e+02 1.182000000000000000e+03
5.340000000000000000e+02 2.319000000000000000e+03
5.330000000000000000e+02 4.297000000000000000e+03
5.320000000000000000e+02 6.559000000000000000e+03
5.310000000000000000e+02 8.887000000000000000e+03
5.300000000000000000e+02 1.240500000000000000e+04
5.290000000000000000e+02 1.681300000000000000e+04
5.280000000000000000e+02 2.163900000000000000e+04
5.270000000000000000e+02 2.487500000000000000e+04
5.260000000000000000e+02 3.053500000000000000e+04
5.250000000000000000e+02 3.519800000000000000e+04
5.240000000000000000e+02 3.760600000000000000e+04
5.230000000000000000e+02 3.489400000000000000e+04
5.220000000000000000e+02 3.745900000000000000e+04
5.210000000000000000e+02 4.003700000000000000e+04
5.200000000000000000e+02 5.245900000000000000e+04
5.190000000000000000e+02 5.569000000000000000e+04
5.180000000000000000e+02 5.850300000000000000e+04
5.170000000000000000e+02 5.989700000000000000e+04
5.160000000000000000e+02 6.121000000000000000e+04
5.150000000000000000e+02 6.285800000000000000e+04
5.140000000000000000e+02 6.569700000000000000e+04
5.130000000000000000e+02 6.903300000000000000e+04
5.120000000000000000e+02 6.938200000000000000e+04
5.110000000000000000e+02 7.232000000000000000e+04
5.100000000000000000e+02 7.331200000000000000e+04
5.090000000000000000e+02 7.370800000000000000e+04
5.080000000000000000e+02 7.282300000000000000e+04
5.070000000000000000e+02 7.489400000000000000e+04
5.060000000000000000e+02 8.037200000000000000e+04
5.050000000000000000e+02 8.385500000000000000e+04
5.040000000000000000e+02 8.317600000000000000e+04
5.030000000000000000e+02 8.279700000000000000e+04
5.020000000000000000e+02 8.272600000000000000e+04
5.010000000000000000e+02 8.046000000000000000e+04
5.000000000000000000e+02 7.878700000000000000e+04
4.990000000000000000e+02 8.101600000000000000e+04
4.980000000000000000e+02 8.006500000000000000e+04
4.970000000000000000e+02 7.894900000000000000e+04
4.960000000000000000e+02 7.722300000000000000e+04
4.950000000000000000e+02 7.929100000000000000e+04
4.940000000000000000e+02 8.152500000000000000e+04
4.930000000000000000e+02 8.253800000000000000e+04
4.920000000000000000e+02 8.000200000000000000e+04
4.910000000000000000e+02 7.760200000000000000e+04
4.900000000000000000e+02 7.705200000000000000e+04
4.890000000000000000e+02 7.621300000000000000e+04
4.880000000000000000e+02 7.462600000000000000e+04
4.870000000000000000e+02 7.182300000000000000e+04
4.860000000000000000e+02 7.173600000000000000e+04
4.850000000000000000e+02 7.203100000000000000e+04
4.840000000000000000e+02 6.776400000000000000e+04
4.830000000000000000e+02 6.482300000000000000e+04
4.820000000000000000e+02 6.599800000000000000e+04
4.810000000000000000e+02 6.559100000000000000e+04
4.800000000000000000e+02 6.410800000000000000e+04
4.790000000000000000e+02 6.518900000000000000e+04
4.780000000000000000e+02 6.961100000000000000e+04
4.770000000000000000e+02 7.174900000000000000e+04
4.760000000000000000e+02 7.265700000000000000e+04
4.750000000000000000e+02 7.022100000000000000e+04
4.740000000000000000e+02 6.935800000000000000e+04
4.730000000000000000e+02 7.010900000000000000e+04
4.720000000000000000e+02 7.046700000000000000e+04
4.710000000000000000e+02 6.854000000000000000e+04
4.700000000000000000e+02 6.945900000000000000e+04
4.690000000000000000e+02 6.862400000000000000e+04
4.680000000000000000e+02 7.058900000000000000e+04
4.670000000000000000e+02 7.184600000000000000e+04
4.660000000000000000e+02 7.056500000000000000e+04
4.650000000000000000e+02 6.992500000000000000e+04
4.640000000000000000e+02 6.872100000000000000e+04
4.630000000000000000e+02 6.871100000000000000e+04
4.620000000000000000e+02 6.797600000000000000e+04
4.610000000000000000e+02 6.693800000000000000e+04
4.600000000000000000e+02 6.807000000000000000e+04
4.590000000000000000e+02 6.809400000000000000e+04
4.580000000000000000e+02 6.631800000000000000e+04
4.570000000000000000e+02 6.172700000000000000e+04
4.560000000000000000e+02 5.792200000000000000e+04
4.550000000000000000e+02 5.402300000000000000e+04
4.540000000000000000e+02 5.305400000000000000e+04
4.530000000000000000e+02 5.440700000000000000e+04
4.520000000000000000e+02 4.982900000000000000e+04
4.510000000000000000e+02 4.716800000000000000e+04
4.500000000000000000e+02 4.485900000000000000e+04
4.490000000000000000e+02 4.266600000000000000e+04
4.480000000000000000e+02 4.059300000000000000e+04
4.470000000000000000e+02 3.532300000000000000e+04
4.460000000000000000e+02 3.223600000000000000e+04
4.450000000000000000e+02 3.172100000000000000e+04
4.440000000000000000e+02 3.085700000000000000e+04
4.430000000000000000e+02 2.807700000000000000e+04
4.420000000000000000e+02 2.478200000000000000e+04
4.410000000000000000e+02 2.007200000000000000e+04
4.400000000000000000e+02 1.320900000000000000e+04
4.390000000000000000e+02 8.652000000000000000e+03
4.380000000000000000e+02 9.308000000000000000e+03
4.370000000000000000e+02 1.242900000000000000e+04
4.360000000000000000e+02 1.358600000000000000e+04
4.350000000000000000e+02 1.206900000000000000e+04
4.340000000000000000e+02 1.530200000000000000e+04
4.330000000000000000e+02 2.267000000000000000e+04
4.320000000000000000e+02 3.385800000000000000e+04
4.310000000000000000e+02 4.356500000000000000e+04
4.300000000000000000e+02 5.214500000000000000e+04
4.290000000000000000e+02 5.912800000000000000e+04
4.280000000000000000e+02 6.361000000000000000e+04
4.270000000000000000e+02 7.037800000000000000e+04
4.260000000000000000e+02 7.645700000000000000e+04
4.250000000000000000e+02 7.497000000000000000e+04
4.240000000000000000e+02 -1.000000000000000000e+00
4.230000000000000000e+02 -1.000000000000000000e+00
4.220000000000000000e+02 -1.000000000000000000e+00
4.210000000000000000e+02 -1.000000000000000000e+00
4.200000000000000000e+02 -1.000000000000000000e+00
4.190000000000000000e+02 -1.000000000000000000e+00
4.180000000000000000e+02 -1.000000000000000000e+00
4.170000000000000000e+02 -1.000000000000000000e+00
4.160000000000000000e+02 -1.000000000000000000e+00
4.150000000000000000e+02 -1.000000000000000000e+00
4.140000000000000000e+02 -1.000000000000000000e+00
4.130000000000000000e+02 -1.000000000000000000e+00
4.120000000000000000e+02 -1.000000000000000000e+00
4.110000000000000000e+02 -1.000000000000000000e+00
4.100000000000000000e+02 -1.000000000000000000e+00
4.090000000000000000e+02 -1.000000000000000000e+00
4.080000000000000000e+02 -1.000000000000000000e+00
4.070000000000000000e+02 6.293900000000000000e+04
4.060000000000000000e+02 6.524000000000000000e+04
4.050000000000000000e+02 6.328500000000000000e+04
4.040000000000000000e+02 5.950000000000000000e+04
4.030000000000000000e+02 5.668200000000000000e+04
4.020000000000000000e+02 5.330400000000000000e+04
4.010000000000000000e+02 5.072900000000000000e+04
4.000000000000000000e+02 4.709800000000000000e+04
3.990000000000000000e+02 4.392500000000000000e+04
3.980000000000000000e+02 3.898900000000000000e+04
3.970000000000000000e+02 3.249100000000000000e+04
3.960000000000000000e+02 2.775600000000000000e+04
3.950000000000000000e+02 2.338800000000000000e+04
3.940000000000000000e+02 1.944100000000000000e+04
3.930000000000000000e+02 1.814400000000000000e+04
3.920000000000000000e+02 1.887000000000000000e+04
3.910000000000000000e+02 2.171100000000000000e+04
3.900000000000000000e+02 2.493800000000000000e+04
3.890000000000000000e+02 2.920300000000000000e+04
3.880000000000000000e+02 3.302900000000000000e+04
3.870000000000000000e+02 3.748100000000000000e+04
3.860000000000000000e+02 4.100100000000000000e+04
3.850000000000000000e+02 4.494800000000000000e+04
3.840000000000000000e+02 4.796600000000000000e+04
3.830000000000000000e+02 4.930300000000000000e+04
3.820000000000000000e+02 5.116700000000000000e+04
3.810000000000000000e+02 5.398100000000000000e+04
3.800000000000000000e+02 5.630900000000000000e+04
3.790000000000000000e+02 5.963600000000000000e+04
3.780000000000000000e+02 6.060400000000000000e+04
3.770000000000000000e+02 6.256900000000000000e+04
3.760000000000000000e+02 6.501100000000000000e+04
3.750000000000000000e+02 6.871200000000000000e+04
3.740000000000000000e+02 7.497800000000000000e+04
3.730000000000000000e+02 8.285200000000000000e+04
3.720000000000000000e+02 8.675300000000000000e+04
3.710000000000000000e+02 9.076800000000000000e+04
3.700000000000000000e+02 9.799200000000000000e+04
3.690000000000000000e+02 1.027700000000000000e+05
3.680000000000000000e+02 1.104100000000000000e+05
3.670000000000000000e+02 1.116040000000000000e+05
3.660000000000000000e+02 1.149050000000000000e+05
3.650000000000000000e+02 1.173930000000000000e+05
3.640000000000000000e+02 1.178220000000000000e+05
3.630000000000000000e+02 1.179390000000000000e+05
3.620000000000000000e+02 1.176220000000000000e+05
3.610000000000000000e+02 1.192920000000000000e+05
3.600000000000000000e+02 1.189560000000000000e+05
3.590000000000000000e+02 1.169700000000000000e+05
3.580000000000000000e+02 1.171550000000000000e+05
3.570000000000000000e+02 1.158440000000000000e+05
3.560000000000000000e+02 1.167110000000000000e+05
3.550000000000000000e+02 1.141960000000000000e+05
3.540000000000000000e+02 1.086320000000000000e+05
3.530000000000000000e+02 1.051250000000000000e+05
3.520000000000000000e+02 1.001590000000000000e+05
3.510000000000000000e+02 9.700600000000000000e+04
3.500000000000000000e+02 8.678400000000000000e+04
3.490000000000000000e+02 8.191400000000000000e+04
3.480000000000000000e+02 7.486400000000000000e+04
3.470000000000000000e+02 7.162000000000000000e+04
3.460000000000000000e+02 7.286400000000000000e+04
3.450000000000000000e+02 7.597000000000000000e+04
3.440000000000000000e+02 7.798500000000000000e+04
3.430000000000000000e+02 7.901400000000000000e+04
3.420000000000000000e+02 8.000400000000000000e+04
3.410000000000000000e+02 8.171200000000000000e+04
3.400000000000000000e+02 8.401600000000000000e+04
3.390000000000000000e+02 8.231700000000000000e+04
3.380000000000000000e+02 8.165800000000000000e+04
3.370000000000000000e+02 8.062700000000000000e+04
3.360000000000000000e+02 7.974900000000000000e+04
3.350000000000000000e+02 7.830500000000000000e+04
3.340000000000000000e+02 7.763500000000000000e+04
3.330000000000000000e+02 7.490900000000000000e+04
3.320000000000000000e+02 7.441900000000000000e+04
3.310000000000000000e+02 7.154300000000000000e+04
3.300000000000000000e+02 7.422700000000000000e+04
3.290000000000000000e+02 6.927300000000000000e+04
3.280000000000000000e+02 6.716100000000000000e+04
3.270000000000000000e+02 6.539800000000000000e+04
3.260000000000000000e+02 6.402200000000000000e+04
3.250000000000000000e+02 6.255900000000000000e+04
3.240000000000000000e+02 6.108600000000000000e+04
3.230000000000000000e+02 6.020900000000000000e+04
3.220000000000000000e+02 5.879600000000000000e+04
3.210000000000000000e+02 5.691200000000000000e+04
3.200000000000000000e+02 5.524800000000000000e+04
3.190000000000000000e+02 5.389000000000000000e+04
3.180000000000000000e+02 5.321200000000000000e+04
3.170000000000000000e+02 5.167000000000000000e+04
3.160000000000000000e+02 5.102000000000000000e+04
3.150000000000000000e+02 4.958800000000000000e+04
3.140000000000000000e+02 4.953400000000000000e+04
3.130000000000000000e+02 4.819500000000000000e+04
3.120000000000000000e+02 4.704100000000000000e+04
3.110000000000000000e+02 3.584300000000000000e+04
3.100000000000000000e+02 3.522400000000000000e+04
3.090000000000000000e+02 3.463800000000000000e+04
3.080000000000000000e+02 4.296600000000000000e+04
3.070000000000000000e+02 4.193300000000000000e+04
3.060000000000000000e+02 4.098000000000000000e+04
3.050000000000000000e+02 3.962900000000000000e+04
3.040000000000000000e+02 3.843400000000000000e+04
3.030000000000000000e+02 3.733100000000000000e+04
3.020000000000000000e+02 3.599100000000000000e+04
3.010000000000000000e+02 3.448600000000000000e+04
3.000000000000000000e+02 3.302900000000000000e+04
2.990000000000000000e+02 3.149000000000000000e+04
2.980000000000000000e+02 2.982300000000000000e+04
2.970000000000000000e+02 2.848600000000000000e+04
2.960000000000000000e+02 2.720200000000000000e+04
2.950000000000000000e+02 2.571100000000000000e+04
2.940000000000000000e+02 2.404300000000000000e+04
2.930000000000000000e+02 2.224000000000000000e+04
2.920000000000000000e+02 2.089300000000000000e+04
2.910000000000000000e+02 1.901200000000000000e+04
2.900000000000000000e+02 1.748700000000000000e+04
2.890000000000000000e+02 1.544600000000000000e+04
2.880000000000000000e+02 1.386500000000000000e+04
2.870000000000000000e+02 1.201700000000000000e+04
2.860000000000000000e+02 1.040200000000000000e+04
2.850000000000000000e+02 8.445000000000000000e+03
2.840000000000000000e+02 6.759000000000000000e+03
2.830000000000000000e+02 5.342000000000000000e+03
2.820000000000000000e+02 3.662000000000000000e+03
2.810000000000000000e+02 2.146000000000000000e+03
2.800000000000000000e+02 1.294000000000000000e+03
2.790000000000000000e+02 9.240000000000000000e+02
2.780000000000000000e+02 7.890000000000000000e+02
2.770000000000000000e+02 6.870000000000000000e+02
2.760000000000000000e+02 7.020000000000000000e+02
2.750000000000000000e+02 7.150000000000000000e+02
2.740000000000000000e+02 7.370000000000000000e+02
2.730000000000000000e+02 7.520000000000000000e+02
2.720000000000000000e+02 8.510000000000000000e+02
2.710000000000000000e+02 8.020000000000000000e+02
2.700000000000000000e+02 8.600000000000000000e+02
2.690000000000000000e+02 8.510000000000000000e+02
2.680000000000000000e+02 9.080000000000000000e+02
2.670000000000000000e+02 9.040000000000000000e+02
2.660000000000000000e+02 9.940000000000000000e+02
2.650000000000000000e+02 9.400000000000000000e+02
2.640000000000000000e+02 8.790000000000000000e+02
2.630000000000000000e+02 8.970000000000000000e+02
2.620000000000000000e+02 8.810000000000000000e+02
2.610000000000000000e+02 9.510000000000000000e+02
2.600000000000000000e+02 8.930000000000000000e+02
2.590000000000000000e+02 8.550000000000000000e+02
2.580000000000000000e+02 8.190000000000000000e+02
2.570000000000000000e+02 9.110000000000000000e+02
2.560000000000000000e+02 8.100000000000000000e+02
2.550000000000000000e+02 7.580000000000000000e+02
2.540000000000000000e+02 7.710000000000000000e+02
2.530000000000000000e+02 7.210000000000000000e+02
2.520000000000000000e+02 7.170000000000000000e+02
2.510000000000000000e+02 6.900000000000000000e+02
2.500000000000000000e+02 6.550000000000000000e+02
2.490000000000000000e+02 6.000000000000000000e+02
2.480000000000000000e+02 5.830000000000000000e+02
2.470000000000000000e+02 5.840000000000000000e+02
2.460000000000000000e+02 5.280000000000000000e+02
2.450000000000000000e+02 5.510000000000000000e+02
2.440000000000000000e+02 4.920000000000000000e+02
2.430000000000000000e+02 4.820000000000000000e+02
2.420000000000000000e+02 4.570000000000000000e+02
2.410000000000000000e+02 5.450000000000000000e+02
2.400000000000000000e+02 5.430000000000000000e+02
2.390000000000000000e+02 5.420000000000000000e+02
2.380000000000000000e+02 5.800000000000000000e+02
2.370000000000000000e+02 5.690000000000000000e+02
2.360000000000000000e+02 6.720000000000000000e+02
2.350000000000000000e+02 7.500000000000000000e+02
2.340000000000000000e+02 8.790000000000000000e+02
2.330000000000000000e+02 9.880000000000000000e+02
2.320000000000000000e+02 1.059000000000000000e+03
2.310000000000000000e+02 1.341000000000000000e+03
2.300000000000000000e+02 1.583000000000000000e+03
2.290000000000000000e+02 1.673000000000000000e+03
2.280000000000000000e+02 1.799000000000000000e+03
2.270000000000000000e+02 2.162000000000000000e+03
2.260000000000000000e+02 2.530000000000000000e+03
2.250000000000000000e+02 2.606000000000000000e+03
2.240000000000000000e+02 2.689000000000000000e+03
2.230000000000000000e+02 3.082000000000000000e+03
2.220000000000000000e+02 3.491000000000000000e+03
2.210000000000000000e+02 3.839000000000000000e+03
2.200000000000000000e+02 4.372000000000000000e+03
2.190000000000000000e+02 4.726000000000000000e+03
2.180000000000000000e+02 5.123000000000000000e+03
2.170000000000000000e+02 5.844000000000000000e+03
2.160000000000000000e+02 6.272000000000000000e+03
2.150000000000000000e+02 6.859000000000000000e+03
2.140000000000000000e+02 7.201000000000000000e+03
2.130000000000000000e+02 7.292000000000000000e+03
2.120000000000000000e+02 -1.000000000000000000e+00
2.110000000000000000e+02 -1.000000000000000000e+00
2.100000000000000000e+02 -1.000000000000000000e+00
2.090000000000000000e+02 -1.000000000000000000e+00
2.080000000000000000e+02 -1.000000000000000000e+00
2.070000000000000000e+02 -1.000000000000000000e+00
2.060000000000000000e+02 -1.000000000000000000e+00
2.050000000000000000e+02 -1.000000000000000000e+00
2.040000000000000000e+02 -1.000000000000000000e+00
2.030000000000000000e+02 -1.000000000000000000e+00
2.020000000000000000e+02 -1.000000000000000000e+00
2.010000000000000000e+02 -1.000000000000000000e+00
2.000000000000000000e+02 -1.000000000000000000e+00
1.990000000000000000e+02 -1.000000000000000000e+00
1.980000000000000000e+02 -1.000000000000000000e+00
1.970000000000000000e+02 -1.000000000000000000e+00
1.960000000000000000e+02 -1.000000000000000000e+00
1.950000000000000000e+02 1.358000000000000000e+04
1.940000000000000000e+02 1.459700000000000000e+04
1.930000000000000000e+02 1.489100000000000000e+04
1.920000000000000000e+02 1.569200000000000000e+04
1.910000000000000000e+02 1.654200000000000000e+04
1.900000000000000000e+02 1.709200000000000000e+04
1.890000000000000000e+02 1.795400000000000000e+04
1.880000000000000000e+02 1.738000000000000000e+04
1.870000000000000000e+02 1.781300000000000000e+04
1.860000000000000000e+02 1.820300000000000000e+04
1.850000000000000000e+02 1.835800000000000000e+04
1.840000000000000000e+02 1.864800000000000000e+04
1.830000000000000000e+02 1.954700000000000000e+04
1.820000000000000000e+02 2.138500000000000000e+04
1.810000000000000000e+02 2.172800000000000000e+04
1.800000000000000000e+02 2.322900000000000000e+04
1.790000000000000000e+02 2.377500000000000000e+04
1.780000000000000000e+02 2.472100000000000000e+04
1.770000000000000000e+02 2.389500000000000000e+04
1.760000000000000000e+02 2.380000000000000000e+04
1.750000000000000000e+02 2.397300000000000000e+04
1.740000000000000000e+02 2.332200000000000000e+04
1.730000000000000000e+02 2.428100000000000000e+04
1.720000000000000000e+02 2.345700000000000000e+04
1.710000000000000000e+02 2.346500000000000000e+04
1.700000000000000000e+02 2.296300000000000000e+04
1.690000000000000000e+02 2.287900000000000000e+04
1.680000000000000000e+02 2.320800000000000000e+04
1.670000000000000000e+02 2.385200000000000000e+04
1.660000000000000000e+02 2.395800000000000000e+04
1.650000000000000000e+02 2.430600000000000000e+04
1.640000000000000000e+02 2.398300000000000000e+04
1.630000000000000000e+02 2.436500000000000000e+04
1.620000000000000000e+02 2.481700000000000000e+04
1.610000000000000000e+02 2.455400000000000000e+04
1.600000000000000000e+02 2.519100000000000000e+04
1.590000000000000000e+02 2.572600000000000000e+04
1.580000000000000000e+02 2.719900000000000000e+04
1.570000000000000000e+02 2.783700000000000000e+04
1.560000000000000000e+02 2.935200000000000000e+04
1.550000000000000000e+02 2.910100000000000000e+04
1.540000000000000000e+02 2.968700000000000000e+04
1.530000000000000000e+02 3.046000000000000000e+04
1.520000000000000000e+02 3.139500000000000000e+04
1.510000000000000000e+02 3.146100000000000000e+04
1.500000000000000000e+02 3.167100000000000000e+04
1.490000000000000000e+02 3.123100000000000000e+04
1.480000000000000000e+02 3.155200000000000000e+04
1.470000000000000000e+02 3.296900000000000000e+04
1.460000000000000000e+02 3.473600000000000000e+04
1.450000000000000000e+02 3.591400000000000000e+04
1.440000000000000000e+02 3.706400000000000000e+04
1.430000000000000000e+02 3.767300000000000000e+04
1.420000000000000000e+02 3.995500000000000000e+04
1.410000000000000000e+02 4.163400000000000000e+04
1.400000000000000000e+02 4.043900000000000000e+04
1.390000000000000000e+02 3.821100000000000000e+04
1.380000000000000000e+02 3.708500000000000000e+04
1.370000000000000000e+02 3.722700000000000000e+04
1.360000000000000000e+02 3.763500000000000000e+04
1.350000000000000000e+02 3.869600000000000000e+04
1.340000000000000000e+02 3.917700000000000000e+04
1.330000000000000000e+02 4.015200000000000000e+04
1.320000000000000000e+02 4.143100000000000000e+04
1.310000000000000000e+02 4.249400000000000000e+04
1.300000000000000000e+02 4.283100000000000000e+04
1.290000000000000000e+02 4.415200000000000000e+04
1.280000000000000000e+02 4.389800000000000000e+04
1.270000000000000000e+02 4.394100000000000000e+04
1.260000000000000000e+02 4.294300000000000000e+04
1.250000000000000000e+02 4.370800000000000000e+04
1.240000000000000000e+02 4.451300000000000000e+04
1.230000000000000000e+02 4.268300000000000000e+04
1.220000000000000000e+02 4.167000000000000000e+04
1.210000000000000000e+02 3.956200000000000000e+04
1.200000000000000000e+02 3.848700000000000000e+04
1.190000000000000000e+02 3.771300000000000000e+04
1.180000000000000000e+02 3.655500000000000000e+04
1.170000000000000000e+02 3.630500000000000000e+04
1.160000000000000000e+02 3.652900000000000000e+04
1.150000000000000000e+02 3.529800000000000000e+04
1.140000000000000000e+02 3.435300000000000000e+04
1.130000000000000000e+02 3.338700000000000000e+04
1.120000000000000000e+02 3.226200000000000000e+04
1.110000000000000000e+02 3.203500000000000000e+04
1.100000000000000000e+02 3.166200000000000000e+04
1.090000000000000000e+02 3.135200000000000000e+04
1.080000000000000000e+02 3.165000000000000000e+04
1.070000000000000000e+02 3.081700000000000000e+04
1.060000000000000000e+02 2.955500000000000000e+04
1.050000000000000000e+02 2.864200000000000000e+04
1.040000000000000000e+02 2.738200000000000000e+04
1.030000000000000000e+02 2.557700000000000000e+04
1.020000000000000000e+02 2.322700000000000000e+04
1.010000000000000000e+02 2.250100000000000000e+04
1.000000000000000000e+02 2.233900000000000000e+04
9.900000000000000000e+01 1.947000000000000000e+04
9.800000000000000000e+01 1.958500000000000000e+04
9.700000000000000000e+01 1.971700000000000000e+04
9.600000000000000000e+01 2.343500000000000000e+04
9.500000000000000000e+01 2.380000000000000000e+04
9.400000000000000000e+01 2.339400000000000000e+04
9.300000000000000000e+01 2.148800000000000000e+04
9.200000000000000000e+01 2.084100000000000000e+04
9.100000000000000000e+01 1.958100000000000000e+04
9.000000000000000000e+01 1.926300000000000000e+04
8.900000000000000000e+01 2.006200000000000000e+04
8.800000000000000000e+01 2.027700000000000000e+04
8.700000000000000000e+01 2.003000000000000000e+04
8.600000000000000000e+01 1.904500000000000000e+04
8.500000000000000000e+01 1.774100000000000000e+04
8.400000000000000000e+01 1.563800000000000000e+04
8.300000000000000000e+01 1.486800000000000000e+04
8.200000000000000000e+01 1.533500000000000000e+04
8.100000000000000000e+01 1.510800000000000000e+04
8.000000000000000000e+01 1.370600000000000000e+04
7.900000000000000000e+01 1.258900000000000000e+04
7.800000000000000000e+01 1.263800000000000000e+04
7.700000000000000000e+01 1.472600000000000000e+04
7.600000000000000000e+01 1.652700000000000000e+04
7.500000000000000000e+01 1.604400000000000000e+04
7.400000000000000000e+01 1.469100000000000000e+04
7.300000000000000000e+01 1.154700000000000000e+04
7.200000000000000000e+01 7.848000000000000000e+03
7.100000000000000000e+01 6.196000000000000000e+03
7.000000000000000000e+01 5.905000000000000000e+03
6.900000000000000000e+01 6.197000000000000000e+03
6.800000000000000000e+01 6.674000000000000000e+03
6.700000000000000000e+01 6.019000000000000000e+03
6.600000000000000000e+01 4.455000000000000000e+03
6.500000000000000000e+01 3.939000000000000000e+03
6.400000000000000000e+01 3.477000000000000000e+03
6.300000000000000000e+01 2.728000000000000000e+03
6.200000000000000000e+01 2.301000000000000000e+03
6.100000000000000000e+01 2.037000000000000000e+03
6.000000000000000000e+01 1.979000000000000000e+03
5.900000000000000000e+01 1.818000000000000000e+03
5.800000000000000000e+01 1.244000000000000000e+03
5.700000000000000000e+01 8.840000000000000000e+02
5.600000000000000000e+01 7.780000000000000000e+02
5.500000000000000000e+01 5.320000000000000000e+02
5.400000000000000000e+01 3.350000000000000000e+02
5.300000000000000000e+01 2.060000000000000000e+02
5.200000000000000000e+01 1.200000000000000000e+02
5.100000000000000000e+01 1.180000000000000000e+02
5.000000000000000000e+01 1.410000000000000000e+02
4.900000000000000000e+01 1.570000000000000000e+02
4.800000000000000000e+01 1.840000000000000000e+02
4.700000000000000000e+01 2.710000000000000000e+02
4.600000000000000000e+01 2.980000000000000000e+02
4.500000000000000000e+01 4.110000000000000000e+02
4.400000000000000000e+01 5.690000000000000000e+02
4.300000000000000000e+01 6.890000000000000000e+02
4.200000000000000000e+01 8.910000000000000000e+02
4.100000000000000000e+01 1.763000000000000000e+03
4.000000000000000000e+01 2.538000000000000000e+03
3.900000000000000000e+01 1.738000000000000000e+03
3.800000000000000000e+01 1.238000000000000000e+03
3.700000000000000000e+01 1.151000000000000000e+03
3.600000000000000000e+01 1.580000000000000000e+03
3.500000000000000000e+01 1.742000000000000000e+03
3.400000000000000000e+01 2.197000000000000000e+03
3.300000000000000000e+01 3.244000000000000000e+03
3.200000000000000000e+01 4.680000000000000000e+03
3.100000000000000000e+01 4.466000000000000000e+03
3.000000000000000000e+01 2.700000000000000000e+03
2.900000000000000000e+01 2.758000000000000000e+03
2.800000000000000000e+01 3.776000000000000000e+03
2.700000000000000000e+01 4.950000000000000000e+03
2.600000000000000000e+01 4.712000000000000000e+03
2.500000000000000000e+01 3.634000000000000000e+03
2.400000000000000000e+01 3.397000000000000000e+03
2.300000000000000000e+01 4.408000000000000000e+03
2.200000000000000000e+01 4.987000000000000000e+03
2.100000000000000000e+01 3.597000000000000000e+03
2.000000000000000000e+01 3.613000000000000000e+03
1.900000000000000000e+01 3.969000000000000000e+03
1.800000000000000000e+01 5.613000000000000000e+03
1.700000000000000000e+01 7.444000000000000000e+03
1.600000000000000000e+01 5.035000000000000000e+03
1.500000000000000000e+01 3.498000000000000000e+03
1.400000000000000000e+01 3.929000000000000000e+03
1.300000000000000000e+01 4.390000000000000000e+03
1.200000000000000000e+01 6.055000000000000000e+03
1.100000000000000000e+01 5.881000000000000000e+03
1.000000000000000000e+01 4.404000000000000000e+03
9.000000000000000000e+00 3.353000000000000000e+03
8.000000000000000000e+00 3.002000000000000000e+03
7.000000000000000000e+00 2.202000000000000000e+03
6.000000000000000000e+00 2.764000000000000000e+03
5.000000000000000000e+00 4.283000000000000000e+03
4.000000000000000000e+00 3.860000000000000000e+03
3.000000000000000000e+00 4.927000000000000000e+03
2.000000000000000000e+00 5.876000000000000000e+03
1.000000000000000000e+00 5.665000000000000000e+03
