1.043000000000000000e+03 0.000000000000000000e+00
1.042000000000000000e+03 0.000000000000000000e+00
1.041000000000000000e+03 0.000000000000000000e+00
1.040000000000000000e+03 0.000000000000000000e+00
1.039000000000000000e+03 0.000000000000000000e+00
1.038000000000000000e+03 0.000000000000000000e+00
1.037000000000000000e+03 0.000000000000000000e+00
1.036000000000000000e+03 0.000000000000000000e+00
1.035000000000000000e+03 0.000000000000000000e+00
1.034000000000000000e+03 1.000000000000000000e+00
1.033000000000000000e+03 0.000000000000000000e+00
1.032000000000000000e+03 0.000000000000000000e+00
1.031000000000000000e+03 0.000000000000000000e+00
1.030000000000000000e+03 0.000000000000000000e+00
1.029000000000000000e+03 0.000000000000000000e+00
1.028000000000000000e+03 0.000000000000000000e+00
1.027000000000000000e+03 0.000000000000000000e+00
1.026000000000000000e+03 0.000000000000000000e+00
1.025000000000000000e+03 0.000000000000000000e+00
1.024000000000000000e+03 0.000000000000000000e+00
1.023000000000000000e+03 0.000000000000000000e+00
1.022000000000000000e+03 0.000000000000000000e+00
1.021000000000000000e+03 0.000000000000000000e+00
1.020000000000000000e+03 0.000000000000000000e+00
1.019000000000000000e+03 0.000000000000000000e+00
1.018000000000000000e+03 0.000000000000000000e+00
1.017000000000000000e+03 0.000000000000000000e+00
1.016000000000000000e+03 0.000000000000000000e+00
1.015000000000000000e+03 0.000000000000000000e+00
1.014000000000000000e+03 1.000000000000000000e+00
1.013000000000000000e+03 0.000000000000000000e+00
1.012000000000000000e+03 1.000000000000000000e+00
1.011000000000000000e+03 0.000000000000000000e+00
1.010000000000000000e+03 1.000000000000000000e+00
1.009000000000000000e+03 0.000000000000000000e+00
1.008000000000000000e+03 0.000000000000000000e+00
1.007000000000000000e+03 0.000000000000000000e+00
1.006000000000000000e+03 0.000000000000000000e+00
1.005000000000000000e+03 0.000000000000000000e+00
1.004000000000000000e+03 0.000000000000000000e+00
1.003000000000000000e+03 0.000000000000000000e+00
1.002000000000000000e+03 0.000000000000000000e+00
1.001000000000000000e+03 0.000000000000000000e+00
1.000000000000000000e+03 0.000000000000000000e+00
9.990000000000000000e+02 0.000000000000000000e+00
9.980000000000000000e+02 0.000000000000000000e+00
9.970000000000000000e+02 0.000000000000000000e+00
9.960000000000000000e+02 0.000000000000000000e+00
9.950000000000000000e+02 0.000000000000000000e+00
9.940000000000000000e+02 0.000000000000000000e+00
9.930000000000000000e+02 0.000000000000000000e+00
9.920000000000000000e+02 0.000000000000000000e+00
9.910000000000000000e+02 0.000000000000000000e+00
9.900000000000000000e+02 0.000000000000000000e+00
9.890000000000000000e+02 0.000000000000000000e+00
9.880000000000000000e+02 0.000000000000000000e+00
9.870000000000000000e+02 0.000000000000000000e+00
9.860000000000000000e+02 0.000000000000000000e+00
9.850000000000000000e+02 0.000000000000000000e+00
9.840000000000000000e+02 0.000000000000000000e+00
9.830000000000000000e+02 0.000000000000000000e+00
9.820000000000000000e+02 0.000000000000000000e+00
9.810000000000000000e+02 0.000000000000000000e+00
9.800000000000000000e+02 1.000000000000000000e+00
9.790000000000000000e+02 0.000000000000000000e+00
9.780000000000000000e+02 0.000000000000000000e+00
9.770000000000000000e+02 0.000000000000000000e+00
9.760000000000000000e+02 0.000000000000000000e+00
9.750000000000000000e+02 0.000000000000000000e+00
9.740000000000000000e+02 0.000000000000000000e+00
9.730000000000000000e+02 0.000000000000000000e+00
9.720000000000000000e+02 0.000000000000000000e+00
9.710000000000000000e+02 0.000000000000000000e+00
9.700000000000000000e+02 2.000000000000000000e+00
9.690000000000000000e+02 2.000000000000000000e+00
9.680000000000000000e+02 0.000000000000000000e+00
9.670000000000000000e+02 0.000000000000000000e+00
9.660000000000000000e+02 0.000000000000000000e+00
9.650000000000000000e+02 0.000000000000000000e+00
9.640000000000000000e+02 0.000000000000000000e+00
9.630000000000000000e+02 1.000000000000000000e+00
9.620000000000000000e+02 1.000000000000000000e+00
9.610000000000000000e+02 1.000000000000000000e+00
9.600000000000000000e+02 1.000000000000000000e+00
9.590000000000000000e+02 1.000000000000000000e+00
9.580000000000000000e+02 1.000000000000000000e+00
9.570000000000000000e+02 0.000000000000000000e+00
9.560000000000000000e+02 1.000000000000000000e+00
9.550000000000000000e+02 1.000000000000000000e+00
9.540000000000000000e+02 0.000000000000000000e+00
9.530000000000000000e+02 0.000000000000000000e+00
9.520000000000000000e+02 1.000000000000000000e+00
9.510000000000000000e+02 0.000000000000000000e+00
9.500000000000000000e+02 1.000000000000000000e+00
9.490000000000000000e+02 3.000000000000000000e+00
9.480000000000000000e+02 2.000000000000000000e+00
9.470000000000000000e+02 2.000000000000000000e+00
9.460000000000000000e+02 2.000000000000000000e+00
9.450000000000000000e+02 3.000000000000000000e+00
9.440000000000000000e+02 1.000000000000000000e+00
9.430000000000000000e+02 2.000000000000000000e+00
9.420000000000000000e+02 1.000000000000000000e+00
9.410000000000000000e+02 1.000000000000000000e+00
9.400000000000000000e+02 0.000000000000000000e+00
9.390000000000000000e+02 0.000000000000000000e+00
9.380000000000000000e+02 0.000000000000000000e+00
9.370000000000000000e+02 1.000000000000000000e+00
9.360000000000000000e+02 0.000000000000000000e+00
9.350000000000000000e+02 0.000000000000000000e+00
9.340000000000000000e+02 1.000000000000000000e+00
9.330000000000000000e+02 0.000000000000000000e+00
9.320000000000000000e+02 0.000000000000000000e+00
9.310000000000000000e+02 2.000000000000000000e+00
9.300000000000000000e+02 0.000000000000000000e+00
9.290000000000000000e+02 1.000000000000000000e+00
9.280000000000000000e+02 1.000000000000000000e+00
9.270000000000000000e+02 0.000000000000000000e+00
9.260000000000000000e+02 0.000000000000000000e+00
9.250000000000000000e+02 0.000000000000000000e+00
9.240000000000000000e+02 1.000000000000000000e+00
9.230000000000000000e+02 0.000000000000000000e+00
9.220000000000000000e+02 0.000000000000000000e+00
9.210000000000000000e+02 0.000000000000000000e+00
9.200000000000000000e+02 0.000000000000000000e+00
9.190000000000000000e+02 0.000000000000000000e+00
9.180000000000000000e+02 0.000000000000000000e+00
9.170000000000000000e+02 0.000000000000000000e+00
9.160000000000000000e+02 1.000000000000000000e+00
9.150000000000000000e+02 0.000000000000000000e+00
9.140000000000000000e+02 0.000000000000000000e+00
9.130000000000000000e+02 0.000000000000000000e+00
9.120000000000000000e+02 0.000000000000000000e+00
9.110000000000000000e+02 0.000000000000000000e+00
9.100000000000000000e+02 0.000000000000000000e+00
9.090000000000000000e+02 0.000000000000000000e+00
9.080000000000000000e+02 0.000000000000000000e+00
9.070000000000000000e+02 0.000000000000000000e+00
9.060000000000000000e+02 0.000000000000000000e+00
9.050000000000000000e+02 0.000000000000000000e+00
9.040000000000000000e+02 0.000000000000000000e+00
9.030000000000000000e+02 0.000000000000000000e+00
9.020000000000000000e+02 0.000000000000000000e+00
9.010000000000000000e+02 0.000000000000000000e+00
9.000000000000000000e+02 0.000000000000000000e+00
8.990000000000000000e+02 0.000000000000000000e+00
8.980000000000000000e+02 1.000000000000000000e+00
8.970000000000000000e+02 0.000000000000000000e+00
8.960000000000000000e+02 1.000000000000000000e+00
8.950000000000000000e+02 0.000000000000000000e+00
8.940000000000000000e+02 0.000000000000000000e+00
8.930000000000000000e+02 1.000000000000000000e+00
8.920000000000000000e+02 0.000000000000000000e+00
8.910000000000000000e+02 1.000000000000000000e+00
8.900000000000000000e+02 2.000000000000000000e+00
8.890000000000000000e+02 2.000000000000000000e+00
8.880000000000000000e+02 1.000000000000000000e+00
8.870000000000000000e+02 1.000000000000000000e+00
8.860000000000000000e+02 0.000000000000000000e+00
8.850000000000000000e+02 2.000000000000000000e+00
8.840000000000000000e+02 2.000000000000000000e+00
8.830000000000000000e+02 1.000000000000000000e+00
8.820000000000000000e+02 2.000000000000000000e+00
8.810000000000000000e+02 1.000000000000000000e+00
8.800000000000000000e+02 5.000000000000000000e+00
8.790000000000000000e+02 2.000000000000000000e+00
8.780000000000000000e+02 4.000000000000000000e+00
8.770000000000000000e+02 2.000000000000000000e+00
8.760000000000000000e+02 3.000000000000000000e+00
8.750000000000000000e+02 3.000000000000000000e+00
8.740000000000000000e+02 3.000000000000000000e+00
8.730000000000000000e+02 0.000000000000000000e+00
8.720000000000000000e+02 3.000000000000000000e+00
8.710000000000000000e+02 1.000000000000000000e+00
8.700000000000000000e+02 2.000000000000000000e+00
8.690000000000000000e+02 5.000000000000000000e+00
8.680000000000000000e+02 3.000000000000000000e+00
8.670000000000000000e+02 2.000000000000000000e+00
8.660000000000000000e+02 3.000000000000000000e+00
8.650000000000000000e+02 2.000000000000000000e+00
8.640000000000000000e+02 1.000000000000000000e+00
8.630000000000000000e+02 1.000000000000000000e+00
8.620000000000000000e+02 2.000000000000000000e+00
8.610000000000000000e+02 3.000000000000000000e+00
8.600000000000000000e+02 3.000000000000000000e+00
8.590000000000000000e+02 4.000000000000000000e+00
8.580000000000000000e+02 1.000000000000000000e+00
8.570000000000000000e+02 0.000000000000000000e+00
8.560000000000000000e+02 0.000000000000000000e+00
8.550000000000000000e+02 0.000000000000000000e+00
8.540000000000000000e+02 1.000000000000000000e+00
8.530000000000000000e+02 1.000000000000000000e+00
8.520000000000000000e+02 0.000000000000000000e+00
8.510000000000000000e+02 0.000000000000000000e+00
8.500000000000000000e+02 0.000000000000000000e+00
8.490000000000000000e+02 1.000000000000000000e+00
8.480000000000000000e+02 -1.000000000000000000e+00
8.470000000000000000e+02 -1.000000000000000000e+00
8.460000000000000000e+02 -1.000000000000000000e+00
8.450000000000000000e+02 -1.000000000000000000e+00
8.440000000000000000e+02 -1.000000000000000000e+00
8.430000000000000000e+02 -1.000000000000000000e+00
8.420000000000000000e+02 -1.000000000000000000e+00
8.410000000000000000e+02 -1.000000000000000000e+00
8.400000000000000000e+02 -1.000000000000000000e+00
8.390000000000000000e+02 -1.000000000000000000e+00
8.380000000000000000e+02 -1.000000000000000000e+00
8.370000000000000000e+02 -1.000000000000000000e+00
8.360000000000000000e+02 -1.000000000000000000e+00
8.350000000000000000e+02 -1.000000000000000000e+00
8.340000000000000000e+02 -1.000000000000000000e+00
8.330000000000000000e+02 -1.000000000000000000e+00
8.320000000000000000e+02 -1.000000000000000000e+00
8.310000000000000000e+02 7.400000000000000000e+01
8.300000000000000000e+02 8.400000000000000000e+01
8.290000000000000000e+02 7.500000000000000000e+01
8.280000000000000000e+02 6.200000000000000000e+01
8.270000000000000000e+02 7.800000000000000000e+01
8.260000000000000000e+02 1.310000000000000000e+02
8.250000000000000000e+02 1.220000000000000000e+02
8.240000000000000000e+02 1.310000000000000000e+02
8.230000000000000000e+02 1.600000000000000000e+02
8.220000000000000000e+02 1.710000000000000000e+02
8.210000000000000000e+02 1.900000000000000000e+02
8.200000000000000000e+02 2.790000000000000000e+02
8.190000000000000000e+02 2.280000000000000000e+02
8.180000000000000000e+02 2.680000000000000000e+02
8.170000000000000000e+02 2.700000000000000000e+02
8.160000000000000000e+02 3.020000000000000000e+02
8.150000000000000000e+02 3.690000000000000000e+02
8.140000000000000000e+02 3.380000000000000000e+02
8.130000000000000000e+02 3.570000000000000000e+02
8.120000000000000000e+02 3.180000000000000000e+02
8.110000000000000000e+02 3.660000000000000000e+02
8.100000000000000000e+02 5.170000000000000000e+02
8.090000000000000000e+02 5.370000000000000000e+02
8.080000000000000000e+02 5.810000000000000000e+02
8.070000000000000000e+02 6.610000000000000000e+02
8.060000000000000000e+02 6.540000000000000000e+02
8.050000000000000000e+02 6.980000000000000000e+02
8.040000000000000000e+02 6.490000000000000000e+02
8.030000000000000000e+02 6.690000000000000000e+02
8.020000000000000000e+02 5.970000000000000000e+02
8.010000000000000000e+02 6.160000000000000000e+02
8.000000000000000000e+02 6.150000000000000000e+02
7.990000000000000000e+02 5.520000000000000000e+02
7.980000000000000000e+02 5.350000000000000000e+02
7.970000000000000000e+02 6.330000000000000000e+02
7.960000000000000000e+02 7.420000000000000000e+02
7.950000000000000000e+02 8.680000000000000000e+02
7.940000000000000000e+02 9.560000000000000000e+02
7.930000000000000000e+02 8.730000000000000000e+02
7.920000000000000000e+02 8.620000000000000000e+02
7.910000000000000000e+02 9.170000000000000000e+02
7.900000000000000000e+02 1.013000000000000000e+03
7.890000000000000000e+02 9.330000000000000000e+02
7.880000000000000000e+02 8.560000000000000000e+02
7.870000000000000000e+02 8.360000000000000000e+02
7.860000000000000000e+02 8.230000000000000000e+02
7.850000000000000000e+02 8.800000000000000000e+02
7.840000000000000000e+02 7.020000000000000000e+02
7.830000000000000000e+02 6.500000000000000000e+02
7.820000000000000000e+02 6.130000000000000000e+02
7.810000000000000000e+02 6.490000000000000000e+02
7.800000000000000000e+02 6.140000000000000000e+02
7.790000000000000000e+02 6.700000000000000000e+02
7.780000000000000000e+02 6.180000000000000000e+02
7.770000000000000000e+02 5.970000000000000000e+02
7.760000000000000000e+02 7.020000000000000000e+02
7.750000000000000000e+02 6.600000000000000000e+02
7.740000000000000000e+02 6.790000000000000000e+02
7.730000000000000000e+02 6.770000000000000000e+02
7.720000000000000000e+02 5.310000000000000000e+02
7.710000000000000000e+02 4.350000000000000000e+02
7.700000000000000000e+02 3.930000000000000000e+02
7.690000000000000000e+02 3.700000000000000000e+02
7.680000000000000000e+02 3.380000000000000000e+02
7.670000000000000000e+02 3.240000000000000000e+02
7.660000000000000000e+02 2.470000000000000000e+02
7.650000000000000000e+02 2.180000000000000000e+02
7.640000000000000000e+02 2.150000000000000000e+02
7.630000000000000000e+02 2.210000000000000000e+02
7.620000000000000000e+02 1.810000000000000000e+02
7.610000000000000000e+02 1.950000000000000000e+02
7.600000000000000000e+02 1.860000000000000000e+02
7.590000000000000000e+02 1.390000000000000000e+02
7.580000000000000000e+02 9.000000000000000000e+01
7.570000000000000000e+02 1.000000000000000000e+02
7.560000000000000000e+02 8.800000000000000000e+01
7.550000000000000000e+02 1.000000000000000000e+02
7.540000000000000000e+02 1.170000000000000000e+02
7.530000000000000000e+02 7.800000000000000000e+01
7.520000000000000000e+02 1.120000000000000000e+02
7.510000000000000000e+02 9.800000000000000000e+01
7.500000000000000000e+02 1.190000000000000000e+02
7.490000000000000000e+02 1.210000000000000000e+02
7.480000000000000000e+02 1.420000000000000000e+02
7.470000000000000000e+02 1.630000000000000000e+02
7.460000000000000000e+02 2.060000000000000000e+02
7.450000000000000000e+02 1.710000000000000000e+02
7.440000000000000000e+02 2.200000000000000000e+02
7.430000000000000000e+02 2.760000000000000000e+02
7.420000000000000000e+02 2.910000000000000000e+02
7.410000000000000000e+02 3.380000000000000000e+02
7.400000000000000000e+02 4.230000000000000000e+02
7.390000000000000000e+02 4.060000000000000000e+02
7.380000000000000000e+02 4.190000000000000000e+02
7.370000000000000000e+02 4.380000000000000000e+02
7.360000000000000000e+02 4.180000000000000000e+02
7.350000000000000000e+02 5.770000000000000000e+02
7.340000000000000000e+02 5.640000000000000000e+02
7.330000000000000000e+02 5.480000000000000000e+02
7.320000000000000000e+02 6.190000000000000000e+02
7.310000000000000000e+02 6.350000000000000000e+02
7.300000000000000000e+02 7.050000000000000000e+02
7.290000000000000000e+02 8.580000000000000000e+02
7.280000000000000000e+02 9.870000000000000000e+02
7.270000000000000000e+02 9.010000000000000000e+02
7.260000000000000000e+02 1.069000000000000000e+03
7.250000000000000000e+02 1.028000000000000000e+03
7.240000000000000000e+02 1.005000000000000000e+03
7.230000000000000000e+02 1.049000000000000000e+03
7.220000000000000000e+02 1.095000000000000000e+03
7.210000000000000000e+02 9.380000000000000000e+02
7.200000000000000000e+02 1.066000000000000000e+03
7.190000000000000000e+02 1.098000000000000000e+03
7.180000000000000000e+02 9.920000000000000000e+02
7.170000000000000000e+02 1.127000000000000000e+03
7.160000000000000000e+02 1.012000000000000000e+03
7.150000000000000000e+02 9.130000000000000000e+02
7.140000000000000000e+02 9.350000000000000000e+02
7.130000000000000000e+02 1.067000000000000000e+03
7.120000000000000000e+02 1.001000000000000000e+03
7.110000000000000000e+02 1.082000000000000000e+03
7.100000000000000000e+02 1.323000000000000000e+03
7.090000000000000000e+02 1.346000000000000000e+03
7.080000000000000000e+02 1.338000000000000000e+03
7.070000000000000000e+02 1.166000000000000000e+03
7.060000000000000000e+02 1.161000000000000000e+03
7.050000000000000000e+02 1.137000000000000000e+03
7.040000000000000000e+02 1.199000000000000000e+03
7.030000000000000000e+02 1.058000000000000000e+03
7.020000000000000000e+02 8.980000000000000000e+02
7.010000000000000000e+02 9.040000000000000000e+02
7.000000000000000000e+02 8.920000000000000000e+02
6.990000000000000000e+02 8.510000000000000000e+02
6.980000000000000000e+02 7.170000000000000000e+02
6.970000000000000000e+02 5.710000000000000000e+02
6.960000000000000000e+02 5.480000000000000000e+02
6.950000000000000000e+02 5.170000000000000000e+02
6.940000000000000000e+02 7.050000000000000000e+02
6.930000000000000000e+02 7.180000000000000000e+02
6.920000000000000000e+02 7.810000000000000000e+02
6.910000000000000000e+02 7.120000000000000000e+02
6.900000000000000000e+02 5.750000000000000000e+02
6.890000000000000000e+02 4.930000000000000000e+02
6.880000000000000000e+02 5.130000000000000000e+02
6.870000000000000000e+02 5.540000000000000000e+02
6.860000000000000000e+02 4.540000000000000000e+02
6.850000000000000000e+02 4.520000000000000000e+02
6.840000000000000000e+02 4.580000000000000000e+02
6.830000000000000000e+02 3.760000000000000000e+02
6.820000000000000000e+02 2.580000000000000000e+02
6.810000000000000000e+02 2.250000000000000000e+02
6.800000000000000000e+02 2.310000000000000000e+02
6.790000000000000000e+02 1.650000000000000000e+02
6.780000000000000000e+02 1.860000000000000000e+02
6.770000000000000000e+02 2.110000000000000000e+02
6.760000000000000000e+02 1.500000000000000000e+02
6.750000000000000000e+02 1.540000000000000000e+02
6.740000000000000000e+02 1.930000000000000000e+02
6.730000000000000000e+02 1.740000000000000000e+02
6.720000000000000000e+02 1.860000000000000000e+02
6.710000000000000000e+02 2.040000000000000000e+02
6.700000000000000000e+02 1.870000000000000000e+02
6.690000000000000000e+02 2.440000000000000000e+02
6.680000000000000000e+02 2.560000000000000000e+02
6.670000000000000000e+02 2.480000000000000000e+02
6.660000000000000000e+02 2.770000000000000000e+02
6.650000000000000000e+02 3.510000000000000000e+02
6.640000000000000000e+02 3.330000000000000000e+02
6.630000000000000000e+02 3.380000000000000000e+02
6.620000000000000000e+02 3.340000000000000000e+02
6.610000000000000000e+02 3.220000000000000000e+02
6.600000000000000000e+02 3.060000000000000000e+02
6.590000000000000000e+02 3.640000000000000000e+02
6.580000000000000000e+02 4.490000000000000000e+02
6.570000000000000000e+02 3.970000000000000000e+02
6.560000000000000000e+02 3.470000000000000000e+02
6.550000000000000000e+02 3.650000000000000000e+02
6.540000000000000000e+02 3.990000000000000000e+02
6.530000000000000000e+02 4.000000000000000000e+02
6.520000000000000000e+02 6.070000000000000000e+02
6.510000000000000000e+02 8.630000000000000000e+02
6.500000000000000000e+02 9.730000000000000000e+02
6.490000000000000000e+02 9.050000000000000000e+02
6.480000000000000000e+02 1.017000000000000000e+03
6.470000000000000000e+02 9.820000000000000000e+02
6.460000000000000000e+02 9.370000000000000000e+02
6.450000000000000000e+02 1.052000000000000000e+03
6.440000000000000000e+02 1.188000000000000000e+03
6.430000000000000000e+02 1.401000000000000000e+03
6.420000000000000000e+02 1.413000000000000000e+03
6.410000000000000000e+02 1.255000000000000000e+03
6.400000000000000000e+02 1.174000000000000000e+03
6.390000000000000000e+02 1.202000000000000000e+03
6.380000000000000000e+02 1.065000000000000000e+03
6.370000000000000000e+02 1.067000000000000000e+03
6.360000000000000000e+02 -1.000000000000000000e+00
6.350000000000000000e+02 -1.000000000000000000e+00
6.340000000000000000e+02 -1.000000000000000000e+00
6.330000000000000000e+02 -1.000000000000000000e+00
6.320000000000000000e+02 -1.000000000000000000e+00
6.310000000000000000e+02 -1.000000000000000000e+00
6.300000000000000000e+02 -1.000000000000000000e+00
6.290000000000000000e+02 -1.000000000000000000e+00
6.280000000000000000e+02 -1.000000000000000000e+00
6.270000000000000000e+02 -1.000000000000000000e+00
6.260000000000000000e+02 -1.000000000000000000e+00
6.250000000000000000e+02 -1.000000000000000000e+00
6.240000000000000000e+02 -1.000000000000000000e+00
6.230000000000000000e+02 -1.000000000000000000e+00
6.220000000000000000e+02 -1.000000000000000000e+00
6.210000000000000000e+02 -1.000000000000000000e+00
6.200000000000000000e+02 -1.000000000000000000e+00
6.190000000000000000e+02 1.929000000000000000e+03
6.180000000000000000e+02 1.935000000000000000e+03
6.170000000000000000e+02 1.837000000000000000e+03
6.160000000000000000e+02 1.734000000000000000e+03
6.150000000000000000e+02 1.547000000000000000e+03
6.140000000000000000e+02 1.483000000000000000e+03
6.130000000000000000e+02 1.372000000000000000e+03
6.120000000000000000e+02 1.432000000000000000e+03
6.110000000000000000e+02 1.384000000000000000e+03
6.100000000000000000e+02 1.301000000000000000e+03
6.090000000000000000e+02 1.157000000000000000e+03
6.080000000000000000e+02 1.069000000000000000e+03
6.070000000000000000e+02 9.620000000000000000e+02
6.060000000000000000e+02 9.750000000000000000e+02
6.050000000000000000e+02 1.119000000000000000e+03
6.040000000000000000e+02 1.311000000000000000e+03
6.030000000000000000e+02 1.351000000000000000e+03
6.020000000000000000e+02 1.408000000000000000e+03
6.010000000000000000e+02 1.303000000000000000e+03
6.000000000000000000e+02 1.273000000000000000e+03
5.990000000000000000e+02 1.235000000000000000e+03
5.980000000000000000e+02 1.261000000000000000e+03
5.970000000000000000e+02 1.197000000000000000e+03
5.960000000000000000e+02 1.137000000000000000e+03
5.950000000000000000e+02 1.165000000000000000e+03
5.940000000000000000e+02 1.122000000000000000e+03
5.930000000000000000e+02 1.020000000000000000e+03
5.920000000000000000e+02 8.530000000000000000e+02
5.910000000000000000e+02 8.220000000000000000e+02
5.900000000000000000e+02 7.060000000000000000e+02
5.890000000000000000e+02 7.120000000000000000e+02
5.880000000000000000e+02 5.910000000000000000e+02
5.870000000000000000e+02 6.980000000000000000e+02
5.860000000000000000e+02 5.650000000000000000e+02
5.850000000000000000e+02 5.420000000000000000e+02
5.840000000000000000e+02 4.940000000000000000e+02
5.830000000000000000e+02 5.330000000000000000e+02
5.820000000000000000e+02 5.350000000000000000e+02
5.810000000000000000e+02 5.260000000000000000e+02
5.800000000000000000e+02 5.890000000000000000e+02
5.790000000000000000e+02 6.590000000000000000e+02
5.780000000000000000e+02 6.060000000000000000e+02
5.770000000000000000e+02 4.600000000000000000e+02
5.760000000000000000e+02 4.600000000000000000e+02
5.750000000000000000e+02 5.640000000000000000e+02
5.740000000000000000e+02 8.170000000000000000e+02
5.730000000000000000e+02 1.144000000000000000e+03
5.720000000000000000e+02 1.378000000000000000e+03
5.710000000000000000e+02 1.578000000000000000e+03
5.700000000000000000e+02 2.026000000000000000e+03
5.690000000000000000e+02 2.242000000000000000e+03
5.680000000000000000e+02 2.405000000000000000e+03
5.670000000000000000e+02 2.666000000000000000e+03
5.660000000000000000e+02 3.208000000000000000e+03
5.650000000000000000e+02 3.362000000000000000e+03
5.640000000000000000e+02 3.091000000000000000e+03
5.630000000000000000e+02 3.128000000000000000e+03
5.620000000000000000e+02 2.910000000000000000e+03
5.610000000000000000e+02 2.950000000000000000e+03
5.600000000000000000e+02 2.872000000000000000e+03
5.590000000000000000e+02 2.706000000000000000e+03
5.580000000000000000e+02 2.625000000000000000e+03
5.570000000000000000e+02 2.258000000000000000e+03
5.560000000000000000e+02 2.208000000000000000e+03
5.550000000000000000e+02 2.155000000000000000e+03
5.540000000000000000e+02 1.693000000000000000e+03
5.530000000000000000e+02 1.528000000000000000e+03
5.520000000000000000e+02 1.486000000000000000e+03
5.510000000000000000e+02 1.357000000000000000e+03
5.500000000000000000e+02 1.408000000000000000e+03
5.490000000000000000e+02 1.330000000000000000e+03
5.480000000000000000e+02 1.418000000000000000e+03
5.470000000000000000e+02 1.297000000000000000e+03
5.460000000000000000e+02 1.278000000000000000e+03
5.450000000000000000e+02 1.244000000000000000e+03
5.440000000000000000e+02 1.070000000000000000e+03
5.430000000000000000e+02 1.091000000000000000e+03
5.420000000000000000e+02 1.039000000000000000e+03
5.410000000000000000e+02 1.006000000000000000e+03
5.400000000000000000e+02 1.020000000000000000e+03
5.390000000000000000e+02 9.270000000000000000e+02
5.380000000000000000e+02 8.370000000000000000e+02
5.370000000000000000e+02 9.400000000000000000e+02
5.360000000000000000e+02 9.130000000000000000e+02
5.350000000000000000e+02 1.055000000000000000e+03
5.340000000000000000e+02 1.035000000000000000e+03
5.330000000000000000e+02 1.116000000000000000e+03
5.320000000000000000e+02 1.115000000000000000e+03
5.310000000000000000e+02 1.039000000000000000e+03
5.300000000000000000e+02 1.108000000000000000e+03
5.290000000000000000e+02 1.077000000000000000e+03
5.280000000000000000e+02 1.261000000000000000e+03
5.270000000000000000e+02 1.392000000000000000e+03
5.260000000000000000e+02 1.419000000000000000e+03
5.250000000000000000e+02 1.695000000000000000e+03
5.240000000000000000e+02 2.075000000000000000e+03
5.230000000000000000e+02 2.333000000000000000e+03
5.220000000000000000e+02 2.544000000000000000e+03
5.210000000000000000e+02 2.755000000000000000e+03
5.200000000000000000e+02 3.248000000000000000e+03
5.190000000000000000e+02 3.428000000000000000e+03
5.180000000000000000e+02 3.440000000000000000e+03
5.170000000000000000e+02 3.896000000000000000e+03
5.160000000000000000e+02 4.225000000000000000e+03
5.150000000000000000e+02 4.347000000000000000e+03
5.140000000000000000e+02 4.832000000000000000e+03
5.130000000000000000e+02 5.278000000000000000e+03
5.120000000000000000e+02 4.962000000000000000e+03
5.110000000000000000e+02 5.247000000000000000e+03
5.100000000000000000e+02 5.813000000000000000e+03
5.090000000000000000e+02 5.887000000000000000e+03
5.080000000000000000e+02 6.768000000000000000e+03
5.070000000000000000e+02 7.090000000000000000e+03
5.060000000000000000e+02 7.839000000000000000e+03
5.050000000000000000e+02 8.815000000000000000e+03
5.040000000000000000e+02 9.274000000000000000e+03
5.030000000000000000e+02 9.990000000000000000e+03
5.020000000000000000e+02 1.089300000000000000e+04
5.010000000000000000e+02 1.057900000000000000e+04
5.000000000000000000e+02 1.053700000000000000e+04
4.990000000000000000e+02 1.101300000000000000e+04
4.980000000000000000e+02 1.117300000000000000e+04
4.970000000000000000e+02 1.108000000000000000e+04
4.960000000000000000e+02 1.177500000000000000e+04
4.950000000000000000e+02 1.122800000000000000e+04
4.940000000000000000e+02 1.087800000000000000e+04
4.930000000000000000e+02 1.077700000000000000e+04
4.920000000000000000e+02 1.004800000000000000e+04
4.910000000000000000e+02 9.564000000000000000e+03
4.900000000000000000e+02 9.418000000000000000e+03
4.890000000000000000e+02 9.106000000000000000e+03
4.880000000000000000e+02 8.496000000000000000e+03
4.870000000000000000e+02 9.413000000000000000e+03
4.860000000000000000e+02 9.733000000000000000e+03
4.850000000000000000e+02 9.420000000000000000e+03
4.840000000000000000e+02 9.445000000000000000e+03
4.830000000000000000e+02 9.494000000000000000e+03
4.820000000000000000e+02 7.907000000000000000e+03
4.810000000000000000e+02 7.236000000000000000e+03
4.800000000000000000e+02 7.294000000000000000e+03
4.790000000000000000e+02 6.797000000000000000e+03
4.780000000000000000e+02 6.558000000000000000e+03
4.770000000000000000e+02 6.892000000000000000e+03
4.760000000000000000e+02 6.984000000000000000e+03
4.750000000000000000e+02 6.712000000000000000e+03
4.740000000000000000e+02 7.116000000000000000e+03
4.730000000000000000e+02 7.523000000000000000e+03
4.720000000000000000e+02 7.408000000000000000e+03
4.710000000000000000e+02 7.112000000000000000e+03
4.700000000000000000e+02 6.552000000000000000e+03
4.690000000000000000e+02 4.970000000000000000e+03
4.680000000000000000e+02 4.629000000000000000e+03
4.670000000000000000e+02 4.519000000000000000e+03
4.660000000000000000e+02 4.474000000000000000e+03
4.650000000000000000e+02 4.530000000000000000e+03
4.640000000000000000e+02 4.621000000000000000e+03
4.630000000000000000e+02 4.817000000000000000e+03
4.620000000000000000e+02 4.690000000000000000e+03
4.610000000000000000e+02 4.082000000000000000e+03
4.600000000000000000e+02 3.869000000000000000e+03
4.590000000000000000e+02 3.570000000000000000e+03
4.580000000000000000e+02 2.991000000000000000e+03
4.570000000000000000e+02 2.804000000000000000e+03
4.560000000000000000e+02 2.635000000000000000e+03
4.550000000000000000e+02 2.299000000000000000e+03
4.540000000000000000e+02 2.513000000000000000e+03
4.530000000000000000e+02 3.017000000000000000e+03
4.520000000000000000e+02 3.504000000000000000e+03
4.510000000000000000e+02 3.849000000000000000e+03
4.500000000000000000e+02 4.559000000000000000e+03
4.490000000000000000e+02 5.193000000000000000e+03
4.480000000000000000e+02 5.661000000000000000e+03
4.470000000000000000e+02 5.653000000000000000e+03
4.460000000000000000e+02 5.579000000000000000e+03
4.450000000000000000e+02 5.674000000000000000e+03
4.440000000000000000e+02 5.317000000000000000e+03
4.430000000000000000e+02 4.711000000000000000e+03
4.420000000000000000e+02 4.429000000000000000e+03
4.410000000000000000e+02 4.418000000000000000e+03
4.400000000000000000e+02 4.329000000000000000e+03
4.390000000000000000e+02 4.290000000000000000e+03
4.380000000000000000e+02 4.535000000000000000e+03
4.370000000000000000e+02 5.372000000000000000e+03
4.360000000000000000e+02 5.988000000000000000e+03
4.350000000000000000e+02 6.333000000000000000e+03
4.340000000000000000e+02 6.324000000000000000e+03
4.330000000000000000e+02 5.654000000000000000e+03
4.320000000000000000e+02 4.540000000000000000e+03
4.310000000000000000e+02 3.522000000000000000e+03
4.300000000000000000e+02 2.899000000000000000e+03
4.290000000000000000e+02 2.436000000000000000e+03
4.280000000000000000e+02 2.180000000000000000e+03
4.270000000000000000e+02 2.631000000000000000e+03
4.260000000000000000e+02 3.799000000000000000e+03
4.250000000000000000e+02 6.722000000000000000e+03
4.240000000000000000e+02 -1.000000000000000000e+00
4.230000000000000000e+02 -1.000000000000000000e+00
4.220000000000000000e+02 -1.000000000000000000e+00
4.210000000000000000e+02 -1.000000000000000000e+00
4.200000000000000000e+02 -1.000000000000000000e+00
4.190000000000000000e+02 -1.000000000000000000e+00
4.180000000000000000e+02 -1.000000000000000000e+00
4.170000000000000000e+02 -1.000000000000000000e+00
4.160000000000000000e+02 -1.000000000000000000e+00
4.150000000000000000e+02 -1.000000000000000000e+00
4.140000000000000000e+02 -1.000000000000000000e+00
4.130000000000000000e+02 -1.000000000000000000e+00
4.120000000000000000e+02 -1.000000000000000000e+00
4.110000000000000000e+02 -1.000000000000000000e+00
4.100000000000000000e+02 -1.000000000000000000e+00
4.090000000000000000e+02 -1.000000000000000000e+00
4.080000000000000000e+02 -1.000000000000000000e+00
4.070000000000000000e+02 2.013900000000000000e+04
4.060000000000000000e+02 2.227400000000000000e+04
4.050000000000000000e+02 2.212800000000000000e+04
4.040000000000000000e+02 2.177200000000000000e+04
4.030000000000000000e+02 2.106700000000000000e+04
4.020000000000000000e+02 2.003100000000000000e+04
4.010000000000000000e+02 1.969100000000000000e+04
4.000000000000000000e+02 1.858400000000000000e+04
3.990000000000000000e+02 1.570800000000000000e+04
3.980000000000000000e+02 1.341300000000000000e+04
3.970000000000000000e+02 1.125600000000000000e+04
3.960000000000000000e+02 9.886000000000000000e+03
3.950000000000000000e+02 9.271000000000000000e+03
3.940000000000000000e+02 8.628000000000000000e+03
3.930000000000000000e+02 7.656000000000000000e+03
3.920000000000000000e+02 6.356000000000000000e+03
3.910000000000000000e+02 5.012000000000000000e+03
3.900000000000000000e+02 3.112000000000000000e+03
3.890000000000000000e+02 2.184000000000000000e+03
3.880000000000000000e+02 2.114000000000000000e+03
3.870000000000000000e+02 2.029000000000000000e+03
3.860000000000000000e+02 1.733000000000000000e+03
3.850000000000000000e+02 1.724000000000000000e+03
3.840000000000000000e+02 1.933000000000000000e+03
3.830000000000000000e+02 2.525000000000000000e+03
3.820000000000000000e+02 3.420000000000000000e+03
3.810000000000000000e+02 4.456000000000000000e+03
3.800000000000000000e+02 5.614000000000000000e+03
3.790000000000000000e+02 7.200000000000000000e+03
3.780000000000000000e+02 8.696000000000000000e+03
3.770000000000000000e+02 9.928000000000000000e+03
3.760000000000000000e+02 1.098200000000000000e+04
3.750000000000000000e+02 1.200000000000000000e+04
3.740000000000000000e+02 1.314000000000000000e+04
3.730000000000000000e+02 1.458500000000000000e+04
3.720000000000000000e+02 1.675200000000000000e+04
3.710000000000000000e+02 1.785700000000000000e+04
3.700000000000000000e+02 1.849000000000000000e+04
3.690000000000000000e+02 1.952100000000000000e+04
3.680000000000000000e+02 1.925800000000000000e+04
3.670000000000000000e+02 1.882900000000000000e+04
3.660000000000000000e+02 1.754400000000000000e+04
3.650000000000000000e+02 1.658000000000000000e+04
3.640000000000000000e+02 1.583900000000000000e+04
3.630000000000000000e+02 1.519200000000000000e+04
3.620000000000000000e+02 1.423000000000000000e+04
3.610000000000000000e+02 1.332000000000000000e+04
3.600000000000000000e+02 1.253900000000000000e+04
3.590000000000000000e+02 1.227700000000000000e+04
3.580000000000000000e+02 1.265200000000000000e+04
3.570000000000000000e+02 1.352100000000000000e+04
3.560000000000000000e+02 1.475000000000000000e+04
3.550000000000000000e+02 1.598400000000000000e+04
3.540000000000000000e+02 1.690400000000000000e+04
3.530000000000000000e+02 1.780500000000000000e+04
3.520000000000000000e+02 1.852800000000000000e+04
3.510000000000000000e+02 1.901300000000000000e+04
3.500000000000000000e+02 1.910600000000000000e+04
3.490000000000000000e+02 1.886900000000000000e+04
3.480000000000000000e+02 1.819900000000000000e+04
3.470000000000000000e+02 1.719700000000000000e+04
3.460000000000000000e+02 1.677600000000000000e+04
3.450000000000000000e+02 1.553100000000000000e+04
3.440000000000000000e+02 1.455700000000000000e+04
3.430000000000000000e+02 1.402600000000000000e+04
3.420000000000000000e+02 1.353200000000000000e+04
3.410000000000000000e+02 1.280900000000000000e+04
3.400000000000000000e+02 1.240200000000000000e+04
3.390000000000000000e+02 1.193200000000000000e+04
3.380000000000000000e+02 1.143300000000000000e+04
3.370000000000000000e+02 1.106300000000000000e+04
3.360000000000000000e+02 1.079000000000000000e+04
3.350000000000000000e+02 1.034400000000000000e+04
3.340000000000000000e+02 1.019400000000000000e+04
3.330000000000000000e+02 9.915000000000000000e+03
3.320000000000000000e+02 9.678000000000000000e+03
3.310000000000000000e+02 9.503000000000000000e+03
3.300000000000000000e+02 9.391000000000000000e+03
3.290000000000000000e+02 9.264000000000000000e+03
3.280000000000000000e+02 9.035000000000000000e+03
3.270000000000000000e+02 9.003000000000000000e+03
3.260000000000000000e+02 8.876000000000000000e+03
3.250000000000000000e+02 8.685000000000000000e+03
3.240000000000000000e+02 8.361000000000000000e+03
3.230000000000000000e+02 8.268000000000000000e+03
3.220000000000000000e+02 7.804000000000000000e+03
3.210000000000000000e+02 7.847000000000000000e+03
3.200000000000000000e+02 7.533000000000000000e+03
3.190000000000000000e+02 7.241000000000000000e+03
3.180000000000000000e+02 7.054000000000000000e+03
3.170000000000000000e+02 6.813000000000000000e+03
3.160000000000000000e+02 6.659000000000000000e+03
3.150000000000000000e+02 6.528000000000000000e+03
3.140000000000000000e+02 6.163000000000000000e+03
3.130000000000000000e+02 6.003000000000000000e+03
3.120000000000000000e+02 5.901000000000000000e+03
3.110000000000000000e+02 4.873000000000000000e+03
3.100000000000000000e+02 4.710000000000000000e+03
3.090000000000000000e+02 4.550000000000000000e+03
3.080000000000000000e+02 5.073000000000000000e+03
3.070000000000000000e+02 4.735000000000000000e+03
3.060000000000000000e+02 4.655000000000000000e+03
3.050000000000000000e+02 4.386000000000000000e+03
3.040000000000000000e+02 4.088000000000000000e+03
3.030000000000000000e+02 3.969000000000000000e+03
3.020000000000000000e+02 3.915000000000000000e+03
3.010000000000000000e+02 3.644000000000000000e+03
3.000000000000000000e+02 3.376000000000000000e+03
2.990000000000000000e+02 3.148000000000000000e+03
2.980000000000000000e+02 2.942000000000000000e+03
2.970000000000000000e+02 2.771000000000000000e+03
2.960000000000000000e+02 2.447000000000000000e+03
2.950000000000000000e+02 2.376000000000000000e+03
2.940000000000000000e+02 2.132000000000000000e+03
2.930000000000000000e+02 1.933000000000000000e+03
2.920000000000000000e+02 1.767000000000000000e+03
2.910000000000000000e+02 1.478000000000000000e+03
2.900000000000000000e+02 1.366000000000000000e+03
2.890000000000000000e+02 1.214000000000000000e+03
2.880000000000000000e+02 1.053000000000000000e+03
2.870000000000000000e+02 8.830000000000000000e+02
2.860000000000000000e+02 7.200000000000000000e+02
2.850000000000000000e+02 6.600000000000000000e+02
2.840000000000000000e+02 5.230000000000000000e+02
2.830000000000000000e+02 4.180000000000000000e+02
2.820000000000000000e+02 2.970000000000000000e+02
2.810000000000000000e+02 2.080000000000000000e+02
2.800000000000000000e+02 1.510000000000000000e+02
2.790000000000000000e+02 1.270000000000000000e+02
2.780000000000000000e+02 1.150000000000000000e+02
2.770000000000000000e+02 1.140000000000000000e+02
2.760000000000000000e+02 1.070000000000000000e+02
2.750000000000000000e+02 1.190000000000000000e+02
2.740000000000000000e+02 1.180000000000000000e+02
2.730000000000000000e+02 1.180000000000000000e+02
2.720000000000000000e+02 1.250000000000000000e+02
2.710000000000000000e+02 1.260000000000000000e+02
2.700000000000000000e+02 1.340000000000000000e+02
2.690000000000000000e+02 1.390000000000000000e+02
2.680000000000000000e+02 1.620000000000000000e+02
2.670000000000000000e+02 1.690000000000000000e+02
2.660000000000000000e+02 1.670000000000000000e+02
2.650000000000000000e+02 1.750000000000000000e+02
2.640000000000000000e+02 1.960000000000000000e+02
2.630000000000000000e+02 1.580000000000000000e+02
2.620000000000000000e+02 2.170000000000000000e+02
2.610000000000000000e+02 2.050000000000000000e+02
2.600000000000000000e+02 2.400000000000000000e+02
2.590000000000000000e+02 2.470000000000000000e+02
2.580000000000000000e+02 2.570000000000000000e+02
2.570000000000000000e+02 2.390000000000000000e+02
2.560000000000000000e+02 2.650000000000000000e+02
2.550000000000000000e+02 2.920000000000000000e+02
2.540000000000000000e+02 3.290000000000000000e+02
2.530000000000000000e+02 3.200000000000000000e+02
2.520000000000000000e+02 3.800000000000000000e+02
2.510000000000000000e+02 3.760000000000000000e+02
2.500000000000000000e+02 4.050000000000000000e+02
2.490000000000000000e+02 4.210000000000000000e+02
2.480000000000000000e+02 4.700000000000000000e+02
2.470000000000000000e+02 4.460000000000000000e+02
2.460000000000000000e+02 4.820000000000000000e+02
2.450000000000000000e+02 5.170000000000000000e+02
2.440000000000000000e+02 5.360000000000000000e+02
2.430000000000000000e+02 6.130000000000000000e+02
2.420000000000000000e+02 7.010000000000000000e+02
2.410000000000000000e+02 7.640000000000000000e+02
2.400000000000000000e+02 9.190000000000000000e+02
2.390000000000000000e+02 1.058000000000000000e+03
2.380000000000000000e+02 1.223000000000000000e+03
2.370000000000000000e+02 1.311000000000000000e+03
2.360000000000000000e+02 1.393000000000000000e+03
2.350000000000000000e+02 1.508000000000000000e+03
2.340000000000000000e+02 1.523000000000000000e+03
2.330000000000000000e+02 1.663000000000000000e+03
2.320000000000000000e+02 1.739000000000000000e+03
2.310000000000000000e+02 1.787000000000000000e+03
2.300000000000000000e+02 1.818000000000000000e+03
2.290000000000000000e+02 1.899000000000000000e+03
2.280000000000000000e+02 2.015000000000000000e+03
2.270000000000000000e+02 2.074000000000000000e+03
2.260000000000000000e+02 2.094000000000000000e+03
2.250000000000000000e+02 2.146000000000000000e+03
2.240000000000000000e+02 2.202000000000000000e+03
2.230000000000000000e+02 2.190000000000000000e+03
2.220000000000000000e+02 2.096000000000000000e+03
2.210000000000000000e+02 2.060000000000000000e+03
2.200000000000000000e+02 1.835000000000000000e+03
2.190000000000000000e+02 1.867000000000000000e+03
2.180000000000000000e+02 1.822000000000000000e+03
2.170000000000000000e+02 1.680000000000000000e+03
2.160000000000000000e+02 1.641000000000000000e+03
2.150000000000000000e+02 1.451000000000000000e+03
2.140000000000000000e+02 1.340000000000000000e+03
2.130000000000000000e+02 1.178000000000000000e+03
2.120000000000000000e+02 -1.000000000000000000e+00
2.110000000000000000e+02 -1.000000000000000000e+00
2.100000000000000000e+02 -1.000000000000000000e+00
2.090000000000000000e+02 -1.000000000000000000e+00
2.080000000000000000e+02 -1.000000000000000000e+00
2.070000000000000000e+02 -1.000000000000000000e+00
2.060000000000000000e+02 -1.000000000000000000e+00
2.050000000000000000e+02 -1.000000000000000000e+00
2.040000000000000000e+02 -1.000000000000000000e+00
2.030000000000000000e+02 -1.000000000000000000e+00
2.020000000000000000e+02 -1.000000000000000000e+00
2.010000000000000000e+02 -1.000000000000000000e+00
2.000000000000000000e+02 -1.000000000000000000e+00
1.990000000000000000e+02 -1.000000000000000000e+00
1.980000000000000000e+02 -1.000000000000000000e+00
1.970000000000000000e+02 -1.000000000000000000e+00
1.960000000000000000e+02 -1.000000000000000000e+00
1.950000000000000000e+02 1.560000000000000000e+03
1.940000000000000000e+02 1.570000000000000000e+03
1.930000000000000000e+02 1.592000000000000000e+03
1.920000000000000000e+02 1.536000000000000000e+03
1.910000000000000000e+02 1.532000000000000000e+03
1.900000000000000000e+02 1.439000000000000000e+03
1.890000000000000000e+02 1.559000000000000000e+03
1.880000000000000000e+02 1.528000000000000000e+03
1.870000000000000000e+02 1.599000000000000000e+03
1.860000000000000000e+02 1.598000000000000000e+03
1.850000000000000000e+02 1.586000000000000000e+03
1.840000000000000000e+02 1.653000000000000000e+03
1.830000000000000000e+02 1.620000000000000000e+03
1.820000000000000000e+02 1.660000000000000000e+03
1.810000000000000000e+02 1.596000000000000000e+03
1.800000000000000000e+02 1.682000000000000000e+03
1.790000000000000000e+02 2.004000000000000000e+03
1.780000000000000000e+02 2.588000000000000000e+03
1.770000000000000000e+02 3.014000000000000000e+03
1.760000000000000000e+02 3.029000000000000000e+03
1.750000000000000000e+02 3.054000000000000000e+03
1.740000000000000000e+02 2.980000000000000000e+03
1.730000000000000000e+02 3.012000000000000000e+03
1.720000000000000000e+02 3.008000000000000000e+03
1.710000000000000000e+02 2.927000000000000000e+03
1.700000000000000000e+02 2.711000000000000000e+03
1.690000000000000000e+02 2.522000000000000000e+03
1.680000000000000000e+02 2.323000000000000000e+03
1.670000000000000000e+02 2.359000000000000000e+03
1.660000000000000000e+02 2.314000000000000000e+03
1.650000000000000000e+02 2.341000000000000000e+03
1.640000000000000000e+02 2.312000000000000000e+03
1.630000000000000000e+02 2.510000000000000000e+03
1.620000000000000000e+02 2.524000000000000000e+03
1.610000000000000000e+02 2.449000000000000000e+03
1.600000000000000000e+02 2.475000000000000000e+03
1.590000000000000000e+02 2.615000000000000000e+03
1.580000000000000000e+02 2.818000000000000000e+03
1.570000000000000000e+02 3.090000000000000000e+03
1.560000000000000000e+02 3.446000000000000000e+03
1.550000000000000000e+02 3.572000000000000000e+03
1.540000000000000000e+02 3.942000000000000000e+03
1.530000000000000000e+02 4.027000000000000000e+03
1.520000000000000000e+02 3.840000000000000000e+03
1.510000000000000000e+02 3.500000000000000000e+03
1.500000000000000000e+02 3.510000000000000000e+03
1.490000000000000000e+02 3.494000000000000000e+03
1.480000000000000000e+02 3.196000000000000000e+03
1.470000000000000000e+02 2.934000000000000000e+03
1.460000000000000000e+02 2.978000000000000000e+03
1.450000000000000000e+02 2.962000000000000000e+03
1.440000000000000000e+02 3.017000000000000000e+03
1.430000000000000000e+02 3.083000000000000000e+03
1.420000000000000000e+02 3.246000000000000000e+03
1.410000000000000000e+02 3.145000000000000000e+03
1.400000000000000000e+02 2.993000000000000000e+03
1.390000000000000000e+02 2.903000000000000000e+03
1.380000000000000000e+02 2.818000000000000000e+03
1.370000000000000000e+02 2.742000000000000000e+03
1.360000000000000000e+02 2.761000000000000000e+03
1.350000000000000000e+02 2.955000000000000000e+03
1.340000000000000000e+02 2.893000000000000000e+03
1.330000000000000000e+02 2.838000000000000000e+03
1.320000000000000000e+02 2.778000000000000000e+03
1.310000000000000000e+02 2.691000000000000000e+03
1.300000000000000000e+02 2.892000000000000000e+03
1.290000000000000000e+02 2.797000000000000000e+03
1.280000000000000000e+02 2.816000000000000000e+03
1.270000000000000000e+02 3.239000000000000000e+03
1.260000000000000000e+02 3.833000000000000000e+03
1.250000000000000000e+02 4.269000000000000000e+03
1.240000000000000000e+02 4.839000000000000000e+03
1.230000000000000000e+02 4.816000000000000000e+03
1.220000000000000000e+02 4.331000000000000000e+03
1.210000000000000000e+02 4.674000000000000000e+03
1.200000000000000000e+02 4.732000000000000000e+03
1.190000000000000000e+02 4.525000000000000000e+03
1.180000000000000000e+02 3.939000000000000000e+03
1.170000000000000000e+02 3.538000000000000000e+03
1.160000000000000000e+02 3.329000000000000000e+03
1.150000000000000000e+02 3.381000000000000000e+03
1.140000000000000000e+02 3.717000000000000000e+03
1.130000000000000000e+02 3.925000000000000000e+03
1.120000000000000000e+02 4.320000000000000000e+03
1.110000000000000000e+02 4.487000000000000000e+03
1.100000000000000000e+02 4.550000000000000000e+03
1.090000000000000000e+02 4.158000000000000000e+03
1.080000000000000000e+02 3.508000000000000000e+03
1.070000000000000000e+02 3.155000000000000000e+03
1.060000000000000000e+02 2.545000000000000000e+03
1.050000000000000000e+02 2.267000000000000000e+03
1.040000000000000000e+02 2.115000000000000000e+03
1.030000000000000000e+02 2.007000000000000000e+03
1.020000000000000000e+02 1.724000000000000000e+03
1.010000000000000000e+02 1.679000000000000000e+03
1.000000000000000000e+02 1.730000000000000000e+03
9.900000000000000000e+01 1.658000000000000000e+03
9.800000000000000000e+01 1.639000000000000000e+03
9.700000000000000000e+01 1.618000000000000000e+03
9.600000000000000000e+01 1.534000000000000000e+03
9.500000000000000000e+01 1.811000000000000000e+03
9.400000000000000000e+01 1.632000000000000000e+03
9.300000000000000000e+01 1.497000000000000000e+03
9.200000000000000000e+01 1.395000000000000000e+03
9.100000000000000000e+01 1.321000000000000000e+03
9.000000000000000000e+01 1.258000000000000000e+03
8.900000000000000000e+01 1.246000000000000000e+03
8.800000000000000000e+01 1.355000000000000000e+03
8.700000000000000000e+01 1.833000000000000000e+03
8.600000000000000000e+01 2.286000000000000000e+03
8.500000000000000000e+01 1.774000000000000000e+03
8.400000000000000000e+01 1.617000000000000000e+03
8.300000000000000000e+01 1.268000000000000000e+03
8.200000000000000000e+01 1.000000000000000000e+03
8.100000000000000000e+01 9.070000000000000000e+02
8.000000000000000000e+01 8.260000000000000000e+02
7.900000000000000000e+01 1.051000000000000000e+03
7.800000000000000000e+01 1.288000000000000000e+03
7.700000000000000000e+01 1.285000000000000000e+03
7.600000000000000000e+01 1.460000000000000000e+03
7.500000000000000000e+01 1.264000000000000000e+03
7.400000000000000000e+01 1.058000000000000000e+03
7.300000000000000000e+01 1.016000000000000000e+03
7.200000000000000000e+01 7.030000000000000000e+02
7.100000000000000000e+01 5.220000000000000000e+02
7.000000000000000000e+01 4.340000000000000000e+02
6.900000000000000000e+01 3.100000000000000000e+02
6.800000000000000000e+01 3.200000000000000000e+02
6.700000000000000000e+01 2.640000000000000000e+02
6.600000000000000000e+01 2.510000000000000000e+02
6.500000000000000000e+01 2.810000000000000000e+02
6.400000000000000000e+01 2.050000000000000000e+02
6.300000000000000000e+01 2.410000000000000000e+02
6.200000000000000000e+01 2.300000000000000000e+02
6.100000000000000000e+01 1.850000000000000000e+02
6.000000000000000000e+01 1.470000000000000000e+02
5.900000000000000000e+01 1.290000000000000000e+02
5.800000000000000000e+01 1.330000000000000000e+02
5.700000000000000000e+01 8.900000000000000000e+01
5.600000000000000000e+01 1.090000000000000000e+02
5.500000000000000000e+01 1.050000000000000000e+02
5.400000000000000000e+01 7.800000000000000000e+01
5.300000000000000000e+01 7.100000000000000000e+01
5.200000000000000000e+01 6.700000000000000000e+01
5.100000000000000000e+01 5.200000000000000000e+01
5.000000000000000000e+01 4.400000000000000000e+01
4.900000000000000000e+01 4.400000000000000000e+01
4.800000000000000000e+01 6.200000000000000000e+01
4.700000000000000000e+01 5.000000000000000000e+01
4.600000000000000000e+01 8.300000000000000000e+01
4.500000000000000000e+01 1.100000000000000000e+02
4.400000000000000000e+01 1.830000000000000000e+02
4.300000000000000000e+01 1.430000000000000000e+02
4.200000000000000000e+01 1.990000000000000000e+02
4.100000000000000000e+01 1.260000000000000000e+02
4.000000000000000000e+01 1.090000000000000000e+02
3.900000000000000000e+01 9.300000000000000000e+01
3.800000000000000000e+01 9.500000000000000000e+01
3.700000000000000000e+01 1.020000000000000000e+02
3.600000000000000000e+01 1.510000000000000000e+02
3.500000000000000000e+01 1.530000000000000000e+02
3.400000000000000000e+01 1.150000000000000000e+02
3.300000000000000000e+01 1.010000000000000000e+02
3.200000000000000000e+01 1.030000000000000000e+02
3.100000000000000000e+01 1.230000000000000000e+02
3.000000000000000000e+01 1.410000000000000000e+02
2.900000000000000000e+01 1.150000000000000000e+02
2.800000000000000000e+01 1.380000000000000000e+02
2.700000000000000000e+01 1.240000000000000000e+02
2.600000000000000000e+01 1.510000000000000000e+02
2.500000000000000000e+01 1.190000000000000000e+02
2.400000000000000000e+01 1.390000000000000000e+02
2.300000000000000000e+01 1.120000000000000000e+02
2.200000000000000000e+01 1.280000000000000000e+02
2.100000000000000000e+01 1.150000000000000000e+02
2.000000000000000000e+01 1.310000000000000000e+02
1.900000000000000000e+01 1.590000000000000000e+02
1.800000000000000000e+01 2.220000000000000000e+02
1.700000000000000000e+01 2.980000000000000000e+02
1.600000000000000000e+01 3.450000000000000000e+02
1.500000000000000000e+01 3.440000000000000000e+02
1.400000000000000000e+01 3.490000000000000000e+02
1.300000000000000000e+01 2.790000000000000000e+02
1.200000000000000000e+01 3.150000000000000000e+02
1.100000000000000000e+01 4.520000000000000000e+02
1.000000000000000000e+01 5.420000000000000000e+02
9.000000000000000000e+00 4.440000000000000000e+02
8.000000000000000000e+00 4.640000000000000000e+02
7.000000000000000000e+00 4.720000000000000000e+02
6.000000000000000000e+00 3.980000000000000000e+02
5.000000000000000000e+00 2.760000000000000000e+02
4.000000000000000000e+00 1.980000000000000000e+02
3.000000000000000000e+00 1.300000000000000000e+02
2.000000000000000000e+00 9.900000000000000000e+01
1.000000000000000000e+00 1.300000000000000000e+02
