1.043000000000000000e+03 0.000000000000000000e+00
1.042000000000000000e+03 0.000000000000000000e+00
1.041000000000000000e+03 0.000000000000000000e+00
1.040000000000000000e+03 0.000000000000000000e+00
1.039000000000000000e+03 0.000000000000000000e+00
1.038000000000000000e+03 0.000000000000000000e+00
1.037000000000000000e+03 0.000000000000000000e+00
1.036000000000000000e+03 0.000000000000000000e+00
1.035000000000000000e+03 0.000000000000000000e+00
1.034000000000000000e+03 0.000000000000000000e+00
1.033000000000000000e+03 0.000000000000000000e+00
1.032000000000000000e+03 0.000000000000000000e+00
1.031000000000000000e+03 0.000000000000000000e+00
1.030000000000000000e+03 0.000000000000000000e+00
1.029000000000000000e+03 0.000000000000000000e+00
1.028000000000000000e+03 0.000000000000000000e+00
1.027000000000000000e+03 0.000000000000000000e+00
1.026000000000000000e+03 0.000000000000000000e+00
1.025000000000000000e+03 0.000000000000000000e+00
1.024000000000000000e+03 0.000000000000000000e+00
1.023000000000000000e+03 0.000000000000000000e+00
1.022000000000000000e+03 0.000000000000000000e+00
1.021000000000000000e+03 0.000000000000000000e+00
1.020000000000000000e+03 0.000000000000000000e+00
1.019000000000000000e+03 0.000000000000000000e+00
1.018000000000000000e+03 0.000000000000000000e+00
1.017000000000000000e+03 0.000000000000000000e+00
1.016000000000000000e+03 0.000000000000000000e+00
1.015000000000000000e+03 0.000000000000000000e+00
1.014000000000000000e+03 0.000000000000000000e+00
1.013000000000000000e+03 0.000000000000000000e+00
1.012000000000000000e+03 0.000000000000000000e+00
1.011000000000000000e+03 0.000000000000000000e+00
1.010000000000000000e+03 0.000000000000000000e+00
1.009000000000000000e+03 0.000000000000000000e+00
1.008000000000000000e+03 0.000000000000000000e+00
1.007000000000000000e+03 0.000000000000000000e+00
1.006000000000000000e+03 0.000000000000000000e+00
1.005000000000000000e+03 0.000000000000000000e+00
1.004000000000000000e+03 0.000000000000000000e+00
1.003000000000000000e+03 0.000000000000000000e+00
1.002000000000000000e+03 0.000000000000000000e+00
1.001000000000000000e+03 0.000000000000000000e+00
1.000000000000000000e+03 0.000000000000000000e+00
9.990000000000000000e+02 0.000000000000000000e+00
9.980000000000000000e+02 0.000000000000000000e+00
9.970000000000000000e+02 0.000000000000000000e+00
9.960000000000000000e+02 0.000000000000000000e+00
9.950000000000000000e+02 0.000000000000000000e+00
9.940000000000000000e+02 0.000000000000000000e+00
9.930000000000000000e+02 0.000000000000000000e+00
9.920000000000000000e+02 0.000000000000000000e+00
9.910000000000000000e+02 0.000000000000000000e+00
9.900000000000000000e+02 0.000000000000000000e+00
9.890000000000000000e+02 0.000000000000000000e+00
9.880000000000000000e+02 0.000000000000000000e+00
9.870000000000000000e+02 0.000000000000000000e+00
9.860000000000000000e+02 0.000000000000000000e+00
9.850000000000000000e+02 0.000000000000000000e+00
9.840000000000000000e+02 0.000000000000000000e+00
9.830000000000000000e+02 0.000000000000000000e+00
9.820000000000000000e+02 0.000000000000000000e+00
9.810000000000000000e+02 0.000000000000000000e+00
9.800000000000000000e+02 0.000000000000000000e+00
9.790000000000000000e+02 0.000000000000000000e+00
9.780000000000000000e+02 0.000000000000000000e+00
9.770000000000000000e+02 1.000000000000000000e+00
9.760000000000000000e+02 4.000000000000000000e+00
9.750000000000000000e+02 6.000000000000000000e+00
9.740000000000000000e+02 1.900000000000000000e+01
9.730000000000000000e+02 7.200000000000000000e+01
9.720000000000000000e+02 5.050000000000000000e+02
9.710000000000000000e+02 3.532000000000000000e+03
9.700000000000000000e+02 2.478000000000000000e+03
9.690000000000000000e+02 1.549000000000000000e+03
9.680000000000000000e+02 7.670000000000000000e+02
9.670000000000000000e+02 2.810000000000000000e+02
9.660000000000000000e+02 7.900000000000000000e+01
9.650000000000000000e+02 1.070000000000000000e+02
9.640000000000000000e+02 6.600000000000000000e+01
9.630000000000000000e+02 6.600000000000000000e+01
9.620000000000000000e+02 5.500000000000000000e+01
9.610000000000000000e+02 6.500000000000000000e+01
9.600000000000000000e+02 5.000000000000000000e+01
9.590000000000000000e+02 3.200000000000000000e+01
9.580000000000000000e+02 4.900000000000000000e+01
9.570000000000000000e+02 3.900000000000000000e+01
9.560000000000000000e+02 3.100000000000000000e+01
9.550000000000000000e+02 3.200000000000000000e+01
9.540000000000000000e+02 2.200000000000000000e+01
9.530000000000000000e+02 1.700000000000000000e+01
9.520000000000000000e+02 1.300000000000000000e+01
9.510000000000000000e+02 1.300000000000000000e+01
9.500000000000000000e+02 8.000000000000000000e+00
9.490000000000000000e+02 1.200000000000000000e+01
9.480000000000000000e+02 8.000000000000000000e+00
9.470000000000000000e+02 1.200000000000000000e+01
9.460000000000000000e+02 8.000000000000000000e+00
9.450000000000000000e+02 6.000000000000000000e+00
9.440000000000000000e+02 6.000000000000000000e+00
9.430000000000000000e+02 0.000000000000000000e+00
9.420000000000000000e+02 1.000000000000000000e+00
9.410000000000000000e+02 1.000000000000000000e+00
9.400000000000000000e+02 1.000000000000000000e+00
9.390000000000000000e+02 0.000000000000000000e+00
9.380000000000000000e+02 2.000000000000000000e+00
9.370000000000000000e+02 1.000000000000000000e+00
9.360000000000000000e+02 0.000000000000000000e+00
9.350000000000000000e+02 0.000000000000000000e+00
9.340000000000000000e+02 0.000000000000000000e+00
9.330000000000000000e+02 0.000000000000000000e+00
9.320000000000000000e+02 0.000000000000000000e+00
9.310000000000000000e+02 3.000000000000000000e+00
9.300000000000000000e+02 0.000000000000000000e+00
9.290000000000000000e+02 3.000000000000000000e+00
9.280000000000000000e+02 2.000000000000000000e+00
9.270000000000000000e+02 2.000000000000000000e+00
9.260000000000000000e+02 9.000000000000000000e+00
9.250000000000000000e+02 1.100000000000000000e+01
9.240000000000000000e+02 8.000000000000000000e+00
9.230000000000000000e+02 1.900000000000000000e+01
9.220000000000000000e+02 1.800000000000000000e+01
9.210000000000000000e+02 2.300000000000000000e+01
9.200000000000000000e+02 2.600000000000000000e+01
9.190000000000000000e+02 3.200000000000000000e+01
9.180000000000000000e+02 4.100000000000000000e+01
9.170000000000000000e+02 5.500000000000000000e+01
9.160000000000000000e+02 6.300000000000000000e+01
9.150000000000000000e+02 7.100000000000000000e+01
9.140000000000000000e+02 1.090000000000000000e+02
9.130000000000000000e+02 1.300000000000000000e+02
9.120000000000000000e+02 1.140000000000000000e+02
9.110000000000000000e+02 1.480000000000000000e+02
9.100000000000000000e+02 1.210000000000000000e+02
9.090000000000000000e+02 1.840000000000000000e+02
9.080000000000000000e+02 2.310000000000000000e+02
9.070000000000000000e+02 2.210000000000000000e+02
9.060000000000000000e+02 2.130000000000000000e+02
9.050000000000000000e+02 2.570000000000000000e+02
9.040000000000000000e+02 2.580000000000000000e+02
9.030000000000000000e+02 3.240000000000000000e+02
9.020000000000000000e+02 3.920000000000000000e+02
9.010000000000000000e+02 4.020000000000000000e+02
9.000000000000000000e+02 3.960000000000000000e+02
8.990000000000000000e+02 5.390000000000000000e+02
8.980000000000000000e+02 5.860000000000000000e+02
8.970000000000000000e+02 5.880000000000000000e+02
8.960000000000000000e+02 4.260000000000000000e+02
8.950000000000000000e+02 5.500000000000000000e+02
8.940000000000000000e+02 4.650000000000000000e+02
8.930000000000000000e+02 5.310000000000000000e+02
8.920000000000000000e+02 5.370000000000000000e+02
8.910000000000000000e+02 5.370000000000000000e+02
8.900000000000000000e+02 4.450000000000000000e+02
8.890000000000000000e+02 5.440000000000000000e+02
8.880000000000000000e+02 4.980000000000000000e+02
8.870000000000000000e+02 5.110000000000000000e+02
8.860000000000000000e+02 5.020000000000000000e+02
8.850000000000000000e+02 4.760000000000000000e+02
8.840000000000000000e+02 3.800000000000000000e+02
8.830000000000000000e+02 4.230000000000000000e+02
8.820000000000000000e+02 3.870000000000000000e+02
8.810000000000000000e+02 3.360000000000000000e+02
8.800000000000000000e+02 2.780000000000000000e+02
8.790000000000000000e+02 2.740000000000000000e+02
8.780000000000000000e+02 2.910000000000000000e+02
8.770000000000000000e+02 3.590000000000000000e+02
8.760000000000000000e+02 1.950000000000000000e+02
8.750000000000000000e+02 1.660000000000000000e+02
8.740000000000000000e+02 1.610000000000000000e+02
8.730000000000000000e+02 2.050000000000000000e+02
8.720000000000000000e+02 1.220000000000000000e+02
8.710000000000000000e+02 8.900000000000000000e+01
8.700000000000000000e+02 7.900000000000000000e+01
8.690000000000000000e+02 7.200000000000000000e+01
8.680000000000000000e+02 6.100000000000000000e+01
8.670000000000000000e+02 6.500000000000000000e+01
8.660000000000000000e+02 3.700000000000000000e+01
8.650000000000000000e+02 1.700000000000000000e+01
8.640000000000000000e+02 2.200000000000000000e+01
8.630000000000000000e+02 1.700000000000000000e+01
8.620000000000000000e+02 1.600000000000000000e+01
8.610000000000000000e+02 7.000000000000000000e+00
8.600000000000000000e+02 5.000000000000000000e+00
8.590000000000000000e+02 2.000000000000000000e+00
8.580000000000000000e+02 3.000000000000000000e+00
8.570000000000000000e+02 2.000000000000000000e+00
8.560000000000000000e+02 2.000000000000000000e+00
8.550000000000000000e+02 0.000000000000000000e+00
8.540000000000000000e+02 3.000000000000000000e+00
8.530000000000000000e+02 1.000000000000000000e+00
8.520000000000000000e+02 7.000000000000000000e+00
8.510000000000000000e+02 7.000000000000000000e+00
8.500000000000000000e+02 7.000000000000000000e+00
8.490000000000000000e+02 1.500000000000000000e+01
8.480000000000000000e+02 -1.000000000000000000e+00
8.470000000000000000e+02 -1.000000000000000000e+00
8.460000000000000000e+02 -1.000000000000000000e+00
8.450000000000000000e+02 -1.000000000000000000e+00
8.440000000000000000e+02 -1.000000000000000000e+00
8.430000000000000000e+02 -1.000000000000000000e+00
8.420000000000000000e+02 -1.000000000000000000e+00
8.410000000000000000e+02 -1.000000000000000000e+00
8.400000000000000000e+02 -1.000000000000000000e+00
8.390000000000000000e+02 -1.000000000000000000e+00
8.380000000000000000e+02 -1.000000000000000000e+00
8.370000000000000000e+02 -1.000000000000000000e+00
8.360000000000000000e+02 -1.000000000000000000e+00
8.350000000000000000e+02 -1.000000000000000000e+00
8.340000000000000000e+02 -1.000000000000000000e+00
8.330000000000000000e+02 -1.000000000000000000e+00
8.320000000000000000e+02 -1.000000000000000000e+00
8.310000000000000000e+02 1.603800000000000000e+04
8.300000000000000000e+02 1.744900000000000000e+04
8.290000000000000000e+02 1.897600000000000000e+04
8.280000000000000000e+02 1.997400000000000000e+04
8.270000000000000000e+02 1.944700000000000000e+04
8.260000000000000000e+02 2.007300000000000000e+04
8.250000000000000000e+02 2.220500000000000000e+04
8.240000000000000000e+02 2.356400000000000000e+04
8.230000000000000000e+02 2.315500000000000000e+04
8.220000000000000000e+02 2.336400000000000000e+04
8.210000000000000000e+02 2.501100000000000000e+04
8.200000000000000000e+02 2.655400000000000000e+04
8.190000000000000000e+02 2.585200000000000000e+04
8.180000000000000000e+02 2.553900000000000000e+04
8.170000000000000000e+02 2.609400000000000000e+04
8.160000000000000000e+02 2.652300000000000000e+04
8.150000000000000000e+02 2.671200000000000000e+04
8.140000000000000000e+02 2.736200000000000000e+04
8.130000000000000000e+02 2.803200000000000000e+04
8.120000000000000000e+02 2.719100000000000000e+04
8.110000000000000000e+02 2.752000000000000000e+04
8.100000000000000000e+02 2.813100000000000000e+04
8.090000000000000000e+02 2.720400000000000000e+04
8.080000000000000000e+02 2.553100000000000000e+04
8.070000000000000000e+02 2.677000000000000000e+04
8.060000000000000000e+02 2.708900000000000000e+04
8.050000000000000000e+02 2.589800000000000000e+04
8.040000000000000000e+02 2.557400000000000000e+04
8.030000000000000000e+02 2.499200000000000000e+04
8.020000000000000000e+02 2.323100000000000000e+04
8.010000000000000000e+02 2.158600000000000000e+04
8.000000000000000000e+02 2.208300000000000000e+04
7.990000000000000000e+02 2.262100000000000000e+04
7.980000000000000000e+02 2.194600000000000000e+04
7.970000000000000000e+02 1.855400000000000000e+04
7.960000000000000000e+02 1.699200000000000000e+04
7.950000000000000000e+02 1.720500000000000000e+04
7.940000000000000000e+02 1.683100000000000000e+04
7.930000000000000000e+02 1.607600000000000000e+04
7.920000000000000000e+02 1.493300000000000000e+04
7.910000000000000000e+02 1.269400000000000000e+04
7.900000000000000000e+02 1.015200000000000000e+04
7.890000000000000000e+02 9.680000000000000000e+03
7.880000000000000000e+02 9.982000000000000000e+03
7.870000000000000000e+02 8.971000000000000000e+03
7.860000000000000000e+02 7.342000000000000000e+03
7.850000000000000000e+02 6.168000000000000000e+03
7.840000000000000000e+02 5.296000000000000000e+03
7.830000000000000000e+02 4.329000000000000000e+03
7.820000000000000000e+02 3.615000000000000000e+03
7.810000000000000000e+02 3.098000000000000000e+03
7.800000000000000000e+02 2.404000000000000000e+03
7.790000000000000000e+02 1.566000000000000000e+03
7.780000000000000000e+02 1.361000000000000000e+03
7.770000000000000000e+02 1.268000000000000000e+03
7.760000000000000000e+02 9.120000000000000000e+02
7.750000000000000000e+02 9.470000000000000000e+02
7.740000000000000000e+02 9.650000000000000000e+02
7.730000000000000000e+02 1.093000000000000000e+03
7.720000000000000000e+02 1.471000000000000000e+03
7.710000000000000000e+02 2.216000000000000000e+03
7.700000000000000000e+02 2.928000000000000000e+03
7.690000000000000000e+02 3.748000000000000000e+03
7.680000000000000000e+02 4.297000000000000000e+03
7.670000000000000000e+02 5.103000000000000000e+03
7.660000000000000000e+02 5.750000000000000000e+03
7.650000000000000000e+02 7.959000000000000000e+03
7.640000000000000000e+02 1.097300000000000000e+04
7.630000000000000000e+02 1.129500000000000000e+04
7.620000000000000000e+02 1.116600000000000000e+04
7.610000000000000000e+02 1.219200000000000000e+04
7.600000000000000000e+02 1.419600000000000000e+04
7.590000000000000000e+02 1.782900000000000000e+04
7.580000000000000000e+02 2.051300000000000000e+04
7.570000000000000000e+02 2.176000000000000000e+04
7.560000000000000000e+02 2.268300000000000000e+04
7.550000000000000000e+02 2.444500000000000000e+04
7.540000000000000000e+02 2.466200000000000000e+04
7.530000000000000000e+02 2.701800000000000000e+04
7.520000000000000000e+02 2.996200000000000000e+04
7.510000000000000000e+02 3.384500000000000000e+04
7.500000000000000000e+02 3.371700000000000000e+04
7.490000000000000000e+02 3.561100000000000000e+04
7.480000000000000000e+02 3.710500000000000000e+04
7.470000000000000000e+02 3.644900000000000000e+04
7.460000000000000000e+02 3.711700000000000000e+04
7.450000000000000000e+02 4.180700000000000000e+04
7.440000000000000000e+02 4.452100000000000000e+04
7.430000000000000000e+02 4.507600000000000000e+04
7.420000000000000000e+02 4.511700000000000000e+04
7.410000000000000000e+02 4.374500000000000000e+04
7.400000000000000000e+02 4.385000000000000000e+04
7.390000000000000000e+02 4.730600000000000000e+04
7.380000000000000000e+02 4.896800000000000000e+04
7.370000000000000000e+02 4.759700000000000000e+04
7.360000000000000000e+02 4.975500000000000000e+04
7.350000000000000000e+02 4.551900000000000000e+04
7.340000000000000000e+02 4.442600000000000000e+04
7.330000000000000000e+02 4.329200000000000000e+04
7.320000000000000000e+02 4.700600000000000000e+04
7.310000000000000000e+02 4.820800000000000000e+04
7.300000000000000000e+02 4.961500000000000000e+04
7.290000000000000000e+02 4.492200000000000000e+04
7.280000000000000000e+02 4.642700000000000000e+04
7.270000000000000000e+02 4.807100000000000000e+04
7.260000000000000000e+02 4.649600000000000000e+04
7.250000000000000000e+02 4.414400000000000000e+04
7.240000000000000000e+02 4.181900000000000000e+04
7.230000000000000000e+02 4.184000000000000000e+04
7.220000000000000000e+02 4.172900000000000000e+04
7.210000000000000000e+02 3.943900000000000000e+04
7.200000000000000000e+02 3.918300000000000000e+04
7.190000000000000000e+02 3.838200000000000000e+04
7.180000000000000000e+02 3.659000000000000000e+04
7.170000000000000000e+02 2.972700000000000000e+04
7.160000000000000000e+02 2.926800000000000000e+04
7.150000000000000000e+02 3.055100000000000000e+04
7.140000000000000000e+02 3.081000000000000000e+04
7.130000000000000000e+02 3.032800000000000000e+04
7.120000000000000000e+02 2.453500000000000000e+04
7.110000000000000000e+02 2.134600000000000000e+04
7.100000000000000000e+02 2.021900000000000000e+04
7.090000000000000000e+02 1.931700000000000000e+04
7.080000000000000000e+02 1.654900000000000000e+04
7.070000000000000000e+02 1.514600000000000000e+04
7.060000000000000000e+02 1.364300000000000000e+04
7.050000000000000000e+02 1.137500000000000000e+04
7.040000000000000000e+02 8.939000000000000000e+03
7.030000000000000000e+02 7.315000000000000000e+03
7.020000000000000000e+02 6.425000000000000000e+03
7.010000000000000000e+02 4.922000000000000000e+03
7.000000000000000000e+02 3.483000000000000000e+03
6.990000000000000000e+02 2.541000000000000000e+03
6.980000000000000000e+02 1.874000000000000000e+03
6.970000000000000000e+02 1.562000000000000000e+03
6.960000000000000000e+02 1.176000000000000000e+03
6.950000000000000000e+02 9.670000000000000000e+02
6.940000000000000000e+02 1.148000000000000000e+03
6.930000000000000000e+02 1.518000000000000000e+03
6.920000000000000000e+02 2.153000000000000000e+03
6.910000000000000000e+02 3.373000000000000000e+03
6.900000000000000000e+02 4.775000000000000000e+03
6.890000000000000000e+02 5.944000000000000000e+03
6.880000000000000000e+02 7.216000000000000000e+03
6.870000000000000000e+02 9.512000000000000000e+03
6.860000000000000000e+02 1.077600000000000000e+04
6.850000000000000000e+02 1.173200000000000000e+04
6.840000000000000000e+02 1.521400000000000000e+04
6.830000000000000000e+02 1.895600000000000000e+04
6.820000000000000000e+02 2.255200000000000000e+04
6.810000000000000000e+02 2.500000000000000000e+04
6.800000000000000000e+02 2.578800000000000000e+04
6.790000000000000000e+02 2.661600000000000000e+04
6.780000000000000000e+02 2.831500000000000000e+04
6.770000000000000000e+02 3.318600000000000000e+04
6.760000000000000000e+02 3.710800000000000000e+04
6.750000000000000000e+02 3.859000000000000000e+04
6.740000000000000000e+02 4.105900000000000000e+04
6.730000000000000000e+02 4.266100000000000000e+04
6.720000000000000000e+02 4.595400000000000000e+04
6.710000000000000000e+02 4.796900000000000000e+04
6.700000000000000000e+02 4.977800000000000000e+04
6.690000000000000000e+02 5.297000000000000000e+04
6.680000000000000000e+02 5.419700000000000000e+04
6.670000000000000000e+02 5.483200000000000000e+04
6.660000000000000000e+02 5.682200000000000000e+04
6.650000000000000000e+02 5.517400000000000000e+04
6.640000000000000000e+02 5.938000000000000000e+04
6.630000000000000000e+02 6.363600000000000000e+04
6.620000000000000000e+02 6.283000000000000000e+04
6.610000000000000000e+02 6.639500000000000000e+04
6.600000000000000000e+02 6.478500000000000000e+04
6.590000000000000000e+02 6.059400000000000000e+04
6.580000000000000000e+02 6.211500000000000000e+04
6.570000000000000000e+02 6.380900000000000000e+04
6.560000000000000000e+02 6.464400000000000000e+04
6.550000000000000000e+02 6.772700000000000000e+04
6.540000000000000000e+02 6.844200000000000000e+04
6.530000000000000000e+02 6.886200000000000000e+04
6.520000000000000000e+02 6.802300000000000000e+04
6.510000000000000000e+02 6.232600000000000000e+04
6.500000000000000000e+02 6.084800000000000000e+04
6.490000000000000000e+02 6.407000000000000000e+04
6.480000000000000000e+02 6.440900000000000000e+04
6.470000000000000000e+02 6.622500000000000000e+04
6.460000000000000000e+02 6.673800000000000000e+04
6.450000000000000000e+02 6.217900000000000000e+04
6.440000000000000000e+02 5.916600000000000000e+04
6.430000000000000000e+02 5.768700000000000000e+04
6.420000000000000000e+02 5.874400000000000000e+04
6.410000000000000000e+02 5.827200000000000000e+04
6.400000000000000000e+02 5.478500000000000000e+04
6.390000000000000000e+02 5.294600000000000000e+04
6.380000000000000000e+02 5.041900000000000000e+04
6.370000000000000000e+02 4.665500000000000000e+04
6.360000000000000000e+02 -1.000000000000000000e+00
6.350000000000000000e+02 -1.000000000000000000e+00
6.340000000000000000e+02 -1.000000000000000000e+00
6.330000000000000000e+02 -1.000000000000000000e+00
6.320000000000000000e+02 -1.000000000000000000e+00
6.310000000000000000e+02 -1.000000000000000000e+00
6.300000000000000000e+02 -1.000000000000000000e+00
6.290000000000000000e+02 -1.000000000000000000e+00
6.280000000000000000e+02 -1.000000000000000000e+00
6.270000000000000000e+02 -1.000000000000000000e+00
6.260000000000000000e+02 -1.000000000000000000e+00
6.250000000000000000e+02 -1.000000000000000000e+00
6.240000000000000000e+02 -1.000000000000000000e+00
6.230000000000000000e+02 -1.000000000000000000e+00
6.220000000000000000e+02 -1.000000000000000000e+00
6.210000000000000000e+02 -1.000000000000000000e+00
6.200000000000000000e+02 -1.000000000000000000e+00
6.190000000000000000e+02 3.650000000000000000e+03
6.180000000000000000e+02 2.562000000000000000e+03
6.170000000000000000e+02 1.961000000000000000e+03
6.160000000000000000e+02 1.380000000000000000e+03
6.150000000000000000e+02 1.257000000000000000e+03
6.140000000000000000e+02 1.423000000000000000e+03
6.130000000000000000e+02 2.013000000000000000e+03
6.120000000000000000e+02 3.017000000000000000e+03
6.110000000000000000e+02 4.301000000000000000e+03
6.100000000000000000e+02 6.178000000000000000e+03
6.090000000000000000e+02 8.867000000000000000e+03
6.080000000000000000e+02 1.330400000000000000e+04
6.070000000000000000e+02 1.615300000000000000e+04
6.060000000000000000e+02 1.814500000000000000e+04
6.050000000000000000e+02 2.208300000000000000e+04
6.040000000000000000e+02 2.466700000000000000e+04
6.030000000000000000e+02 2.934100000000000000e+04
6.020000000000000000e+02 3.068200000000000000e+04
6.010000000000000000e+02 3.393500000000000000e+04
6.000000000000000000e+02 3.940700000000000000e+04
5.990000000000000000e+02 4.363500000000000000e+04
5.980000000000000000e+02 4.711900000000000000e+04
5.970000000000000000e+02 5.193100000000000000e+04
5.960000000000000000e+02 5.348300000000000000e+04
5.950000000000000000e+02 5.159900000000000000e+04
5.940000000000000000e+02 5.714700000000000000e+04
5.930000000000000000e+02 6.124400000000000000e+04
5.920000000000000000e+02 6.355100000000000000e+04
5.910000000000000000e+02 6.496800000000000000e+04
5.900000000000000000e+02 6.490100000000000000e+04
5.890000000000000000e+02 6.698800000000000000e+04
5.880000000000000000e+02 6.589900000000000000e+04
5.870000000000000000e+02 6.922000000000000000e+04
5.860000000000000000e+02 7.481900000000000000e+04
5.850000000000000000e+02 7.616100000000000000e+04
5.840000000000000000e+02 7.432700000000000000e+04
5.830000000000000000e+02 7.583100000000000000e+04
5.820000000000000000e+02 7.638600000000000000e+04
5.810000000000000000e+02 7.440900000000000000e+04
5.800000000000000000e+02 7.630700000000000000e+04
5.790000000000000000e+02 7.816600000000000000e+04
5.780000000000000000e+02 7.660900000000000000e+04
5.770000000000000000e+02 7.905200000000000000e+04
5.760000000000000000e+02 8.135400000000000000e+04
5.750000000000000000e+02 7.921500000000000000e+04
5.740000000000000000e+02 8.058400000000000000e+04
5.730000000000000000e+02 8.121000000000000000e+04
5.720000000000000000e+02 7.803400000000000000e+04
5.710000000000000000e+02 7.541400000000000000e+04
5.700000000000000000e+02 7.504500000000000000e+04
5.690000000000000000e+02 7.247200000000000000e+04
5.680000000000000000e+02 7.205800000000000000e+04
5.670000000000000000e+02 7.428500000000000000e+04
5.660000000000000000e+02 7.159000000000000000e+04
5.650000000000000000e+02 7.387400000000000000e+04
5.640000000000000000e+02 7.431000000000000000e+04
5.630000000000000000e+02 6.972200000000000000e+04
5.620000000000000000e+02 6.983300000000000000e+04
5.610000000000000000e+02 6.557600000000000000e+04
5.600000000000000000e+02 5.954300000000000000e+04
5.590000000000000000e+02 6.135700000000000000e+04
5.580000000000000000e+02 5.915200000000000000e+04
5.570000000000000000e+02 5.599700000000000000e+04
5.560000000000000000e+02 5.588600000000000000e+04
5.550000000000000000e+02 5.486400000000000000e+04
5.540000000000000000e+02 5.320500000000000000e+04
5.530000000000000000e+02 4.790300000000000000e+04
5.520000000000000000e+02 4.509500000000000000e+04
5.510000000000000000e+02 4.342600000000000000e+04
5.500000000000000000e+02 3.521100000000000000e+04
5.490000000000000000e+02 3.243800000000000000e+04
5.480000000000000000e+02 3.220100000000000000e+04
5.470000000000000000e+02 2.820700000000000000e+04
5.460000000000000000e+02 2.625500000000000000e+04
5.450000000000000000e+02 2.536500000000000000e+04
5.440000000000000000e+02 2.043300000000000000e+04
5.430000000000000000e+02 1.722800000000000000e+04
5.420000000000000000e+02 1.274700000000000000e+04
5.410000000000000000e+02 8.182000000000000000e+03
5.400000000000000000e+02 5.184000000000000000e+03
5.390000000000000000e+02 3.630000000000000000e+03
5.380000000000000000e+02 2.387000000000000000e+03
5.370000000000000000e+02 1.378000000000000000e+03
5.360000000000000000e+02 9.450000000000000000e+02
5.350000000000000000e+02 1.269000000000000000e+03
5.340000000000000000e+02 2.415000000000000000e+03
5.330000000000000000e+02 3.951000000000000000e+03
5.320000000000000000e+02 6.314000000000000000e+03
5.310000000000000000e+02 9.795000000000000000e+03
5.300000000000000000e+02 1.176300000000000000e+04
5.290000000000000000e+02 1.516200000000000000e+04
5.280000000000000000e+02 1.852900000000000000e+04
5.270000000000000000e+02 2.381900000000000000e+04
5.260000000000000000e+02 2.835900000000000000e+04
5.250000000000000000e+02 3.465500000000000000e+04
5.240000000000000000e+02 4.243100000000000000e+04
5.230000000000000000e+02 4.159000000000000000e+04
5.220000000000000000e+02 4.173100000000000000e+04
5.210000000000000000e+02 4.191000000000000000e+04
5.200000000000000000e+02 5.215500000000000000e+04
5.190000000000000000e+02 5.165100000000000000e+04
5.180000000000000000e+02 5.249100000000000000e+04
5.170000000000000000e+02 5.160400000000000000e+04
5.160000000000000000e+02 5.755700000000000000e+04
5.150000000000000000e+02 6.371900000000000000e+04
5.140000000000000000e+02 6.788300000000000000e+04
5.130000000000000000e+02 7.206500000000000000e+04
5.120000000000000000e+02 7.532500000000000000e+04
5.110000000000000000e+02 7.592500000000000000e+04
5.100000000000000000e+02 7.486700000000000000e+04
5.090000000000000000e+02 7.498600000000000000e+04
5.080000000000000000e+02 7.423200000000000000e+04
5.070000000000000000e+02 7.436000000000000000e+04
5.060000000000000000e+02 7.727800000000000000e+04
5.050000000000000000e+02 7.859300000000000000e+04
5.040000000000000000e+02 7.693800000000000000e+04
5.030000000000000000e+02 7.869200000000000000e+04
5.020000000000000000e+02 8.359300000000000000e+04
5.010000000000000000e+02 8.688600000000000000e+04
5.000000000000000000e+02 8.670800000000000000e+04
4.990000000000000000e+02 8.600700000000000000e+04
4.980000000000000000e+02 8.416100000000000000e+04
4.970000000000000000e+02 8.258100000000000000e+04
4.960000000000000000e+02 8.150300000000000000e+04
4.950000000000000000e+02 7.953400000000000000e+04
4.940000000000000000e+02 7.670500000000000000e+04
4.930000000000000000e+02 7.396800000000000000e+04
4.920000000000000000e+02 7.423500000000000000e+04
4.910000000000000000e+02 7.454700000000000000e+04
4.900000000000000000e+02 7.448400000000000000e+04
4.890000000000000000e+02 7.344700000000000000e+04
4.880000000000000000e+02 7.331200000000000000e+04
4.870000000000000000e+02 7.195000000000000000e+04
4.860000000000000000e+02 7.453900000000000000e+04
4.850000000000000000e+02 7.425000000000000000e+04
4.840000000000000000e+02 7.130500000000000000e+04
4.830000000000000000e+02 6.779100000000000000e+04
4.820000000000000000e+02 6.967700000000000000e+04
4.810000000000000000e+02 7.091700000000000000e+04
4.800000000000000000e+02 7.033800000000000000e+04
4.790000000000000000e+02 6.867900000000000000e+04
4.780000000000000000e+02 6.997700000000000000e+04
4.770000000000000000e+02 6.919600000000000000e+04
4.760000000000000000e+02 7.039500000000000000e+04
4.750000000000000000e+02 7.061300000000000000e+04
4.740000000000000000e+02 7.287300000000000000e+04
4.730000000000000000e+02 7.412100000000000000e+04
4.720000000000000000e+02 7.319800000000000000e+04
4.710000000000000000e+02 7.339000000000000000e+04
4.700000000000000000e+02 7.182600000000000000e+04
4.690000000000000000e+02 6.971000000000000000e+04
4.680000000000000000e+02 6.958400000000000000e+04
4.670000000000000000e+02 6.983400000000000000e+04
4.660000000000000000e+02 6.905600000000000000e+04
4.650000000000000000e+02 6.764200000000000000e+04
4.640000000000000000e+02 6.716800000000000000e+04
4.630000000000000000e+02 6.992500000000000000e+04
4.620000000000000000e+02 7.289500000000000000e+04
4.610000000000000000e+02 6.970400000000000000e+04
4.600000000000000000e+02 6.872300000000000000e+04
4.590000000000000000e+02 6.738800000000000000e+04
4.580000000000000000e+02 6.529400000000000000e+04
4.570000000000000000e+02 6.170900000000000000e+04
4.560000000000000000e+02 5.612800000000000000e+04
4.550000000000000000e+02 5.370900000000000000e+04
4.540000000000000000e+02 5.231600000000000000e+04
4.530000000000000000e+02 5.185300000000000000e+04
4.520000000000000000e+02 4.867600000000000000e+04
4.510000000000000000e+02 4.786400000000000000e+04
4.500000000000000000e+02 4.857200000000000000e+04
4.490000000000000000e+02 4.584900000000000000e+04
4.480000000000000000e+02 4.338100000000000000e+04
4.470000000000000000e+02 3.979000000000000000e+04
4.460000000000000000e+02 3.484000000000000000e+04
4.450000000000000000e+02 3.348300000000000000e+04
4.440000000000000000e+02 3.154100000000000000e+04
4.430000000000000000e+02 2.789700000000000000e+04
4.420000000000000000e+02 2.426800000000000000e+04
4.410000000000000000e+02 1.808100000000000000e+04
4.400000000000000000e+02 1.197700000000000000e+04
4.390000000000000000e+02 9.051000000000000000e+03
4.380000000000000000e+02 1.008300000000000000e+04
4.370000000000000000e+02 1.330200000000000000e+04
4.360000000000000000e+02 1.432700000000000000e+04
4.350000000000000000e+02 1.214900000000000000e+04
4.340000000000000000e+02 1.539700000000000000e+04
4.330000000000000000e+02 2.268900000000000000e+04
4.320000000000000000e+02 3.414800000000000000e+04
4.310000000000000000e+02 4.550100000000000000e+04
4.300000000000000000e+02 5.531500000000000000e+04
4.290000000000000000e+02 6.266200000000000000e+04
4.280000000000000000e+02 6.822200000000000000e+04
4.270000000000000000e+02 7.452700000000000000e+04
4.260000000000000000e+02 7.666900000000000000e+04
4.250000000000000000e+02 7.500500000000000000e+04
4.240000000000000000e+02 -1.000000000000000000e+00
4.230000000000000000e+02 -1.000000000000000000e+00
4.220000000000000000e+02 -1.000000000000000000e+00
4.210000000000000000e+02 -1.000000000000000000e+00
4.200000000000000000e+02 -1.000000000000000000e+00
4.190000000000000000e+02 -1.000000000000000000e+00
4.180000000000000000e+02 -1.000000000000000000e+00
4.170000000000000000e+02 -1.000000000000000000e+00
4.160000000000000000e+02 -1.000000000000000000e+00
4.150000000000000000e+02 -1.000000000000000000e+00
4.140000000000000000e+02 -1.000000000000000000e+00
4.130000000000000000e+02 -1.000000000000000000e+00
4.120000000000000000e+02 -1.000000000000000000e+00
4.110000000000000000e+02 -1.000000000000000000e+00
4.100000000000000000e+02 -1.000000000000000000e+00
4.090000000000000000e+02 -1.000000000000000000e+00
4.080000000000000000e+02 -1.000000000000000000e+00
4.070000000000000000e+02 6.046100000000000000e+04
4.060000000000000000e+02 6.028100000000000000e+04
4.050000000000000000e+02 5.893700000000000000e+04
4.040000000000000000e+02 5.817800000000000000e+04
4.030000000000000000e+02 5.574100000000000000e+04
4.020000000000000000e+02 5.257000000000000000e+04
4.010000000000000000e+02 4.854800000000000000e+04
4.000000000000000000e+02 4.259800000000000000e+04
3.990000000000000000e+02 3.764900000000000000e+04
3.980000000000000000e+02 3.431000000000000000e+04
3.970000000000000000e+02 2.911400000000000000e+04
3.960000000000000000e+02 2.291200000000000000e+04
3.950000000000000000e+02 1.956400000000000000e+04
3.940000000000000000e+02 1.751800000000000000e+04
3.930000000000000000e+02 1.808600000000000000e+04
3.920000000000000000e+02 2.065000000000000000e+04
3.910000000000000000e+02 2.561500000000000000e+04
3.900000000000000000e+02 2.951500000000000000e+04
3.890000000000000000e+02 3.243900000000000000e+04
3.880000000000000000e+02 3.350000000000000000e+04
3.870000000000000000e+02 3.661600000000000000e+04
3.860000000000000000e+02 3.894400000000000000e+04
3.850000000000000000e+02 4.244400000000000000e+04
3.840000000000000000e+02 4.545500000000000000e+04
3.830000000000000000e+02 4.790100000000000000e+04
3.820000000000000000e+02 5.031000000000000000e+04
3.810000000000000000e+02 5.191500000000000000e+04
3.800000000000000000e+02 5.182200000000000000e+04
3.790000000000000000e+02 5.395200000000000000e+04
3.780000000000000000e+02 5.715300000000000000e+04
3.770000000000000000e+02 6.161100000000000000e+04
3.760000000000000000e+02 6.539400000000000000e+04
3.750000000000000000e+02 6.826200000000000000e+04
3.740000000000000000e+02 7.446700000000000000e+04
3.730000000000000000e+02 8.240900000000000000e+04
3.720000000000000000e+02 8.818400000000000000e+04
3.710000000000000000e+02 9.233200000000000000e+04
3.700000000000000000e+02 1.005910000000000000e+05
3.690000000000000000e+02 1.059550000000000000e+05
3.680000000000000000e+02 1.141040000000000000e+05
3.670000000000000000e+02 1.151070000000000000e+05
3.660000000000000000e+02 1.174030000000000000e+05
3.650000000000000000e+02 1.192020000000000000e+05
3.640000000000000000e+02 1.196900000000000000e+05
3.630000000000000000e+02 1.197780000000000000e+05
3.620000000000000000e+02 1.192570000000000000e+05
3.610000000000000000e+02 1.208650000000000000e+05
3.600000000000000000e+02 1.199280000000000000e+05
3.590000000000000000e+02 1.170830000000000000e+05
3.580000000000000000e+02 1.174380000000000000e+05
3.570000000000000000e+02 1.161530000000000000e+05
3.560000000000000000e+02 1.162410000000000000e+05
3.550000000000000000e+02 1.120370000000000000e+05
3.540000000000000000e+02 1.071450000000000000e+05
3.530000000000000000e+02 1.032450000000000000e+05
3.520000000000000000e+02 9.916800000000000000e+04
3.510000000000000000e+02 9.612400000000000000e+04
3.500000000000000000e+02 8.576200000000000000e+04
3.490000000000000000e+02 8.249700000000000000e+04
3.480000000000000000e+02 7.534000000000000000e+04
3.470000000000000000e+02 7.249500000000000000e+04
3.460000000000000000e+02 7.362900000000000000e+04
3.450000000000000000e+02 7.694700000000000000e+04
3.440000000000000000e+02 7.812000000000000000e+04
3.430000000000000000e+02 7.879200000000000000e+04
3.420000000000000000e+02 7.936000000000000000e+04
3.410000000000000000e+02 8.077900000000000000e+04
3.400000000000000000e+02 8.173900000000000000e+04
3.390000000000000000e+02 7.937700000000000000e+04
3.380000000000000000e+02 7.942800000000000000e+04
3.370000000000000000e+02 7.860000000000000000e+04
3.360000000000000000e+02 7.846500000000000000e+04
3.350000000000000000e+02 7.823000000000000000e+04
3.340000000000000000e+02 7.848500000000000000e+04
3.330000000000000000e+02 7.660100000000000000e+04
3.320000000000000000e+02 7.614600000000000000e+04
3.310000000000000000e+02 7.411800000000000000e+04
3.300000000000000000e+02 7.550800000000000000e+04
3.290000000000000000e+02 7.217400000000000000e+04
3.280000000000000000e+02 6.994100000000000000e+04
3.270000000000000000e+02 6.802000000000000000e+04
3.260000000000000000e+02 6.646000000000000000e+04
3.250000000000000000e+02 6.525600000000000000e+04
3.240000000000000000e+02 6.352500000000000000e+04
3.230000000000000000e+02 6.226900000000000000e+04
3.220000000000000000e+02 6.115000000000000000e+04
3.210000000000000000e+02 5.991700000000000000e+04
3.200000000000000000e+02 5.817000000000000000e+04
3.190000000000000000e+02 5.649200000000000000e+04
3.180000000000000000e+02 5.500100000000000000e+04
3.170000000000000000e+02 5.391400000000000000e+04
3.160000000000000000e+02 5.273700000000000000e+04
3.150000000000000000e+02 5.160900000000000000e+04
3.140000000000000000e+02 5.126600000000000000e+04
3.130000000000000000e+02 5.061700000000000000e+04
3.120000000000000000e+02 4.919800000000000000e+04
3.110000000000000000e+02 3.761100000000000000e+04
3.100000000000000000e+02 3.689900000000000000e+04
3.090000000000000000e+02 3.622500000000000000e+04
3.080000000000000000e+02 4.537400000000000000e+04
3.070000000000000000e+02 4.436900000000000000e+04
3.060000000000000000e+02 4.323600000000000000e+04
3.050000000000000000e+02 4.227700000000000000e+04
3.040000000000000000e+02 4.073300000000000000e+04
3.030000000000000000e+02 3.983800000000000000e+04
3.020000000000000000e+02 3.852400000000000000e+04
3.010000000000000000e+02 3.724200000000000000e+04
3.000000000000000000e+02 3.595000000000000000e+04
2.990000000000000000e+02 3.494400000000000000e+04
2.980000000000000000e+02 3.361900000000000000e+04
2.970000000000000000e+02 3.271200000000000000e+04
2.960000000000000000e+02 3.146200000000000000e+04
2.950000000000000000e+02 2.991700000000000000e+04
2.940000000000000000e+02 2.781600000000000000e+04
2.930000000000000000e+02 2.633900000000000000e+04
2.920000000000000000e+02 2.472900000000000000e+04
2.910000000000000000e+02 2.233200000000000000e+04
2.900000000000000000e+02 2.049300000000000000e+04
2.890000000000000000e+02 1.857200000000000000e+04
2.880000000000000000e+02 1.630100000000000000e+04
2.870000000000000000e+02 1.400200000000000000e+04
2.860000000000000000e+02 1.212600000000000000e+04
2.850000000000000000e+02 9.773000000000000000e+03
2.840000000000000000e+02 8.007000000000000000e+03
2.830000000000000000e+02 6.198000000000000000e+03
2.820000000000000000e+02 3.917000000000000000e+03
2.810000000000000000e+02 2.210000000000000000e+03
2.800000000000000000e+02 1.233000000000000000e+03
2.790000000000000000e+02 8.580000000000000000e+02
2.780000000000000000e+02 7.270000000000000000e+02
2.770000000000000000e+02 6.450000000000000000e+02
2.760000000000000000e+02 6.930000000000000000e+02
2.750000000000000000e+02 6.450000000000000000e+02
2.740000000000000000e+02 6.780000000000000000e+02
2.730000000000000000e+02 6.680000000000000000e+02
2.720000000000000000e+02 7.230000000000000000e+02
2.710000000000000000e+02 7.590000000000000000e+02
2.700000000000000000e+02 7.810000000000000000e+02
2.690000000000000000e+02 7.510000000000000000e+02
2.680000000000000000e+02 8.060000000000000000e+02
2.670000000000000000e+02 7.910000000000000000e+02
2.660000000000000000e+02 8.330000000000000000e+02
2.650000000000000000e+02 8.540000000000000000e+02
2.640000000000000000e+02 8.790000000000000000e+02
2.630000000000000000e+02 8.430000000000000000e+02
2.620000000000000000e+02 8.200000000000000000e+02
2.610000000000000000e+02 8.370000000000000000e+02
2.600000000000000000e+02 8.490000000000000000e+02
2.590000000000000000e+02 8.420000000000000000e+02
2.580000000000000000e+02 8.560000000000000000e+02
2.570000000000000000e+02 8.430000000000000000e+02
2.560000000000000000e+02 8.780000000000000000e+02
2.550000000000000000e+02 8.460000000000000000e+02
2.540000000000000000e+02 7.890000000000000000e+02
2.530000000000000000e+02 7.310000000000000000e+02
2.520000000000000000e+02 7.120000000000000000e+02
2.510000000000000000e+02 7.470000000000000000e+02
2.500000000000000000e+02 6.930000000000000000e+02
2.490000000000000000e+02 6.610000000000000000e+02
2.480000000000000000e+02 5.560000000000000000e+02
2.470000000000000000e+02 5.560000000000000000e+02
2.460000000000000000e+02 5.490000000000000000e+02
2.450000000000000000e+02 5.240000000000000000e+02
2.440000000000000000e+02 5.100000000000000000e+02
2.430000000000000000e+02 4.940000000000000000e+02
2.420000000000000000e+02 5.030000000000000000e+02
2.410000000000000000e+02 4.880000000000000000e+02
2.400000000000000000e+02 4.950000000000000000e+02
2.390000000000000000e+02 5.650000000000000000e+02
2.380000000000000000e+02 5.250000000000000000e+02
2.370000000000000000e+02 5.610000000000000000e+02
2.360000000000000000e+02 5.870000000000000000e+02
2.350000000000000000e+02 7.050000000000000000e+02
2.340000000000000000e+02 7.870000000000000000e+02
2.330000000000000000e+02 9.270000000000000000e+02
2.320000000000000000e+02 1.263000000000000000e+03
2.310000000000000000e+02 1.447000000000000000e+03
2.300000000000000000e+02 1.381000000000000000e+03
2.290000000000000000e+02 1.465000000000000000e+03
2.280000000000000000e+02 1.716000000000000000e+03
2.270000000000000000e+02 1.925000000000000000e+03
2.260000000000000000e+02 2.126000000000000000e+03
2.250000000000000000e+02 2.577000000000000000e+03
2.240000000000000000e+02 3.161000000000000000e+03
2.230000000000000000e+02 3.447000000000000000e+03
2.220000000000000000e+02 3.705000000000000000e+03
2.210000000000000000e+02 4.317000000000000000e+03
2.200000000000000000e+02 5.055000000000000000e+03
2.190000000000000000e+02 6.238000000000000000e+03
2.180000000000000000e+02 7.507000000000000000e+03
2.170000000000000000e+02 9.426000000000000000e+03
2.160000000000000000e+02 1.109000000000000000e+04
2.150000000000000000e+02 1.163000000000000000e+04
2.140000000000000000e+02 1.175600000000000000e+04
2.130000000000000000e+02 1.206500000000000000e+04
2.120000000000000000e+02 -1.000000000000000000e+00
2.110000000000000000e+02 -1.000000000000000000e+00
2.100000000000000000e+02 -1.000000000000000000e+00
2.090000000000000000e+02 -1.000000000000000000e+00
2.080000000000000000e+02 -1.000000000000000000e+00
2.070000000000000000e+02 -1.000000000000000000e+00
2.060000000000000000e+02 -1.000000000000000000e+00
2.050000000000000000e+02 -1.000000000000000000e+00
2.040000000000000000e+02 -1.000000000000000000e+00
2.030000000000000000e+02 -1.000000000000000000e+00
2.020000000000000000e+02 -1.000000000000000000e+00
2.010000000000000000e+02 -1.000000000000000000e+00
2.000000000000000000e+02 -1.000000000000000000e+00
1.990000000000000000e+02 -1.000000000000000000e+00
1.980000000000000000e+02 -1.000000000000000000e+00
1.970000000000000000e+02 -1.000000000000000000e+00
1.960000000000000000e+02 -1.000000000000000000e+00
1.950000000000000000e+02 1.261700000000000000e+04
1.940000000000000000e+02 1.293000000000000000e+04
1.930000000000000000e+02 1.361600000000000000e+04
1.920000000000000000e+02 1.426600000000000000e+04
1.910000000000000000e+02 1.496500000000000000e+04
1.900000000000000000e+02 1.678300000000000000e+04
1.890000000000000000e+02 1.840400000000000000e+04
1.880000000000000000e+02 2.007000000000000000e+04
1.870000000000000000e+02 2.015000000000000000e+04
1.860000000000000000e+02 2.130900000000000000e+04
1.850000000000000000e+02 2.175000000000000000e+04
1.840000000000000000e+02 2.250400000000000000e+04
1.830000000000000000e+02 2.348100000000000000e+04
1.820000000000000000e+02 2.353100000000000000e+04
1.810000000000000000e+02 2.388800000000000000e+04
1.800000000000000000e+02 2.511000000000000000e+04
1.790000000000000000e+02 2.589800000000000000e+04
1.780000000000000000e+02 2.488100000000000000e+04
1.770000000000000000e+02 2.243900000000000000e+04
1.760000000000000000e+02 2.247500000000000000e+04
1.750000000000000000e+02 2.179200000000000000e+04
1.740000000000000000e+02 2.251600000000000000e+04
1.730000000000000000e+02 2.231500000000000000e+04
1.720000000000000000e+02 2.287900000000000000e+04
1.710000000000000000e+02 2.319500000000000000e+04
1.700000000000000000e+02 2.325900000000000000e+04
1.690000000000000000e+02 2.280200000000000000e+04
1.680000000000000000e+02 2.275700000000000000e+04
1.670000000000000000e+02 2.254300000000000000e+04
1.660000000000000000e+02 2.346800000000000000e+04
1.650000000000000000e+02 2.401400000000000000e+04
1.640000000000000000e+02 2.482100000000000000e+04
1.630000000000000000e+02 2.587100000000000000e+04
1.620000000000000000e+02 2.695700000000000000e+04
1.610000000000000000e+02 2.638200000000000000e+04
1.600000000000000000e+02 2.564100000000000000e+04
1.590000000000000000e+02 2.548800000000000000e+04
1.580000000000000000e+02 2.608400000000000000e+04
1.570000000000000000e+02 2.753700000000000000e+04
1.560000000000000000e+02 2.887500000000000000e+04
1.550000000000000000e+02 3.030500000000000000e+04
1.540000000000000000e+02 2.978600000000000000e+04
1.530000000000000000e+02 3.125100000000000000e+04
1.520000000000000000e+02 3.145400000000000000e+04
1.510000000000000000e+02 3.162300000000000000e+04
1.500000000000000000e+02 3.118900000000000000e+04
1.490000000000000000e+02 3.138500000000000000e+04
1.480000000000000000e+02 3.168300000000000000e+04
1.470000000000000000e+02 3.258600000000000000e+04
1.460000000000000000e+02 3.281300000000000000e+04
1.450000000000000000e+02 3.391100000000000000e+04
1.440000000000000000e+02 3.458100000000000000e+04
1.430000000000000000e+02 3.600500000000000000e+04
1.420000000000000000e+02 3.971300000000000000e+04
1.410000000000000000e+02 4.173700000000000000e+04
1.400000000000000000e+02 4.044800000000000000e+04
1.390000000000000000e+02 3.869000000000000000e+04
1.380000000000000000e+02 3.792300000000000000e+04
1.370000000000000000e+02 3.865500000000000000e+04
1.360000000000000000e+02 3.901100000000000000e+04
1.350000000000000000e+02 4.006900000000000000e+04
1.340000000000000000e+02 3.956400000000000000e+04
1.330000000000000000e+02 3.939000000000000000e+04
1.320000000000000000e+02 4.017800000000000000e+04
1.310000000000000000e+02 4.111600000000000000e+04
1.300000000000000000e+02 4.229600000000000000e+04
1.290000000000000000e+02 4.264900000000000000e+04
1.280000000000000000e+02 4.263100000000000000e+04
1.270000000000000000e+02 4.303600000000000000e+04
1.260000000000000000e+02 4.420400000000000000e+04
1.250000000000000000e+02 4.551000000000000000e+04
1.240000000000000000e+02 4.447900000000000000e+04
1.230000000000000000e+02 4.430300000000000000e+04
1.220000000000000000e+02 4.417200000000000000e+04
1.210000000000000000e+02 4.212200000000000000e+04
1.200000000000000000e+02 3.990400000000000000e+04
1.190000000000000000e+02 3.753000000000000000e+04
1.180000000000000000e+02 3.734700000000000000e+04
1.170000000000000000e+02 3.642400000000000000e+04
1.160000000000000000e+02 3.655000000000000000e+04
1.150000000000000000e+02 3.559900000000000000e+04
1.140000000000000000e+02 3.464600000000000000e+04
1.130000000000000000e+02 3.495000000000000000e+04
1.120000000000000000e+02 3.556300000000000000e+04
1.110000000000000000e+02 3.377800000000000000e+04
1.100000000000000000e+02 3.238000000000000000e+04
1.090000000000000000e+02 3.126900000000000000e+04
1.080000000000000000e+02 3.116900000000000000e+04
1.070000000000000000e+02 2.931900000000000000e+04
1.060000000000000000e+02 2.806300000000000000e+04
1.050000000000000000e+02 2.763600000000000000e+04
1.040000000000000000e+02 2.709000000000000000e+04
1.030000000000000000e+02 2.726400000000000000e+04
1.020000000000000000e+02 2.529800000000000000e+04
1.010000000000000000e+02 2.459300000000000000e+04
1.000000000000000000e+02 2.439300000000000000e+04
9.900000000000000000e+01 2.184600000000000000e+04
9.800000000000000000e+01 2.115800000000000000e+04
9.700000000000000000e+01 2.049200000000000000e+04
9.600000000000000000e+01 2.482800000000000000e+04
9.500000000000000000e+01 2.495400000000000000e+04
9.400000000000000000e+01 2.289700000000000000e+04
9.300000000000000000e+01 2.127100000000000000e+04
9.200000000000000000e+01 2.007500000000000000e+04
9.100000000000000000e+01 1.854100000000000000e+04
9.000000000000000000e+01 1.806000000000000000e+04
8.900000000000000000e+01 1.765600000000000000e+04
8.800000000000000000e+01 1.666900000000000000e+04
8.700000000000000000e+01 1.586000000000000000e+04
8.600000000000000000e+01 1.783100000000000000e+04
8.500000000000000000e+01 2.026500000000000000e+04
8.400000000000000000e+01 2.172700000000000000e+04
8.300000000000000000e+01 2.257700000000000000e+04
8.200000000000000000e+01 2.237600000000000000e+04
8.100000000000000000e+01 2.168500000000000000e+04
8.000000000000000000e+01 1.927800000000000000e+04
7.900000000000000000e+01 1.574200000000000000e+04
7.800000000000000000e+01 1.170800000000000000e+04
7.700000000000000000e+01 1.003300000000000000e+04
7.600000000000000000e+01 9.032000000000000000e+03
7.500000000000000000e+01 1.008600000000000000e+04
7.400000000000000000e+01 1.108600000000000000e+04
7.300000000000000000e+01 8.897000000000000000e+03
7.200000000000000000e+01 6.992000000000000000e+03
7.100000000000000000e+01 7.627000000000000000e+03
7.000000000000000000e+01 9.265000000000000000e+03
6.900000000000000000e+01 1.023700000000000000e+04
6.800000000000000000e+01 1.106000000000000000e+04
6.700000000000000000e+01 1.106700000000000000e+04
6.600000000000000000e+01 9.383000000000000000e+03
6.500000000000000000e+01 6.533000000000000000e+03
6.400000000000000000e+01 4.829000000000000000e+03
6.300000000000000000e+01 3.814000000000000000e+03
6.200000000000000000e+01 2.267000000000000000e+03
6.100000000000000000e+01 1.390000000000000000e+03
6.000000000000000000e+01 1.185000000000000000e+03
5.900000000000000000e+01 1.136000000000000000e+03
5.800000000000000000e+01 1.109000000000000000e+03
5.700000000000000000e+01 1.163000000000000000e+03
5.600000000000000000e+01 1.315000000000000000e+03
5.500000000000000000e+01 1.005000000000000000e+03
5.400000000000000000e+01 8.470000000000000000e+02
5.300000000000000000e+01 4.820000000000000000e+02
5.200000000000000000e+01 2.280000000000000000e+02
5.100000000000000000e+01 1.190000000000000000e+02
5.000000000000000000e+01 1.040000000000000000e+02
4.900000000000000000e+01 1.300000000000000000e+02
4.800000000000000000e+01 1.780000000000000000e+02
4.700000000000000000e+01 2.170000000000000000e+02
4.600000000000000000e+01 2.790000000000000000e+02
4.500000000000000000e+01 3.710000000000000000e+02
4.400000000000000000e+01 7.240000000000000000e+02
4.300000000000000000e+01 1.378000000000000000e+03
4.200000000000000000e+01 1.481000000000000000e+03
4.100000000000000000e+01 1.603000000000000000e+03
4.000000000000000000e+01 2.833000000000000000e+03
3.900000000000000000e+01 3.017000000000000000e+03
3.800000000000000000e+01 2.204000000000000000e+03
3.700000000000000000e+01 1.855000000000000000e+03
3.600000000000000000e+01 1.431000000000000000e+03
3.500000000000000000e+01 1.801000000000000000e+03
3.400000000000000000e+01 2.380000000000000000e+03
3.300000000000000000e+01 2.814000000000000000e+03
3.200000000000000000e+01 3.284000000000000000e+03
3.100000000000000000e+01 5.201000000000000000e+03
3.000000000000000000e+01 4.749000000000000000e+03
2.900000000000000000e+01 3.727000000000000000e+03
2.800000000000000000e+01 3.041000000000000000e+03
2.700000000000000000e+01 2.989000000000000000e+03
2.600000000000000000e+01 2.966000000000000000e+03
2.500000000000000000e+01 3.707000000000000000e+03
2.400000000000000000e+01 4.116000000000000000e+03
2.300000000000000000e+01 4.508000000000000000e+03
2.200000000000000000e+01 7.665000000000000000e+03
2.100000000000000000e+01 6.367000000000000000e+03
2.000000000000000000e+01 3.308000000000000000e+03
1.900000000000000000e+01 3.226000000000000000e+03
1.800000000000000000e+01 3.966000000000000000e+03
1.700000000000000000e+01 6.164000000000000000e+03
1.600000000000000000e+01 4.383000000000000000e+03
1.500000000000000000e+01 3.614000000000000000e+03
1.400000000000000000e+01 4.710000000000000000e+03
1.300000000000000000e+01 7.034000000000000000e+03
1.200000000000000000e+01 6.752000000000000000e+03
1.100000000000000000e+01 5.267000000000000000e+03
1.000000000000000000e+01 4.808000000000000000e+03
9.000000000000000000e+00 4.014000000000000000e+03
8.000000000000000000e+00 4.924000000000000000e+03
7.000000000000000000e+00 2.994000000000000000e+03
6.000000000000000000e+00 2.040000000000000000e+03
5.000000000000000000e+00 2.821000000000000000e+03
4.000000000000000000e+00 3.551000000000000000e+03
3.000000000000000000e+00 5.200000000000000000e+03
2.000000000000000000e+00 5.815000000000000000e+03
1.000000000000000000e+00 3.591000000000000000e+03
